0.000000000000000000e+00 6.549734624594497623e-01 8.436030498552629098e-01 2.502311419015119665e-01 5.090853843105234144e-01 8.645011824984990545e-01 2.863659502111619570e-01 6.042405402135667680e-01 3.598016204958874864e-01 2.263662344594290499e-01
6.549734624594497623e-01 0.000000000000000000e+00 1.311131339575283272e-01 9.592560044196114521e-01 5.139336117469917031e-02 3.975026357702861057e-01 3.782828510096301056e-01 2.785054222448345440e-01 7.773190122612217978e-01 4.075702859399800149e-01
8.436030498552629098e-01 1.311131339575283272e-01 0.000000000000000000e+00 7.936182258763245789e-01 3.004651112543916813e-01 6.538483731709254787e-01 8.508811307892270026e-01 6.226804788118850409e-01 7.246015727789487659e-01 6.503317184072417989e-01
2.502311419015119665e-01 9.592560044196114521e-01 7.936182258763245789e-01 0.000000000000000000e+00 3.278909390086357512e-01 6.367702601879527968e-01 9.960739959276364575e-01 3.448256879059172775e-01 9.562821036892359405e-01 5.457468061521810743e-01
5.090853843105234144e-01 5.139336117469917031e-02 3.004651112543916813e-01 3.278909390086357512e-01 0.000000000000000000e+00 8.762298941550412668e-01 2.211800501434657562e-01 2.771624949874325061e-01 6.338805808254077689e-02 9.864404452685138214e-02
8.645011824984990545e-01 3.975026357702861057e-01 6.538483731709254787e-01 6.367702601879527968e-01 8.762298941550412668e-01 0.000000000000000000e+00 1.828062864178434666e-01 6.216313616479274273e-01 5.288086897190826807e-01 2.976399059630232546e-01
2.863659502111619570e-01 3.782828510096301056e-01 8.508811307892270026e-01 9.960739959276364575e-01 2.211800501434657562e-01 1.828062864178434666e-01 0.000000000000000000e+00 2.709576658724232034e-01 7.268976183790017975e-01 6.305549954327801521e-01
6.042405402135667680e-01 2.785054222448345440e-01 6.226804788118850409e-01 3.448256879059172775e-01 2.771624949874325061e-01 6.216313616479274273e-01 2.709576658724232034e-01 0.000000000000000000e+00 8.803627203393430412e-01 3.470320718016617345e-01
3.598016204958874864e-01 7.773190122612217978e-01 7.246015727789487659e-01 9.562821036892359405e-01 6.338805808254077689e-02 5.288086897190826807e-01 7.268976183790017975e-01 8.803627203393430412e-01 0.000000000000000000e+00 7.000645586114173646e-01
2.263662344594290499e-01 4.075702859399800149e-01 6.503317184072417989e-01 5.457468061521810743e-01 9.864404452685138214e-02 2.976399059630232546e-01 6.305549954327801521e-01 3.470320718016617345e-01 7.000645586114173646e-01 0.000000000000000000e+00
