0.000000000000000000e+00 7.346290196629571279e-01 4.867741010512235400e-01 3.942833157327992888e-01 1.878352015237921835e-01 1.233977635203399315e-01 1.357870293846854537e-01 8.037266127006167382e-01 5.891494760852556967e-01 2.108444765086333605e-01
7.346290196629571279e-01 0.000000000000000000e+00 9.890636640023532378e-01 6.809589621903848755e-01 4.437422964780790569e-02 5.901817683928513025e-01 1.418597196699975527e-01 8.439673753603886830e-01 2.425647577151213152e-01 9.327289585315483578e-01
4.867741010512235400e-01 9.890636640023532378e-01 0.000000000000000000e+00 2.501255262244085342e-01 1.266265090596152554e-02 9.419032598768273257e-02 6.615583388504773232e-01 9.468140715094186532e-02 4.014129800091370548e-01 2.006581525665123156e-01
3.942833157327992888e-01 6.809589621903848755e-01 2.501255262244085342e-01 0.000000000000000000e+00 5.100188059076464775e-01 6.281569943032183634e-01 1.358455540006012763e-01 8.075233593790240860e-01 6.545311229456555191e-01 9.906196178922416218e-01
1.878352015237921835e-01 4.437422964780790569e-02 1.266265090596152554e-02 5.100188059076464775e-01 0.000000000000000000e+00 8.059650933028233988e-01 5.692149278331801732e-01 7.020042400292896279e-01 9.726151965792952936e-01 4.459988180723901685e-01
1.233977635203399315e-01 5.901817683928513025e-01 9.419032598768273257e-02 6.281569943032183634e-01 8.059650933028233988e-01 0.000000000000000000e+00 7.378829515149744056e-01 5.275962196397101511e-01 7.549331551228574133e-01 3.220840102838385954e-01
1.357870293846854537e-01 1.418597196699975527e-01 6.615583388504773232e-01 1.358455540006012763e-01 5.692149278331801732e-01 7.378829515149744056e-01 0.000000000000000000e+00 9.422583435665317086e-01 3.226370352973877420e-01 2.823527035285059439e-01
8.037266127006167382e-01 8.439673753603886830e-01 9.468140715094186532e-02 8.075233593790240860e-01 7.020042400292896279e-01 5.275962196397101511e-01 9.422583435665317086e-01 0.000000000000000000e+00 4.655112180545444289e-01 7.512289269244929457e-01
5.891494760852556967e-01 2.425647577151213152e-01 4.014129800091370548e-01 6.545311229456555191e-01 9.726151965792952936e-01 7.549331551228574133e-01 3.226370352973877420e-01 4.655112180545444289e-01 0.000000000000000000e+00 3.403009910744515532e-01
2.108444765086333605e-01 9.327289585315483578e-01 2.006581525665123156e-01 9.906196178922416218e-01 4.459988180723901685e-01 3.220840102838385954e-01 2.823527035285059439e-01 7.512289269244929457e-01 3.403009910744515532e-01 0.000000000000000000e+00
