0.000000000000000000e+00 8.272128302479232476e-01 2.331984847975259179e-01 5.563436356761840562e-01 1.690722341164774267e-02 4.691480714933297103e-01 5.706869017032729641e-01 8.388601643770523530e-01 5.852556953808663032e-02 4.381897420150462352e-01
8.272128302479232476e-01 0.000000000000000000e+00 2.778056402201480868e-01 1.478372094261569680e-01 8.154140581084536876e-01 9.072116376915699831e-01 1.862285222681316910e-01 6.614795763112893967e-01 4.226141453179009799e-01 3.421082702774891349e-01
2.331984847975259179e-01 2.778056402201480868e-01 0.000000000000000000e+00 4.460663022163413594e-01 5.242133972793064922e-01 1.647958301890554145e-01 1.131086404977654780e-01 1.034682644829276743e-02 6.267095195889826886e-01 5.115746119891273480e-02
5.563436356761840562e-01 1.478372094261569680e-01 4.460663022163413594e-01 0.000000000000000000e+00 4.733313606095224113e-02 1.275910036558403071e-02 8.116520929031213472e-01 3.876395169533808360e-02 3.558365173704014506e-01 2.634302820467342432e-01
1.690722341164774267e-02 8.154140581084536876e-01 5.242133972793064922e-01 4.733313606095224113e-02 0.000000000000000000e+00 5.742469211010436947e-01 9.485909679808209871e-01 5.620591870102289445e-01 8.767637966295558360e-01 3.506991213344621272e-01
4.691480714933297103e-01 9.072116376915699831e-01 1.647958301890554145e-01 1.275910036558403071e-02 5.742469211010436947e-01 0.000000000000000000e+00 7.079264780885453634e-01 5.661801802159045494e-01 7.091507295038108616e-01 5.982640333707527347e-01
5.706869017032729641e-01 1.862285222681316910e-01 1.131086404977654780e-01 8.116520929031213472e-01 9.485909679808209871e-01 7.079264780885453634e-01 0.000000000000000000e+00 4.134984134247949861e-01 4.290852663345081641e-01 4.424306939038824549e-02
8.388601643770523530e-01 6.614795763112893967e-01 1.034682644829276743e-02 3.876395169533808360e-02 5.620591870102289445e-01 5.661801802159045494e-01 4.134984134247949861e-01 0.000000000000000000e+00 8.690256480610761836e-01 8.787074563437780039e-02
5.852556953808663032e-02 4.226141453179009799e-01 6.267095195889826886e-01 3.558365173704014506e-01 8.767637966295558360e-01 7.091507295038108616e-01 4.290852663345081641e-01 8.690256480610761836e-01 0.000000000000000000e+00 1.893422529530677245e-01
4.381897420150462352e-01 3.421082702774891349e-01 5.115746119891273480e-02 2.634302820467342432e-01 3.506991213344621272e-01 5.982640333707527347e-01 4.424306939038824549e-02 8.787074563437780039e-02 1.893422529530677245e-01 0.000000000000000000e+00
