0.000000000000000000e+00 9.160817747993421634e-01 7.846833302192287585e-01 7.939113085353489696e-01 6.738560729099934976e-01 1.927632057781644148e-01 9.866978158936239307e-01 8.560278864509059948e-01 1.277564255795738957e-01 2.147144336632160755e-01
9.160817747993421634e-01 0.000000000000000000e+00 5.431256483335584750e-01 7.556832192191123010e-01 1.139179446545879326e-02 9.858974869721155443e-01 2.798456803051452280e-01 6.458825833349506329e-01 7.936624001940887352e-01 7.466369455446357772e-01
7.846833302192287585e-01 5.431256483335584750e-01 0.000000000000000000e+00 3.928679541654034324e-02 4.702282533871656733e-01 3.901161784836042479e-01 3.118776933981582955e-01 1.014976217113253698e-01 9.197747883490076104e-01 5.549034821215143021e-01
7.939113085353489696e-01 7.556832192191123010e-01 3.928679541654034324e-02 0.000000000000000000e+00 1.421816743374657577e-01 2.929593843541445919e-01 3.913667594606579092e-01 4.397541292621275355e-01 6.649826740412968507e-01 1.130252842612788911e-01
6.738560729099934976e-01 1.139179446545879326e-02 4.702282533871656733e-01 1.421816743374657577e-01 0.000000000000000000e+00 8.125667715727638019e-01 1.827226764100736700e-01 8.279619397175359552e-01 1.976995037738845662e-01 7.256673715983686934e-01
1.927632057781644148e-01 9.858974869721155443e-01 3.901161784836042479e-01 2.929593843541445919e-01 8.125667715727638019e-01 0.000000000000000000e+00 4.786869657393102440e-01 9.530035270063034192e-01 4.541458278957793970e-01 7.325240376077938320e-01
9.866978158936239307e-01 2.798456803051452280e-01 3.118776933981582955e-01 3.913667594606579092e-01 1.827226764100736700e-01 4.786869657393102440e-01 0.000000000000000000e+00 2.972218208775252446e-01 2.952082225125927106e-01 3.702581957583505057e-01
8.560278864509059948e-01 6.458825833349506329e-01 1.014976217113253698e-01 4.397541292621275355e-01 8.279619397175359552e-01 9.530035270063034192e-01 2.972218208775252446e-01 0.000000000000000000e+00 5.795747346177499981e-01 9.568575852380685198e-01
1.277564255795738957e-01 7.936624001940887352e-01 9.197747883490076104e-01 6.649826740412968507e-01 1.976995037738845662e-01 4.541458278957793970e-01 2.952082225125927106e-01 5.795747346177499981e-01 0.000000000000000000e+00 3.537217763695756911e-01
2.147144336632160755e-01 7.466369455446357772e-01 5.549034821215143021e-01 1.130252842612788911e-01 7.256673715983686934e-01 7.325240376077938320e-01 3.702581957583505057e-01 9.568575852380685198e-01 3.537217763695756911e-01 0.000000000000000000e+00
