0.000000000000000000e+00 3.216687981025764254e-01 4.546625855592134613e-01 5.517516576568829434e-01 2.371984333685575042e-01 2.573995621590371430e-01 7.409414198270292129e-01 3.183702208751215679e-02 3.700950613191082983e-01 1.919356648330630133e-01
3.216687981025764254e-01 0.000000000000000000e+00 2.039205601714161320e-01 5.117107847010876620e-01 6.288192249605611961e-01 3.829602535846767797e-01 7.326140784063250866e-02 3.379008524108828571e-02 1.523805353534597451e-01 7.132014238941859485e-01
4.546625855592134613e-01 2.039205601714161320e-01 0.000000000000000000e+00 5.002517040898878387e-01 5.314729364922891053e-01 4.577676375642178996e-01 5.294845498099383097e-01 3.583650622617726711e-01 2.946643770860165601e-01 8.414154100728468144e-01
5.517516576568829434e-01 5.117107847010876620e-01 5.002517040898878387e-01 0.000000000000000000e+00 8.286048481391390386e-01 2.880726076647432965e-01 9.902168269529936229e-01 9.700244701322545682e-01 1.890718127150208261e-01 7.933318744237936038e-01
2.371984333685575042e-01 6.288192249605611961e-01 5.314729364922891053e-01 8.286048481391390386e-01 0.000000000000000000e+00 5.893763998179122332e-01 8.408442632606855094e-01 1.332404296509102082e-01 9.504822653517046582e-01 7.131813337579456791e-01
2.573995621590371430e-01 3.829602535846767797e-01 4.577676375642178996e-01 2.880726076647432965e-01 5.893763998179122332e-01 0.000000000000000000e+00 6.233181480911351713e-01 7.330531663663377717e-01 1.929166375345902074e-01 7.939515578047682265e-01
7.409414198270292129e-01 7.326140784063250866e-02 5.294845498099383097e-01 9.902168269529936229e-01 8.408442632606855094e-01 6.233181480911351713e-01 0.000000000000000000e+00 2.454466049481779377e-01 5.364830434387792835e-01 8.876243802275287642e-01
3.183702208751215679e-02 3.379008524108828571e-02 3.583650622617726711e-01 9.700244701322545682e-01 1.332404296509102082e-01 7.330531663663377717e-01 2.454466049481779377e-01 0.000000000000000000e+00 3.759964259421552102e-01 6.898116467823706133e-01
3.700950613191082983e-01 1.523805353534597451e-01 2.946643770860165601e-01 1.890718127150208261e-01 9.504822653517046582e-01 1.929166375345902074e-01 5.364830434387792835e-01 3.759964259421552102e-01 0.000000000000000000e+00 5.275870651639028575e-01
1.919356648330630133e-01 7.132014238941859485e-01 8.414154100728468144e-01 7.933318744237936038e-01 7.131813337579456791e-01 7.939515578047682265e-01 8.876243802275287642e-01 6.898116467823706133e-01 5.275870651639028575e-01 0.000000000000000000e+00
