0.000000000000000000e+00 3.721165527308089027e-01 8.286152808995890240e-01 2.852741208874487455e-01 6.775890473480805642e-01 2.111521205472582929e-01 1.203775689806996230e-02 9.321989092529254783e-01 5.271438285329501650e-01 7.688103133790519239e-01
3.721165527308089027e-01 0.000000000000000000e+00 8.475670786612725660e-01 8.727414720402267845e-01 4.998456824187881287e-01 3.649942688236725852e-01 9.453934396896132020e-01 5.653640348291595341e-01 2.021901543905273435e-01 6.825576114181731713e-01
8.286152808995890240e-01 8.475670786612725660e-01 0.000000000000000000e+00 8.402904756657741947e-01 6.762033715365052267e-01 6.211139894888384472e-02 4.048432467834089943e-01 9.601318935233169594e-01 4.843807971368220278e-01 4.669335795055319371e-01
2.852741208874487455e-01 8.727414720402267845e-01 8.402904756657741947e-01 0.000000000000000000e+00 8.950596012758414988e-01 1.312943377267516976e-02 9.928603786371688056e-01 4.648941773745259853e-01 9.277071475425534564e-01 1.005537424587986672e-01
6.775890473480805642e-01 4.998456824187881287e-01 6.762033715365052267e-01 8.950596012758414988e-01 0.000000000000000000e+00 6.445983731028799291e-01 7.488856212473962159e-01 1.112048059385011278e-01 2.839913098062488706e-01 3.588249680948480957e-01
2.111521205472582929e-01 3.649942688236725852e-01 6.211139894888384472e-02 1.312943377267516976e-02 6.445983731028799291e-01 0.000000000000000000e+00 4.554317716806144389e-03 1.147775290485356647e-01 2.719446161393025418e-01 8.352025698263700892e-01
1.203775689806996230e-02 9.453934396896132020e-01 4.048432467834089943e-01 9.928603786371688056e-01 7.488856212473962159e-01 4.554317716806144389e-03 0.000000000000000000e+00 6.687713296291200038e-01 3.764601506322505786e-01 2.447854279152195112e-02
9.321989092529254783e-01 5.653640348291595341e-01 9.601318935233169594e-01 4.648941773745259853e-01 1.112048059385011278e-01 1.147775290485356647e-01 6.687713296291200038e-01 0.000000000000000000e+00 1.314407646137488728e-01 9.463807836958600950e-01
5.271438285329501650e-01 2.021901543905273435e-01 4.843807971368220278e-01 9.277071475425534564e-01 2.839913098062488706e-01 2.719446161393025418e-01 3.764601506322505786e-01 1.314407646137488728e-01 0.000000000000000000e+00 2.284513342029586003e-01
7.688103133790519239e-01 6.825576114181731713e-01 4.669335795055319371e-01 1.005537424587986672e-01 3.588249680948480957e-01 8.352025698263700892e-01 2.447854279152195112e-02 9.463807836958600950e-01 2.284513342029586003e-01 0.000000000000000000e+00
