0.000000000000000000e+00 1.287433110101199318e-01 7.599748671840587111e-01 8.347229073558091184e-01 1.727857765852142125e-01 2.005705854392586529e-01 7.758446301717428772e-01 7.304279136891591584e-01 4.683014636571913858e-02 1.424238368491150819e-01
1.287433110101199318e-01 0.000000000000000000e+00 4.028865108061102651e-01 5.476148051634159852e-01 7.797839046436971788e-01 9.530814890196915856e-01 3.759865912969396762e-01 3.004743444783113393e-01 3.132870615778543533e-01 3.387340288148598111e-01
7.599748671840587111e-01 4.028865108061102651e-01 0.000000000000000000e+00 4.633928671271340116e-01 1.316541720918913416e-01 9.446055028467921222e-01 9.884978853264344556e-01 3.771613265045974384e-01 4.919542047432658993e-01 6.121080732358996634e-02
8.347229073558091184e-01 5.476148051634159852e-01 4.633928671271340116e-01 0.000000000000000000e+00 8.952332301321739294e-01 8.375401917800843199e-01 6.506336552188839439e-01 3.564252982416304949e-02 5.715716856547138347e-01 3.144250327824436031e-01
1.727857765852142125e-01 7.797839046436971788e-01 1.316541720918913416e-01 8.952332301321739294e-01 0.000000000000000000e+00 8.128166571281263408e-01 9.734665149284039698e-01 7.469601776746335187e-01 9.713506164451831681e-01 9.174882760695242112e-01
2.005705854392586529e-01 9.530814890196915856e-01 9.446055028467921222e-01 8.375401917800843199e-01 8.128166571281263408e-01 0.000000000000000000e+00 2.569579052691314258e-01 2.825509086540410886e-01 6.570453629928791894e-01 9.891093672889631483e-01
7.758446301717428772e-01 3.759865912969396762e-01 9.884978853264344556e-01 6.506336552188839439e-01 9.734665149284039698e-01 2.569579052691314258e-01 0.000000000000000000e+00 1.446801429363477887e-01 8.736413892397959513e-01 2.322604618203569782e-01
7.304279136891591584e-01 3.004743444783113393e-01 3.771613265045974384e-01 3.564252982416304949e-02 7.469601776746335187e-01 2.825509086540410886e-01 1.446801429363477887e-01 0.000000000000000000e+00 3.670283041578775718e-01 6.765411725262027165e-01
4.683014636571913858e-02 3.132870615778543533e-01 4.919542047432658993e-01 5.715716856547138347e-01 9.713506164451831681e-01 6.570453629928791894e-01 8.736413892397959513e-01 3.670283041578775718e-01 0.000000000000000000e+00 5.523083899300750277e-01
1.424238368491150819e-01 3.387340288148598111e-01 6.121080732358996634e-02 3.144250327824436031e-01 9.174882760695242112e-01 9.891093672889631483e-01 2.322604618203569782e-01 6.765411725262027165e-01 5.523083899300750277e-01 0.000000000000000000e+00
