0.000000000000000000e+00 9.548773252450448723e-01 1.572305298032168341e-01 4.120345460491794398e-01 2.018270122242138420e-01 9.706600401177293280e-01 1.385595793322524916e-02 8.139527680095550721e-01 3.543356043245824427e-01 7.490834285067147214e-01
9.548773252450448723e-01 0.000000000000000000e+00 4.146099762228756536e-01 9.673980888889477381e-02 9.408943221085381836e-01 8.220473618550893091e-01 5.727992318652612713e-01 7.356660263191927562e-02 7.299897741457234135e-01 5.614373180489370396e-01
1.572305298032168341e-01 4.146099762228756536e-01 0.000000000000000000e+00 5.323650836411044640e-01 6.975437230130269173e-01 2.426077597770869287e-01 4.085987618983020209e-01 3.828311086456896994e-01 2.425724855844557659e-02 5.463386340692466536e-02
4.120345460491794398e-01 9.673980888889477381e-02 5.323650836411044640e-01 0.000000000000000000e+00 8.584053060479712727e-03 6.742733263616014217e-01 3.451026808338744090e-01 2.118647692477022559e-01 2.039587748255082822e-01 2.385403763131498378e-01
2.018270122242138420e-01 9.408943221085381836e-01 6.975437230130269173e-01 8.584053060479712727e-03 0.000000000000000000e+00 7.444912716044652656e-01 6.810381291806901771e-01 7.887780552157822589e-01 1.540700858022444608e-01 9.917862455139097033e-01
9.706600401177293280e-01 8.220473618550893091e-01 2.426077597770869287e-01 6.742733263616014217e-01 7.444912716044652656e-01 0.000000000000000000e+00 3.793551550864404653e-01 2.659051157549356947e-01 8.639266131794520742e-02 9.030997622296358385e-01
1.385595793322524916e-02 5.727992318652612713e-01 4.085987618983020209e-01 3.451026808338744090e-01 6.810381291806901771e-01 3.793551550864404653e-01 0.000000000000000000e+00 2.954091497442179470e-01 9.780761747562571884e-02 7.247858688018538054e-02
8.139527680095550721e-01 7.356660263191927562e-02 3.828311086456896994e-01 2.118647692477022559e-01 7.887780552157822589e-01 2.659051157549356947e-01 2.954091497442179470e-01 0.000000000000000000e+00 1.606539008153100578e-01 2.474470686844985057e-01
3.543356043245824427e-01 7.299897741457234135e-01 2.425724855844557659e-02 2.039587748255082822e-01 1.540700858022444608e-01 8.639266131794520742e-02 9.780761747562571884e-02 1.606539008153100578e-01 0.000000000000000000e+00 9.740411199343566029e-01
7.490834285067147214e-01 5.614373180489370396e-01 5.463386340692466536e-02 2.385403763131498378e-01 9.917862455139097033e-01 9.030997622296358385e-01 7.247858688018538054e-02 2.474470686844985057e-01 9.740411199343566029e-01 0.000000000000000000e+00
