0.000000000000000000e+00 7.635073983984527191e-01 9.115221049790295238e-01 6.753321531401289546e-01 3.554941005244183216e-02 7.072954491358141027e-02 5.403648795583473330e-01 6.359973908058562664e-01 9.134388664579389250e-01 2.698953949904198124e-01
7.635073983984527191e-01 0.000000000000000000e+00 6.713401581148862318e-01 4.948940466283565653e-01 4.629889808698904874e-01 9.396920946911908601e-01 4.391973326683856760e-01 3.507217839639441559e-01 7.507730335890302475e-01 8.175278187639173355e-01
9.115221049790295238e-01 6.713401581148862318e-01 0.000000000000000000e+00 4.398075337725165790e-01 3.877074656616352755e-02 7.536754762092026105e-01 3.377847188995347638e-01 1.435610937907857432e-01 2.268128182234142587e-01 4.340651630084056967e-01
6.753321531401289546e-01 4.948940466283565653e-01 4.398075337725165790e-01 0.000000000000000000e+00 2.487422941757104766e-01 7.191788350065320135e-01 8.598200482772769826e-01 3.747953843889614278e-01 9.760709534588988268e-01 5.538725111321934902e-01
3.554941005244183216e-02 4.629889808698904874e-01 3.877074656616352755e-02 2.487422941757104766e-01 0.000000000000000000e+00 7.000674232171928413e-01 4.653807123630123721e-01 7.512661927351078628e-01 9.783849597741948179e-01 3.135240463146441448e-01
7.072954491358141027e-02 9.396920946911908601e-01 7.536754762092026105e-01 7.191788350065320135e-01 7.000674232171928413e-01 0.000000000000000000e+00 1.391956626058917790e-01 1.814076112875245839e-01 3.522319498408625904e-01 4.754402905188889195e-01
5.403648795583473330e-01 4.391973326683856760e-01 3.377847188995347638e-01 8.598200482772769826e-01 4.653807123630123721e-01 1.391956626058917790e-01 0.000000000000000000e+00 1.751535487740540908e-02 3.740887457794709325e-01 6.764222666797901073e-01
6.359973908058562664e-01 3.507217839639441559e-01 1.435610937907857432e-01 3.747953843889614278e-01 7.512661927351078628e-01 1.814076112875245839e-01 1.751535487740540908e-02 0.000000000000000000e+00 5.508277419836231648e-01 5.926457140171529359e-01
9.134388664579389250e-01 7.507730335890302475e-01 2.268128182234142587e-01 9.760709534588988268e-01 9.783849597741948179e-01 3.522319498408625904e-01 3.740887457794709325e-01 5.508277419836231648e-01 0.000000000000000000e+00 3.531186073593123309e-01
2.698953949904198124e-01 8.175278187639173355e-01 4.340651630084056967e-01 5.538725111321934902e-01 3.135240463146441448e-01 4.754402905188889195e-01 6.764222666797901073e-01 5.926457140171529359e-01 3.531186073593123309e-01 0.000000000000000000e+00
