0.000000000000000000e+00 5.317614128591738876e-01 1.009253518188535370e-02 8.027169664352760137e-01 9.068638364401457874e-01 8.432714434775374635e-01 6.845393826779243573e-01 8.267664113597916753e-01 7.578512250380237125e-01 6.996890409111888864e-02 9.266992414682189150e-01 2.619598013842886486e-01 8.798261134311613496e-02 9.852261102067865206e-01 8.999789041698778025e-01
5.317614128591738876e-01 0.000000000000000000e+00 2.262954546883578777e-01 6.206019543179187581e-01 8.507667221713148820e-01 1.901352914886055290e-01 2.831291027820310724e-01 6.664052862671918653e-01 2.000797067543318430e-01 6.275711398054575341e-01 9.239355241725702994e-01 9.019297992286794408e-01 3.629296394781175161e-01 2.351335798040210534e-01 7.061750380758061718e-01
1.009253518188535370e-02 2.262954546883578777e-01 0.000000000000000000e+00 8.038850697440725890e-01 8.974713019199325181e-01 7.023229312893398690e-01 5.746244174179059305e-01 8.935718480645049588e-01 4.541550674623269224e-01 5.924382344874710160e-01 2.870882981025189018e-01 4.878534289308389393e-02 3.273938781017315947e-02 4.998548277239358573e-01 2.157231656312998958e-01
8.027169664352760137e-01 6.206019543179187581e-01 8.038850697440725890e-01 0.000000000000000000e+00 1.330715712685547336e-01 4.485959661588975189e-01 2.711625027893664885e-01 5.527706977221515938e-01 4.573122788592731691e-02 9.957865597515525025e-02 1.944875198463970056e-01 8.157429495170125389e-01 5.385116227907085218e-01 4.820666287903985214e-02 5.848730123051804064e-01
9.068638364401457874e-01 8.507667221713148820e-01 8.974713019199325181e-01 1.330715712685547336e-01 0.000000000000000000e+00 9.191638071871069959e-01 7.329608882193044961e-01 7.667735529119282800e-01 2.394616992682104817e-01 8.337230066145595586e-02 3.083820732559147126e-01 1.583598604458280601e-02 9.731069168213997145e-01 1.213133491637397032e-02 1.465963012393711740e-02
8.432714434775374635e-01 1.901352914886055290e-01 7.023229312893398690e-01 4.485959661588975189e-01 9.191638071871069959e-01 0.000000000000000000e+00 1.302469815554789800e-01 1.761773486969662184e-01 4.751327458916907442e-01 6.143155394045842765e-01 2.604203849256980785e-02 9.509027310427730084e-01 1.897375075570784109e-01 4.685178735610131540e-01 7.052249170625182195e-01
6.845393826779243573e-01 2.831291027820310724e-01 5.746244174179059305e-01 2.711625027893664885e-01 7.329608882193044961e-01 1.302469815554789800e-01 0.000000000000000000e+00 3.215303629179714351e-01 6.623432879475029678e-01 3.307195788170682604e-01 8.005855569116238080e-02 9.519974647047478866e-01 1.637994352587582858e-01 5.461876427153301572e-01 7.668486145777947405e-01
8.267664113597916753e-01 6.664052862671918653e-01 8.935718480645049588e-01 5.527706977221515938e-01 7.667735529119282800e-01 1.761773486969662184e-01 3.215303629179714351e-01 0.000000000000000000e+00 2.211632424137158770e-01 1.967339390934822463e-01 6.608502705113737941e-01 6.382025522821155317e-02 1.958869141412578063e-02 7.573208492607544917e-01 2.452734990827238892e-01
7.578512250380237125e-01 2.000797067543318430e-01 4.541550674623269224e-01 4.573122788592731691e-02 2.394616992682104817e-01 4.751327458916907442e-01 6.623432879475029678e-01 2.211632424137158770e-01 0.000000000000000000e+00 8.041159235368333658e-01 7.545887160948528960e-01 1.848332893242284891e-01 8.138842819275078355e-01 2.067398402464426521e-02 5.039686244522159075e-01
6.996890409111888864e-02 6.275711398054575341e-01 5.924382344874710160e-01 9.957865597515525025e-02 8.337230066145595586e-02 6.143155394045842765e-01 3.307195788170682604e-01 1.967339390934822463e-01 8.041159235368333658e-01 0.000000000000000000e+00 9.893750609888507519e-02 9.168655551719842034e-01 2.009530286180033487e-01 4.886897561755331187e-01 3.175868781197589419e-01
9.266992414682189150e-01 9.239355241725702994e-01 2.870882981025189018e-01 1.944875198463970056e-01 3.083820732559147126e-01 2.604203849256980785e-02 8.005855569116238080e-02 6.608502705113737941e-01 7.545887160948528960e-01 9.893750609888507519e-02 0.000000000000000000e+00 9.136579631812483671e-01 8.136933853594822130e-01 2.134794669902183584e-01 3.533992817631526062e-02
2.619598013842886486e-01 9.019297992286794408e-01 4.878534289308389393e-02 8.157429495170125389e-01 1.583598604458280601e-02 9.509027310427730084e-01 9.519974647047478866e-01 6.382025522821155317e-02 1.848332893242284891e-01 9.168655551719842034e-01 9.136579631812483671e-01 0.000000000000000000e+00 1.425634452274311403e-01 8.804513160124435300e-01 6.650714959768837531e-01
8.798261134311613496e-02 3.629296394781175161e-01 3.273938781017315947e-02 5.385116227907085218e-01 9.731069168213997145e-01 1.897375075570784109e-01 1.637994352587582858e-01 1.958869141412578063e-02 8.138842819275078355e-01 2.009530286180033487e-01 8.136933853594822130e-01 1.425634452274311403e-01 0.000000000000000000e+00 9.626539181052512495e-01 2.248463452492680537e-01
9.852261102067865206e-01 2.351335798040210534e-01 4.998548277239358573e-01 4.820666287903985214e-02 1.213133491637397032e-02 4.685178735610131540e-01 5.461876427153301572e-01 7.573208492607544917e-01 2.067398402464426521e-02 4.886897561755331187e-01 2.134794669902183584e-01 8.804513160124435300e-01 9.626539181052512495e-01 0.000000000000000000e+00 8.033781709751869338e-01
8.999789041698778025e-01 7.061750380758061718e-01 2.157231656312998958e-01 5.848730123051804064e-01 1.465963012393711740e-02 7.052249170625182195e-01 7.668486145777947405e-01 2.452734990827238892e-01 5.039686244522159075e-01 3.175868781197589419e-01 3.533992817631526062e-02 6.650714959768837531e-01 2.248463452492680537e-01 8.033781709751869338e-01 0.000000000000000000e+00
