0.000000000000000000e+00 9.474814166140521632e-01 4.424859181012736897e-01 2.082448185384286887e-01 3.313412645476756513e-01 1.931862375434578727e-01 8.437643773496493749e-01 6.746969079884477249e-01 2.321886499990133412e-02 1.322632090685383899e-01 5.752115272909164023e-01 7.580419717804079971e-01 3.654263776195455504e-01 6.729685146509891691e-01 5.615750887638970568e-02
9.474814166140521632e-01 0.000000000000000000e+00 4.227265715678405478e-01 7.826744558062160850e-01 7.989183301680868876e-02 9.375846702604367922e-01 5.118379646164362695e-01 8.144282705337206885e-01 8.852789756528464116e-01 1.111241106846412308e-01 2.651203511968658333e-01 6.149207321833767281e-01 9.574976373957322373e-02 5.054973109544170784e-01 5.475445551238647957e-01
4.424859181012736897e-01 4.227265715678405478e-01 0.000000000000000000e+00 1.092235784437389778e-02 8.443363354868436144e-01 5.264386930820430521e-01 4.959466197031044965e-01 5.280679338851566040e-01 8.842348377454588571e-01 5.891210727383511259e-02 8.753682029106826246e-01 5.220365270728204443e-01 2.765406982812308456e-01 7.379889436080809828e-01 2.424636351057666284e-01
2.082448185384286887e-01 7.826744558062160850e-01 1.092235784437389778e-02 0.000000000000000000e+00 7.979274606638990797e-01 7.412025750997146556e-01 9.186240710123411146e-01 4.166134416005899954e-01 4.275841360993802853e-01 4.843365956713915343e-01 5.609038105500180338e-01 3.109384079415663527e-01 4.777340837317703981e-01 1.464717228385838954e-01 8.244702600174602658e-02
3.313412645476756513e-01 7.989183301680868876e-02 8.443363354868436144e-01 7.979274606638990797e-01 0.000000000000000000e+00 5.287521787805512519e-01 6.648363423794564353e-01 3.747600103854978881e-01 4.223098772929655409e-01 8.189523139219878622e-01 2.207122352115027386e-01 8.766173384501637633e-01 9.461538009655219295e-01 7.961784618334134533e-01 8.452792464536169614e-01
1.931862375434578727e-01 9.375846702604367922e-01 5.264386930820430521e-01 7.412025750997146556e-01 5.287521787805512519e-01 0.000000000000000000e+00 1.834331713833914357e-01 4.951236576493953656e-01 8.334312763130559132e-01 3.849832307043116186e-01 3.168712396661087505e-01 8.615479011814227706e-01 8.166046426628396082e-01 9.088224915702859397e-01 1.752985838349268022e-01
8.437643773496493749e-01 5.118379646164362695e-01 4.959466197031044965e-01 9.186240710123411146e-01 6.648363423794564353e-01 1.834331713833914357e-01 0.000000000000000000e+00 8.844181601053935360e-01 7.786211038785797456e-01 2.231339450257784351e-01 8.074625037315253939e-01 7.929685579733696255e-01 3.397550035679217650e-01 2.051483298726397564e-03 9.094652469627098057e-01
6.746969079884477249e-01 8.144282705337206885e-01 5.280679338851566040e-01 4.166134416005899954e-01 3.747600103854978881e-01 4.951236576493953656e-01 8.844181601053935360e-01 0.000000000000000000e+00 7.108530548504288227e-02 5.478488517763896448e-01 6.362273558917898031e-01 1.380508539608730212e-01 3.602275304471344031e-01 3.677135765603111173e-01 4.111607824771152941e-01
2.321886499990133412e-02 8.852789756528464116e-01 8.842348377454588571e-01 4.275841360993802853e-01 4.223098772929655409e-01 8.334312763130559132e-01 7.786211038785797456e-01 7.108530548504288227e-02 0.000000000000000000e+00 9.593973063805316670e-01 1.951060519730716258e-01 1.590514688403283916e-01 5.201995904493988965e-01 8.391344749193696551e-01 9.753197210269165529e-01
1.322632090685383899e-01 1.111241106846412308e-01 5.891210727383511259e-02 4.843365956713915343e-01 8.189523139219878622e-01 3.849832307043116186e-01 2.231339450257784351e-01 5.478488517763896448e-01 9.593973063805316670e-01 0.000000000000000000e+00 7.403037645645356157e-01 4.466318543762592963e-01 6.982957201223261023e-01 2.627610752234466052e-02 2.952061647888364337e-01
5.752115272909164023e-01 2.651203511968658333e-01 8.753682029106826246e-01 5.609038105500180338e-01 2.207122352115027386e-01 3.168712396661087505e-01 8.074625037315253939e-01 6.362273558917898031e-01 1.951060519730716258e-01 7.403037645645356157e-01 0.000000000000000000e+00 4.060681757218156385e-01 6.686141692798760472e-01 8.836568540925688886e-01 3.667379781686982421e-01
7.580419717804079971e-01 6.149207321833767281e-01 5.220365270728204443e-01 3.109384079415663527e-01 8.766173384501637633e-01 8.615479011814227706e-01 7.929685579733696255e-01 1.380508539608730212e-01 1.590514688403283916e-01 4.466318543762592963e-01 4.060681757218156385e-01 0.000000000000000000e+00 9.742686758151510862e-01 6.180405118696126188e-01 7.291132175566439333e-01
3.654263776195455504e-01 9.574976373957322373e-02 2.765406982812308456e-01 4.777340837317703981e-01 9.461538009655219295e-01 8.166046426628396082e-01 3.397550035679217650e-01 3.602275304471344031e-01 5.201995904493988965e-01 6.982957201223261023e-01 6.686141692798760472e-01 9.742686758151510862e-01 0.000000000000000000e+00 4.665967112442032105e-01 2.460415208670491127e-01
6.729685146509891691e-01 5.054973109544170784e-01 7.379889436080809828e-01 1.464717228385838954e-01 7.961784618334134533e-01 9.088224915702859397e-01 2.051483298726397564e-03 3.677135765603111173e-01 8.391344749193696551e-01 2.627610752234466052e-02 8.836568540925688886e-01 6.180405118696126188e-01 4.665967112442032105e-01 0.000000000000000000e+00 3.854140374200243357e-02
5.615750887638970568e-02 5.475445551238647957e-01 2.424636351057666284e-01 8.244702600174602658e-02 8.452792464536169614e-01 1.752985838349268022e-01 9.094652469627098057e-01 4.111607824771152941e-01 9.753197210269165529e-01 2.952061647888364337e-01 3.667379781686982421e-01 7.291132175566439333e-01 2.460415208670491127e-01 3.854140374200243357e-02 0.000000000000000000e+00
