0.000000000000000000e+00 6.492113815955617984e-01 5.835087220086594417e-01 3.559783465101094002e-01 4.444762688651439086e-01 4.979704447791799549e-02 2.780581384470618422e-01 9.993539627353209553e-02 4.686730852346486786e-01 8.226541823902375761e-01 2.452779342580690969e-01 2.118522853044634280e-01 9.467535571180004661e-01 6.690730913412227254e-01 1.158139237506302655e-01
6.492113815955617984e-01 0.000000000000000000e+00 1.816128878030418559e-01 7.406121288721043694e-01 9.841844230904783775e-02 5.675378598521961804e-01 9.446028344643085939e-01 4.748892490230172125e-01 7.547342844626410141e-01 5.931952764174388548e-01 7.596243846817388734e-01 8.520937285762407720e-01 8.777606290763011465e-01 4.583315473639740789e-01 4.555321929281982429e-01
5.835087220086594417e-01 1.816128878030418559e-01 0.000000000000000000e+00 7.821322408486186539e-01 2.302454536708967714e-01 4.439392849972070287e-01 4.047216779030755607e-01 5.741138191251582423e-02 1.476333727353482672e-01 3.628085628771993143e-01 2.504963855501133319e-01 4.686165673779273400e-01 2.826790114851150948e-01 3.694834803688472613e-01 8.179837961516067679e-01
3.559783465101094002e-01 7.406121288721043694e-01 7.821322408486186539e-01 0.000000000000000000e+00 8.135914335843377199e-01 3.172020912872078879e-01 4.603065462919375683e-01 8.174050994024185668e-01 6.494784797547935584e-01 2.354330734601450814e-01 9.554683118949888199e-01 2.474828106863058430e-02 3.788207694407019765e-02 7.752795098603937340e-02 1.624856583185664283e-01
4.444762688651439086e-01 9.841844230904783775e-02 2.302454536708967714e-01 8.135914335843377199e-01 0.000000000000000000e+00 4.641664666099204473e-01 2.014914430405603252e-01 8.458718540679743825e-01 8.817471845325624002e-01 3.912117985463342551e-01 9.743849480439198407e-01 4.633485808268494877e-01 8.671811978488596084e-01 6.950959540747496668e-01 6.812289924721153245e-01
4.979704447791799549e-02 5.675378598521961804e-01 4.439392849972070287e-01 3.172020912872078879e-01 4.641664666099204473e-01 0.000000000000000000e+00 6.114209859258706858e-01 3.792803808475159189e-01 4.012858507960882504e-01 1.473063807495883504e-01 7.547736851424061699e-01 4.361802657479645351e-01 8.877805334016608541e-03 1.342743979400045085e-01 2.996633606721540444e-01
2.780581384470618422e-01 9.446028344643085939e-01 4.047216779030755607e-01 4.603065462919375683e-01 2.014914430405603252e-01 6.114209859258706858e-01 0.000000000000000000e+00 1.346157972558914562e-01 4.696242700963404459e-02 6.536758962985609323e-01 5.080136274816027253e-02 8.512175825554127995e-01 6.984765146185722973e-02 3.948720856292156078e-01 7.067485581619923352e-01
9.993539627353209553e-02 4.748892490230172125e-01 5.741138191251582423e-02 8.174050994024185668e-01 8.458718540679743825e-01 3.792803808475159189e-01 1.346157972558914562e-01 0.000000000000000000e+00 1.243910423619677408e-01 8.003664750597457855e-01 6.887065383171298016e-03 6.113245962026812030e-01 3.437309707881263110e-01 2.279301179366268748e-01 8.833060289045401303e-01
4.686730852346486786e-01 7.547342844626410141e-01 1.476333727353482672e-01 6.494784797547935584e-01 8.817471845325624002e-01 4.012858507960882504e-01 4.696242700963404459e-02 1.243910423619677408e-01 0.000000000000000000e+00 2.202815007652515478e-01 8.206719733454795884e-01 8.089702182282784149e-01 3.650406929998684102e-02 8.188237204582901052e-01 9.293303486561487192e-01
8.226541823902375761e-01 5.931952764174388548e-01 3.628085628771993143e-01 2.354330734601450814e-01 3.912117985463342551e-01 1.473063807495883504e-01 6.536758962985609323e-01 8.003664750597457855e-01 2.202815007652515478e-01 0.000000000000000000e+00 7.875907589706506728e-01 5.652378321560480590e-01 4.094036212098541849e-01 7.994384112116370567e-01 8.014277041553952152e-01
2.452779342580690969e-01 7.596243846817388734e-01 2.504963855501133319e-01 9.554683118949888199e-01 9.743849480439198407e-01 7.547736851424061699e-01 5.080136274816027253e-02 6.887065383171298016e-03 8.206719733454795884e-01 7.875907589706506728e-01 0.000000000000000000e+00 5.394402205490335112e-01 7.568116392547855620e-01 7.594963421710172469e-01 9.160745991170560210e-03
2.118522853044634280e-01 8.520937285762407720e-01 4.686165673779273400e-01 2.474828106863058430e-02 4.633485808268494877e-01 4.361802657479645351e-01 8.512175825554127995e-01 6.113245962026812030e-01 8.089702182282784149e-01 5.652378321560480590e-01 5.394402205490335112e-01 0.000000000000000000e+00 7.896386221455552468e-01 5.289364235557767469e-01 3.007531172152391186e-01
9.467535571180004661e-01 8.777606290763011465e-01 2.826790114851150948e-01 3.788207694407019765e-02 8.671811978488596084e-01 8.877805334016608541e-03 6.984765146185722973e-02 3.437309707881263110e-01 3.650406929998684102e-02 4.094036212098541849e-01 7.568116392547855620e-01 7.896386221455552468e-01 0.000000000000000000e+00 5.886356941033406009e-01 2.147690687495090733e-01
6.690730913412227254e-01 4.583315473639740789e-01 3.694834803688472613e-01 7.752795098603937340e-02 6.950959540747496668e-01 1.342743979400045085e-01 3.948720856292156078e-01 2.279301179366268748e-01 8.188237204582901052e-01 7.994384112116370567e-01 7.594963421710172469e-01 5.289364235557767469e-01 5.886356941033406009e-01 0.000000000000000000e+00 4.469051374140652344e-01
1.158139237506302655e-01 4.555321929281982429e-01 8.179837961516067679e-01 1.624856583185664283e-01 6.812289924721153245e-01 2.996633606721540444e-01 7.067485581619923352e-01 8.833060289045401303e-01 9.293303486561487192e-01 8.014277041553952152e-01 9.160745991170560210e-03 3.007531172152391186e-01 2.147690687495090733e-01 4.469051374140652344e-01 0.000000000000000000e+00
