0.000000000000000000e+00 8.712520559551011345e-01 2.977420617076089737e-01 9.535959880825715107e-01 7.977700543967591873e-02 1.811986745133525867e-01 5.968654745748351864e-01 3.346547261417412988e-01 5.836656998671418961e-02 9.812207110308104330e-01 3.917567192715659674e-01 3.432923554572203662e-01 4.924495360042783210e-01 8.958687399706732890e-03 2.294552205810540535e-02
8.712520559551011345e-01 0.000000000000000000e+00 3.995762543051677440e-01 3.804084244230963030e-01 2.018227006681186930e-01 9.525685153579643849e-02 8.390232794405368955e-01 4.152400389864020491e-01 7.612949448206138836e-01 1.229320945719172276e-01 3.277567656223586701e-01 8.364331912624693999e-01 5.269641125696333805e-01 2.371014773359620964e-01 5.149090820850764638e-01
2.977420617076089737e-01 3.995762543051677440e-01 0.000000000000000000e+00 5.687291664124454194e-01 4.677910886906612165e-01 3.804909975412962275e-02 9.351847073524703902e-01 4.236940917095762815e-01 2.001687931541821230e-01 6.731353279462188866e-01 9.247143293440840406e-01 6.231515703278796003e-01 1.952850425425070036e-01 4.862950657113428443e-01 8.776840543359537561e-01
9.535959880825715107e-01 3.804084244230963030e-01 5.687291664124454194e-01 0.000000000000000000e+00 4.128906333496805692e-01 7.471764716471789303e-01 7.098921366469830296e-01 8.399153144262109238e-01 9.960728457117717927e-02 8.292235168774422238e-01 1.351525827419692849e-01 4.633242438772898764e-01 3.521654693392642921e-01 2.536903400367026551e-01 2.793351199926095152e-01
7.977700543967591873e-02 2.018227006681186930e-01 4.677910886906612165e-01 4.128906333496805692e-01 0.000000000000000000e+00 5.076005142242941970e-01 5.163816921924064829e-01 6.936281711001027750e-01 2.754099187202788679e-01 5.024647759650047174e-01 7.748159154481049082e-01 8.324568013159452384e-01 9.573466389735526549e-01 8.575109560233877826e-01 7.914983963643553722e-01
1.811986745133525867e-01 9.525685153579643849e-02 3.804909975412962275e-02 7.471764716471789303e-01 5.076005142242941970e-01 0.000000000000000000e+00 9.458944434780868216e-01 8.462491449367918195e-01 4.029111188701148816e-01 7.049282659202149581e-01 5.471824086595007408e-01 9.933031325159389358e-01 7.132043980237195990e-01 5.157439859109753666e-01 6.538627190615624585e-01
5.968654745748351864e-01 8.390232794405368955e-01 9.351847073524703902e-01 7.098921366469830296e-01 5.163816921924064829e-01 9.458944434780868216e-01 0.000000000000000000e+00 9.053013294139986566e-01 8.863178835483590534e-01 1.835398805431758262e-01 9.906287346289438522e-01 3.889816090504186752e-01 4.182942626732136793e-01 2.659126131347205879e-01 5.952074788696610774e-01
3.346547261417412988e-01 4.152400389864020491e-01 4.236940917095762815e-01 8.399153144262109238e-01 6.936281711001027750e-01 8.462491449367918195e-01 9.053013294139986566e-01 0.000000000000000000e+00 8.818267891776642164e-01 3.844134672715256995e-01 7.873399820849951158e-01 9.412378413715530856e-01 3.946136558747086465e-01 1.717140291309440236e-01 6.417711122248797029e-01
5.836656998671418961e-02 7.612949448206138836e-01 2.001687931541821230e-01 9.960728457117717927e-02 2.754099187202788679e-01 4.029111188701148816e-01 8.863178835483590534e-01 8.818267891776642164e-01 0.000000000000000000e+00 4.894410484164759545e-01 7.492314584349661910e-01 8.984857337223933760e-01 8.327866345256503822e-01 3.185265495714107997e-01 4.560364558505931587e-01
9.812207110308104330e-01 1.229320945719172276e-01 6.731353279462188866e-01 8.292235168774422238e-01 5.024647759650047174e-01 7.049282659202149581e-01 1.835398805431758262e-01 3.844134672715256995e-01 4.894410484164759545e-01 0.000000000000000000e+00 9.418338753140957920e-01 9.874389912216589016e-01 4.028099001245697419e-01 7.023276671359917067e-01 5.249744786728317569e-01
3.917567192715659674e-01 3.277567656223586701e-01 9.247143293440840406e-01 1.351525827419692849e-01 7.748159154481049082e-01 5.471824086595007408e-01 9.906287346289438522e-01 7.873399820849951158e-01 7.492314584349661910e-01 9.418338753140957920e-01 0.000000000000000000e+00 8.749307483237499516e-01 1.326767997338762495e-01 6.646889939584381679e-01 4.341543281187728587e-01
3.432923554572203662e-01 8.364331912624693999e-01 6.231515703278796003e-01 4.633242438772898764e-01 8.324568013159452384e-01 9.933031325159389358e-01 3.889816090504186752e-01 9.412378413715530856e-01 8.984857337223933760e-01 9.874389912216589016e-01 8.749307483237499516e-01 0.000000000000000000e+00 6.031948277122457513e-01 3.776086074639249945e-01 5.073004827865378319e-01
4.924495360042783210e-01 5.269641125696333805e-01 1.952850425425070036e-01 3.521654693392642921e-01 9.573466389735526549e-01 7.132043980237195990e-01 4.182942626732136793e-01 3.946136558747086465e-01 8.327866345256503822e-01 4.028099001245697419e-01 1.326767997338762495e-01 6.031948277122457513e-01 0.000000000000000000e+00 5.572127216187902077e-01 1.020494066366817165e-01
8.958687399706732890e-03 2.371014773359620964e-01 4.862950657113428443e-01 2.536903400367026551e-01 8.575109560233877826e-01 5.157439859109753666e-01 2.659126131347205879e-01 1.717140291309440236e-01 3.185265495714107997e-01 7.023276671359917067e-01 6.646889939584381679e-01 3.776086074639249945e-01 5.572127216187902077e-01 0.000000000000000000e+00 4.688266494566519782e-01
2.294552205810540535e-02 5.149090820850764638e-01 8.776840543359537561e-01 2.793351199926095152e-01 7.914983963643553722e-01 6.538627190615624585e-01 5.952074788696610774e-01 6.417711122248797029e-01 4.560364558505931587e-01 5.249744786728317569e-01 4.341543281187728587e-01 5.073004827865378319e-01 1.020494066366817165e-01 4.688266494566519782e-01 0.000000000000000000e+00
