0.000000000000000000e+00 2.245105077075614242e-01 9.112494517998179777e-01 6.826139169374049187e-01 1.023865685717245677e-01 2.685221144767199197e-01 1.542117875488870915e-01 6.137153688034520105e-01 5.255768014046900971e-01 9.630331863790212443e-01 8.531793933417892717e-01 1.077664594409425414e-01 4.789356100321272569e-01 1.503255662895129907e-01 9.098459280028203811e-02
2.245105077075614242e-01 0.000000000000000000e+00 5.506286242483761084e-01 8.361335943565313400e-01 4.032761039682957183e-01 1.142927715917189113e-01 7.626628424413214313e-01 1.983416957195782704e-01 2.176307561475252506e-01 8.987931714779839876e-02 1.079467249540286833e-01 3.194304492968792486e-01 9.156850864838966819e-01 5.804116986386271826e-01 6.286752541013977957e-01
9.112494517998179777e-01 5.506286242483761084e-01 0.000000000000000000e+00 3.434437756854058499e-02 1.704150999432905156e-01 5.015134137609588150e-01 3.587326340157586113e-01 5.663069329367664828e-03 7.157977293316698519e-01 4.218495817640423029e-01 5.950502670990174270e-01 4.142400787756530534e-01 6.027783775903642338e-01 3.973335938959192681e-01 3.247635983291791151e-01
6.826139169374049187e-01 8.361335943565313400e-01 3.434437756854058499e-02 0.000000000000000000e+00 9.265612580227673423e-01 4.419895048737041421e-01 2.212308974562954278e-01 9.199526140366975913e-02 7.369179843053405010e-01 4.888295545860602553e-01 6.686248714184347408e-01 3.414399664399851986e-01 6.267112164352485193e-01 9.494903670933027007e-01 2.429709109801487799e-01
1.023865685717245677e-01 4.032761039682957183e-01 1.704150999432905156e-01 9.265612580227673423e-01 0.000000000000000000e+00 8.142715525375879837e-01 3.486963061618060244e-01 6.935098395974230723e-01 1.805347494016698029e-01 6.824268205190251457e-01 7.130000979822903595e-02 1.535127614691508269e-01 6.647321864006739967e-01 5.614859425179075103e-02 3.120763062341772587e-01
2.685221144767199197e-01 1.142927715917189113e-01 5.015134137609588150e-01 4.419895048737041421e-01 8.142715525375879837e-01 0.000000000000000000e+00 7.114069482884710638e-01 3.583024279880618890e-01 3.788503183871501090e-01 2.071054228108804018e-01 9.759826020998102480e-01 9.049730502605253246e-01 9.032285965537444339e-01 3.794993298787611158e-01 3.641041404529592462e-01
1.542117875488870915e-01 7.626628424413214313e-01 3.587326340157586113e-01 2.212308974562954278e-01 3.486963061618060244e-01 7.114069482884710638e-01 0.000000000000000000e+00 1.774526075381482881e-01 1.101972824546409990e-01 5.347088354975287894e-01 4.758869740189231035e-01 6.285024125247220539e-01 9.199305760108363872e-01 5.177561043082891112e-01 8.565630702512272432e-02
6.137153688034520105e-01 1.983416957195782704e-01 5.663069329367664828e-03 9.199526140366975913e-02 6.935098395974230723e-01 3.583024279880618890e-01 1.774526075381482881e-01 0.000000000000000000e+00 4.493810504471458245e-01 7.224852586103532870e-01 7.727611140647238086e-01 9.525913349038321876e-01 8.607730718231335620e-01 4.948431613691889330e-01 1.649039303151687008e-01
5.255768014046900971e-01 2.176307561475252506e-01 7.157977293316698519e-01 7.369179843053405010e-01 1.805347494016698029e-01 3.788503183871501090e-01 1.101972824546409990e-01 4.493810504471458245e-01 0.000000000000000000e+00 2.715354500369184798e-01 8.116329489041530509e-01 5.947308213686419709e-01 2.382025647952337177e-01 8.954336235521900278e-01 5.502818188891960283e-01
9.630331863790212443e-01 8.987931714779839876e-02 4.218495817640423029e-01 4.888295545860602553e-01 6.824268205190251457e-01 2.071054228108804018e-01 5.347088354975287894e-01 7.224852586103532870e-01 2.715354500369184798e-01 0.000000000000000000e+00 6.552071714556908510e-01 9.383567135707321372e-01 6.979322630836752861e-01 3.391571166972033868e-01 9.555772799693686981e-01
8.531793933417892717e-01 1.079467249540286833e-01 5.950502670990174270e-01 6.686248714184347408e-01 7.130000979822903595e-02 9.759826020998102480e-01 4.758869740189231035e-01 7.727611140647238086e-01 8.116329489041530509e-01 6.552071714556908510e-01 0.000000000000000000e+00 8.270097906266249410e-01 1.613681691659100137e-01 9.985010773540113904e-01 7.787954864871037275e-01
1.077664594409425414e-01 3.194304492968792486e-01 4.142400787756530534e-01 3.414399664399851986e-01 1.535127614691508269e-01 9.049730502605253246e-01 6.285024125247220539e-01 9.525913349038321876e-01 5.947308213686419709e-01 9.383567135707321372e-01 8.270097906266249410e-01 0.000000000000000000e+00 7.042878419339905216e-01 8.004186814509809400e-01 5.376813218891212109e-01
4.789356100321272569e-01 9.156850864838966819e-01 6.027783775903642338e-01 6.267112164352485193e-01 6.647321864006739967e-01 9.032285965537444339e-01 9.199305760108363872e-01 8.607730718231335620e-01 2.382025647952337177e-01 6.979322630836752861e-01 1.613681691659100137e-01 7.042878419339905216e-01 0.000000000000000000e+00 8.170540740097498311e-01 4.580861473423947228e-02
1.503255662895129907e-01 5.804116986386271826e-01 3.973335938959192681e-01 9.494903670933027007e-01 5.614859425179075103e-02 3.794993298787611158e-01 5.177561043082891112e-01 4.948431613691889330e-01 8.954336235521900278e-01 3.391571166972033868e-01 9.985010773540113904e-01 8.004186814509809400e-01 8.170540740097498311e-01 0.000000000000000000e+00 2.365587206706061263e-01
9.098459280028203811e-02 6.286752541013977957e-01 3.247635983291791151e-01 2.429709109801487799e-01 3.120763062341772587e-01 3.641041404529592462e-01 8.565630702512272432e-02 1.649039303151687008e-01 5.502818188891960283e-01 9.555772799693686981e-01 7.787954864871037275e-01 5.376813218891212109e-01 4.580861473423947228e-02 2.365587206706061263e-01 0.000000000000000000e+00
