0.000000000000000000e+00 9.717575508512159566e-01 7.812323591899417163e-02 4.744529456040949000e-01 9.337726615057637680e-01 9.664956404271010104e-01 6.317896054149718665e-02 1.708930751784809576e-01 4.175751264536167184e-01 3.904360853654522678e-01 7.689610914649034346e-01 6.445558446854231516e-01 1.347169273957327107e-02 2.057933648430585460e-01 2.456447932014226287e-01
9.717575508512159566e-01 0.000000000000000000e+00 4.595164820483881307e-01 7.911586971621537012e-01 2.510828974477011810e-01 4.577706654896075422e-01 3.964564561820207444e-01 2.304535824534282851e-01 4.656165591234384671e-01 2.960986634526896477e-02 6.076387131941777264e-01 6.857595958896373078e-01 9.403097876900397001e-01 5.654774878397333948e-01 3.142004521180786769e-01
7.812323591899417163e-02 4.595164820483881307e-01 0.000000000000000000e+00 4.156041460700318213e-01 3.900201233674120971e-01 9.680722011017953710e-01 6.800850490355190292e-01 9.565103806283864474e-01 1.787216533105774330e-01 7.512635793934234751e-01 4.281814464010595955e-01 2.364702677975283329e-03 8.015329935005710560e-01 4.744785641702574663e-01 8.973565016430939956e-02
4.744529456040949000e-01 7.911586971621537012e-01 4.156041460700318213e-01 0.000000000000000000e+00 8.065361852662633613e-01 3.597650606483657754e-01 4.040134548224640909e-01 3.505749595908034255e-01 2.763658033979329298e-01 1.112379614033153219e-01 4.732304281095767173e-02 1.138346427868408561e-01 9.335103171010643575e-01 1.953690681346664793e-02 9.985157595465354863e-02
9.337726615057637680e-01 2.510828974477011810e-01 3.900201233674120971e-01 8.065361852662633613e-01 0.000000000000000000e+00 3.768473678962486195e-01 2.716906083379668768e-01 7.763468315750359228e-01 6.368282459015986996e-01 5.494221289236664862e-01 2.809222374530315758e-01 5.857822537855206235e-02 2.446629142956635583e-01 6.930218401222449920e-01 6.582960371678988620e-01
9.664956404271010104e-01 4.577706654896075422e-01 9.680722011017953710e-01 3.597650606483657754e-01 3.768473678962486195e-01 0.000000000000000000e+00 6.125943084944325268e-01 9.381055850312673972e-01 7.600797105572003609e-01 4.559797402435268321e-01 4.769245627519446140e-01 4.527032150641907560e-02 6.315598392022020446e-01 4.099071501155778785e-01 9.363587715427139635e-01
6.317896054149718665e-02 3.964564561820207444e-01 6.800850490355190292e-01 4.040134548224640909e-01 2.716906083379668768e-01 6.125943084944325268e-01 0.000000000000000000e+00 1.410446366085261749e-01 3.986001185283460924e-02 4.412839858107631130e-01 5.470843177132538315e-01 9.962829783791561367e-01 1.550830877453958090e-01 9.999551586364530120e-02 7.758559312925014106e-01
1.708930751784809576e-01 2.304535824534282851e-01 9.565103806283864474e-01 3.505749595908034255e-01 7.763468315750359228e-01 9.381055850312673972e-01 1.410446366085261749e-01 0.000000000000000000e+00 9.616223442563416324e-01 4.991278971011554599e-01 5.543708703352381306e-01 4.807108360740137698e-01 1.644079961593436501e-02 9.384279314261743110e-01 4.968072898936838344e-01
4.175751264536167184e-01 4.656165591234384671e-01 1.787216533105774330e-01 2.763658033979329298e-01 6.368282459015986996e-01 7.600797105572003609e-01 3.986001185283460924e-02 9.616223442563416324e-01 0.000000000000000000e+00 2.456227634731491527e-01 3.431197406521907523e-01 7.866595111555615416e-01 3.659835031552504114e-01 5.957893200438740822e-01 2.496644871711017899e-01
3.904360853654522678e-01 2.960986634526896477e-02 7.512635793934234751e-01 1.112379614033153219e-01 5.494221289236664862e-01 4.559797402435268321e-01 4.412839858107631130e-01 4.991278971011554599e-01 2.456227634731491527e-01 0.000000000000000000e+00 2.791455283199832937e-01 1.843189446032169609e-01 4.941971215443885512e-02 5.678278314397031679e-01 5.084268532024927012e-03
7.689610914649034346e-01 6.076387131941777264e-01 4.281814464010595955e-01 4.732304281095767173e-02 2.809222374530315758e-01 4.769245627519446140e-01 5.470843177132538315e-01 5.543708703352381306e-01 3.431197406521907523e-01 2.791455283199832937e-01 0.000000000000000000e+00 1.231286778031100981e-01 1.103509216659565029e-01 6.182404643320300597e-01 2.834153621780345356e-01
6.445558446854231516e-01 6.857595958896373078e-01 2.364702677975283329e-03 1.138346427868408561e-01 5.857822537855206235e-02 4.527032150641907560e-02 9.962829783791561367e-01 4.807108360740137698e-01 7.866595111555615416e-01 1.843189446032169609e-01 1.231286778031100981e-01 0.000000000000000000e+00 8.385391713165855077e-01 5.625536641414791150e-01 3.940674986921069989e-01
1.347169273957327107e-02 9.403097876900397001e-01 8.015329935005710560e-01 9.335103171010643575e-01 2.446629142956635583e-01 6.315598392022020446e-01 1.550830877453958090e-01 1.644079961593436501e-02 3.659835031552504114e-01 4.941971215443885512e-02 1.103509216659565029e-01 8.385391713165855077e-01 0.000000000000000000e+00 2.948614831176151752e-01 7.331686841993231285e-01
2.057933648430585460e-01 5.654774878397333948e-01 4.744785641702574663e-01 1.953690681346664793e-02 6.930218401222449920e-01 4.099071501155778785e-01 9.999551586364530120e-02 9.384279314261743110e-01 5.957893200438740822e-01 5.678278314397031679e-01 6.182404643320300597e-01 5.625536641414791150e-01 2.948614831176151752e-01 0.000000000000000000e+00 3.308647947436186287e-01
2.456447932014226287e-01 3.142004521180786769e-01 8.973565016430939956e-02 9.985157595465354863e-02 6.582960371678988620e-01 9.363587715427139635e-01 7.758559312925014106e-01 4.968072898936838344e-01 2.496644871711017899e-01 5.084268532024927012e-03 2.834153621780345356e-01 3.940674986921069989e-01 7.331686841993231285e-01 3.308647947436186287e-01 0.000000000000000000e+00
