0.000000000000000000e+00 4.892290140533943621e-01 6.695568440446530989e-02 7.657618020024031802e-01 6.468451164893940231e-02 7.477724006717003657e-01 6.946972257632695325e-01 2.669147840889796175e-01 4.923086832403149593e-01 7.252531733801275138e-01 2.637381646533594193e-01 3.734657360911862733e-01 6.699503712650429765e-01 2.691481731107274733e-01 7.385561118665683322e-01
4.892290140533943621e-01 0.000000000000000000e+00 6.884294537490779353e-01 1.208779853832187001e-02 7.297268361119553237e-01 8.647055227669159239e-01 4.253745120151235515e-01 2.475472869553591027e-01 8.112324924317642072e-01 6.023186643491711401e-01 7.892025961411436308e-01 7.530823493361843424e-01 1.328634542620709125e-01 8.516266285419756832e-01 8.718359721518896821e-01
6.695568440446530989e-02 6.884294537490779353e-01 0.000000000000000000e+00 7.392093503142599387e-01 4.626962640016822892e-01 7.671444296892674375e-01 6.859843243711659655e-01 5.378128618802600069e-01 1.340974634785679909e-01 8.718705506416142281e-01 7.385296970175232456e-01 7.666589385569336779e-01 4.054408498160131380e-01 3.644011995162194095e-01 6.077049141645138874e-01
7.657618020024031802e-01 1.208779853832187001e-02 7.392093503142599387e-01 0.000000000000000000e+00 3.736682996275811908e-01 3.225478871208421472e-01 6.843558597517789277e-01 6.802807728842680257e-01 8.590021292141023501e-01 2.533642314672684970e-01 7.800279134422547500e-01 5.445940158293350875e-01 1.909604766097470208e-01 8.913246450326925974e-01 5.139756957853581776e-01
6.468451164893940231e-02 7.297268361119553237e-01 4.626962640016822892e-01 3.736682996275811908e-01 0.000000000000000000e+00 7.430705589936862365e-01 1.877560550190767730e-01 7.592183182137934860e-02 7.162058592459055184e-01 3.138649651852619682e-01 2.228633133745704376e-01 9.811499873292910401e-01 9.982735094901651340e-01 6.493355514415548591e-01 7.699445680203292897e-01
7.477724006717003657e-01 8.647055227669159239e-01 7.671444296892674375e-01 3.225478871208421472e-01 7.430705589936862365e-01 0.000000000000000000e+00 8.462487892539497514e-01 2.370953152932919750e-01 5.895553814345577681e-01 2.516867623442587965e-01 3.715048386014674353e-01 3.313638647177763463e-02 1.570685342328139722e-01 8.887735346667678948e-01 7.019579946174099305e-01
6.946972257632695325e-01 4.253745120151235515e-01 6.859843243711659655e-01 6.843558597517789277e-01 1.877560550190767730e-01 8.462487892539497514e-01 0.000000000000000000e+00 4.289031846695238182e-01 2.866178080953144525e-01 7.372082634121757128e-02 3.269368399817175197e-01 8.379040556552956875e-01 7.742968695601529783e-01 6.414934172625226250e-01 5.691894924210634255e-01
2.669147840889796175e-01 2.475472869553591027e-01 5.378128618802600069e-01 6.802807728842680257e-01 7.592183182137934860e-02 2.370953152932919750e-01 4.289031846695238182e-01 0.000000000000000000e+00 7.031248204074723729e-01 6.734303575894422522e-01 6.248192622734659585e-01 1.713471801135945105e-01 1.066064075253460031e-01 3.994848554832534093e-01 2.482445475363648235e-02
4.923086832403149593e-01 8.112324924317642072e-01 1.340974634785679909e-01 8.590021292141023501e-01 7.162058592459055184e-01 5.895553814345577681e-01 2.866178080953144525e-01 7.031248204074723729e-01 0.000000000000000000e+00 2.904313163727018088e-01 5.927887594764766899e-01 3.451499034831873036e-02 1.470850830412693266e-01 5.828457148815043842e-01 4.546107181042066125e-01
7.252531733801275138e-01 6.023186643491711401e-01 8.718705506416142281e-01 2.533642314672684970e-01 3.138649651852619682e-01 2.516867623442587965e-01 7.372082634121757128e-02 6.734303575894422522e-01 2.904313163727018088e-01 0.000000000000000000e+00 3.148872639643567339e-01 4.412135809019929189e-01 8.388170432345186667e-01 5.502976836263741012e-01 3.621424030533580973e-01
2.637381646533594193e-01 7.892025961411436308e-01 7.385296970175232456e-01 7.800279134422547500e-01 2.228633133745704376e-01 3.715048386014674353e-01 3.269368399817175197e-01 6.248192622734659585e-01 5.927887594764766899e-01 3.148872639643567339e-01 0.000000000000000000e+00 6.915306196194282995e-01 5.147238150531768808e-01 7.074203766149936845e-01 2.875247074291030769e-01
3.734657360911862733e-01 7.530823493361843424e-01 7.666589385569336779e-01 5.445940158293350875e-01 9.811499873292910401e-01 3.313638647177763463e-02 8.379040556552956875e-01 1.713471801135945105e-01 3.451499034831873036e-02 4.412135809019929189e-01 6.915306196194282995e-01 0.000000000000000000e+00 7.540418030035358488e-01 4.644325898622791993e-01 4.474458757651530449e-01
6.699503712650429765e-01 1.328634542620709125e-01 4.054408498160131380e-01 1.909604766097470208e-01 9.982735094901651340e-01 1.570685342328139722e-01 7.742968695601529783e-01 1.066064075253460031e-01 1.470850830412693266e-01 8.388170432345186667e-01 5.147238150531768808e-01 7.540418030035358488e-01 0.000000000000000000e+00 2.806642010399371667e-01 4.411783641530364619e-01
2.691481731107274733e-01 8.516266285419756832e-01 3.644011995162194095e-01 8.913246450326925974e-01 6.493355514415548591e-01 8.887735346667678948e-01 6.414934172625226250e-01 3.994848554832534093e-01 5.828457148815043842e-01 5.502976836263741012e-01 7.074203766149936845e-01 4.644325898622791993e-01 2.806642010399371667e-01 0.000000000000000000e+00 7.703405099286086966e-01
7.385561118665683322e-01 8.718359721518896821e-01 6.077049141645138874e-01 5.139756957853581776e-01 7.699445680203292897e-01 7.019579946174099305e-01 5.691894924210634255e-01 2.482445475363648235e-02 4.546107181042066125e-01 3.621424030533580973e-01 2.875247074291030769e-01 4.474458757651530449e-01 4.411783641530364619e-01 7.703405099286086966e-01 0.000000000000000000e+00
