0.000000000000000000e+00 1.243321044289068533e-01 5.574100704356377278e-01 4.370235510508584387e-01 4.557948330822625405e-02 5.680742025382166105e-01 3.661375308261888284e-01 9.842191878279846762e-01 7.566184910299407207e-01 2.744254215315584666e-01 8.842944734556860142e-01 2.592463273325492645e-01 6.059034229312867392e-01 4.040726944071613147e-01 6.394653442317262959e-01
1.243321044289068533e-01 0.000000000000000000e+00 9.723436086075464280e-01 8.166972801611250832e-01 7.218971616851356243e-01 1.611968551389331150e-02 4.065434777308080116e-01 1.392286862756194621e-01 7.501763519013900927e-01 5.898190580754466561e-01 3.014542531829781380e-01 4.918964673779815389e-01 8.169930562085625514e-02 1.888896831019705180e-01 9.379383335926889664e-01
5.574100704356377278e-01 9.723436086075464280e-01 0.000000000000000000e+00 7.609035149228110528e-01 5.561255873792592119e-01 7.737312684536223895e-01 9.200877898520108955e-01 2.802163705463939225e-01 1.314521491036073630e-01 1.913705290975439288e-01 6.765438113576461854e-01 7.689160055530359639e-01 4.060689612953183314e-02 1.120823850998037274e-01 8.087938901633729971e-01
4.370235510508584387e-01 8.166972801611250832e-01 7.609035149228110528e-01 0.000000000000000000e+00 3.734874623663571036e-01 9.962333472168471982e-02 7.891813526302079440e-01 8.153101622308545071e-01 6.599927834560432860e-01 7.257623432999561475e-01 1.463922256911636133e-01 1.493560265202997783e-02 1.989515787284500403e-01 9.738632485227534108e-01 7.273239951907414236e-01
4.557948330822625405e-02 7.218971616851356243e-01 5.561255873792592119e-01 3.734874623663571036e-01 0.000000000000000000e+00 5.600706732539880717e-01 2.232869208506783609e-01 8.577094884867495495e-01 5.275952685510242324e-01 7.560965954930360944e-01 9.251488619464620644e-01 6.014600244104363336e-01 9.504318058330629704e-02 1.477653382910159019e-01 8.509045726696037315e-01
5.680742025382166105e-01 1.611968551389331150e-02 7.737312684536223895e-01 9.962333472168471982e-02 5.600706732539880717e-01 0.000000000000000000e+00 7.642273335138316526e-02 3.392123850115593697e-01 2.122001642568174251e-01 1.366691975892164734e-02 3.563425358092131567e-02 2.505220195026924834e-02 3.314704789576000676e-01 3.132597965496303205e-01 9.052586690414512471e-01
3.661375308261888284e-01 4.065434777308080116e-01 9.200877898520108955e-01 7.891813526302079440e-01 2.232869208506783609e-01 7.642273335138316526e-02 0.000000000000000000e+00 2.031956200392973644e-01 2.224023923653659640e-01 2.959818013250132829e-01 9.335883685998257464e-01 3.944295521683454098e-01 4.663135034378516064e-01 2.489549866760508712e-01 1.062725121848179244e-01
9.842191878279846762e-01 1.392286862756194621e-01 2.802163705463939225e-01 8.153101622308545071e-01 8.577094884867495495e-01 3.392123850115593697e-01 2.031956200392973644e-01 0.000000000000000000e+00 9.842819526594722701e-01 2.292010323994159160e-01 8.546149354972649714e-01 9.285801729217978417e-01 1.921565912217515493e-02 9.477530551683844839e-01 6.115168813581743912e-01
7.566184910299407207e-01 7.501763519013900927e-01 1.314521491036073630e-01 6.599927834560432860e-01 5.275952685510242324e-01 2.122001642568174251e-01 2.224023923653659640e-01 9.842819526594722701e-01 0.000000000000000000e+00 2.378779110829012389e-01 9.692982808903038983e-02 7.350319224567235521e-01 8.712257179608353663e-01 1.801632954177200263e-01 9.293868798104890638e-01
2.744254215315584666e-01 5.898190580754466561e-01 1.913705290975439288e-01 7.257623432999561475e-01 7.560965954930360944e-01 1.366691975892164734e-02 2.959818013250132829e-01 2.292010323994159160e-01 2.378779110829012389e-01 0.000000000000000000e+00 3.895691146404589578e-02 4.555898039237220587e-01 4.519791602319936930e-01 1.459239756701424806e-01 8.507706856471831669e-01
8.842944734556860142e-01 3.014542531829781380e-01 6.765438113576461854e-01 1.463922256911636133e-01 9.251488619464620644e-01 3.563425358092131567e-02 9.335883685998257464e-01 8.546149354972649714e-01 9.692982808903038983e-02 3.895691146404589578e-02 0.000000000000000000e+00 6.730608041350729653e-01 4.080014280144060868e-01 2.255855576742542556e-01 5.538314821636918239e-01
2.592463273325492645e-01 4.918964673779815389e-01 7.689160055530359639e-01 1.493560265202997783e-02 6.014600244104363336e-01 2.505220195026924834e-02 3.944295521683454098e-01 9.285801729217978417e-01 7.350319224567235521e-01 4.555898039237220587e-01 6.730608041350729653e-01 0.000000000000000000e+00 1.140035210897920592e-01 7.750788150762263351e-01 9.926452279354793795e-01
6.059034229312867392e-01 8.169930562085625514e-02 4.060689612953183314e-02 1.989515787284500403e-01 9.504318058330629704e-02 3.314704789576000676e-01 4.663135034378516064e-01 1.921565912217515493e-02 8.712257179608353663e-01 4.519791602319936930e-01 4.080014280144060868e-01 1.140035210897920592e-01 0.000000000000000000e+00 6.223594956487332741e-02 4.710656900720284757e-01
4.040726944071613147e-01 1.888896831019705180e-01 1.120823850998037274e-01 9.738632485227534108e-01 1.477653382910159019e-01 3.132597965496303205e-01 2.489549866760508712e-01 9.477530551683844839e-01 1.801632954177200263e-01 1.459239756701424806e-01 2.255855576742542556e-01 7.750788150762263351e-01 6.223594956487332741e-02 0.000000000000000000e+00 2.215899448097322644e-01
6.394653442317262959e-01 9.379383335926889664e-01 8.087938901633729971e-01 7.273239951907414236e-01 8.509045726696037315e-01 9.052586690414512471e-01 1.062725121848179244e-01 6.115168813581743912e-01 9.293868798104890638e-01 8.507706856471831669e-01 5.538314821636918239e-01 9.926452279354793795e-01 4.710656900720284757e-01 2.215899448097322644e-01 0.000000000000000000e+00
