0.000000000000000000e+00 4.360375127611541002e-01 5.612345426190946673e-01 9.415618484689761702e-01 6.240622700916141907e-01 6.312856501750263583e-02 4.872284185036663828e-01 9.696808370492068230e-01 6.706106129859730203e-01 5.004788066740468722e-01 5.066172833780180351e-01 7.508419203636024220e-01 4.215431346058463591e-01 9.528023754617377383e-01 2.239880824309979923e-01 4.169558015706584797e-01 9.002371509150938200e-01 1.375552210956612065e-01 9.062443638132954282e-01 4.968204052962589268e-01
4.360375127611541002e-01 0.000000000000000000e+00 5.081290833855889311e-02 4.649875746822085265e-01 8.689254763084998112e-01 6.063712501123856846e-01 6.431978931208511829e-01 6.734671112619644573e-01 9.099018120813625599e-01 5.103885545502887533e-01 8.181330510189234184e-01 5.692180305586246325e-01 8.240637651977517075e-01 1.602275817217827525e-01 8.452223837965089359e-01 7.346749045469671557e-01 2.610094048490364527e-01 9.902478749595332586e-01 9.598549753010955365e-01 9.839630874921229120e-01
5.612345426190946673e-01 5.081290833855889311e-02 0.000000000000000000e+00 7.473409979262757297e-01 8.931300402087791745e-01 5.701505974518403796e-01 8.844351817567228657e-01 8.845273675969913540e-01 2.119812327682494280e-01 1.332916604197739163e-01 1.086674907657703137e-02 8.764269165269564787e-01 7.146311305627967014e-01 2.288848899584308150e-01 9.862527271729385481e-01 3.155693171396145580e-02 7.708033965702781876e-01 8.341483528646674861e-01 4.770965726182103683e-01 5.705006722473654479e-01
9.415618484689761702e-01 4.649875746822085265e-01 7.473409979262757297e-01 0.000000000000000000e+00 2.531087491993222471e-02 6.817225453342151686e-01 9.752526950256371618e-01 2.860527945968631691e-01 1.826780865716870483e-01 6.758583560239380672e-01 7.754101392905828893e-01 6.605556342563545513e-03 1.236452199951443287e-02 6.121506311032353098e-01 8.345940265328064545e-01 3.215043539271996709e-01 9.627552912835137811e-01 2.471589799019393574e-01 6.924448172236674637e-02 8.446907770552507522e-01
6.240622700916141907e-01 8.689254763084998112e-01 8.931300402087791745e-01 2.531087491993222471e-02 0.000000000000000000e+00 9.953735345600699391e-01 5.771865390047696831e-01 9.971868221925851428e-01 7.790925253431547626e-01 8.305164712648902547e-01 6.965472717332056307e-01 4.522094631026380984e-01 8.269252776109298209e-01 9.072150883138989652e-01 8.534392042689469271e-01 5.720832643746178725e-01 2.524195632664161248e-01 1.636579336822290287e-01 8.331485458409981781e-02 5.130104616503329273e-01
6.312856501750263583e-02 6.063712501123856846e-01 5.701505974518403796e-01 6.817225453342151686e-01 9.953735345600699391e-01 0.000000000000000000e+00 8.915634938158820688e-01 1.930260624731707786e-01 7.814270846630817502e-01 3.480317536813773982e-01 1.692783322150369640e-01 9.616273687716596630e-01 3.164428784361846825e-01 8.883155144381211787e-01 2.441147189178800581e-01 7.262877443411208667e-02 9.085762210598214983e-01 2.687678872806442687e-01 2.597562837133637892e-01 9.425523152968628970e-01
4.872284185036663828e-01 6.431978931208511829e-01 8.844351817567228657e-01 9.752526950256371618e-01 5.771865390047696831e-01 8.915634938158820688e-01 0.000000000000000000e+00 9.340616293439117923e-01 7.946721282423774291e-02 5.330910564111615013e-01 4.631447024106636334e-01 2.855828752151235994e-01 4.444989331741331373e-01 9.721721686207311919e-01 7.632454717666860011e-01 9.163408872885613343e-01 3.063168946372034629e-01 3.100632712111668354e-01 3.034466061634035761e-01 8.772898938092730248e-01
9.696808370492068230e-01 6.734671112619644573e-01 8.845273675969913540e-01 2.860527945968631691e-01 9.971868221925851428e-01 1.930260624731707786e-01 9.340616293439117923e-01 0.000000000000000000e+00 1.042724430379271539e-01 8.536602951105728421e-01 2.191532674129315073e-02 6.603822926067129950e-01 9.639293596499990402e-01 6.614104649833668637e-01 2.075550907902260489e-01 5.843808066531810397e-01 4.064272840612760396e-01 4.490739086514404788e-01 7.406655849371484024e-01 1.837890891903484203e-01
6.706106129859730203e-01 9.099018120813625599e-01 2.119812327682494280e-01 1.826780865716870483e-01 7.790925253431547626e-01 7.814270846630817502e-01 7.946721282423774291e-02 1.042724430379271539e-01 0.000000000000000000e+00 1.867383611286299594e-01 2.665161676431160309e-02 4.433743430159223786e-01 7.623727457286326725e-01 1.334004889497689694e-01 7.721472751424065528e-01 5.371210189117325839e-02 6.010513092762872489e-01 5.633065854914739434e-01 5.653940258134171337e-02 8.353689163335620282e-02
5.004788066740468722e-01 5.103885545502887533e-01 1.332916604197739163e-01 6.758583560239380672e-01 8.305164712648902547e-01 3.480317536813773982e-01 5.330910564111615013e-01 8.536602951105728421e-01 1.867383611286299594e-01 0.000000000000000000e+00 3.921297680001026853e-01 9.859415045140453859e-01 4.895678626025463664e-01 3.537737883316054432e-01 3.411848452743444504e-01 2.734930519532007276e-01 5.451398837507311912e-01 6.731137387255448079e-01 7.993467394294202499e-01 3.047715510734302358e-01
5.066172833780180351e-01 8.181330510189234184e-01 1.086674907657703137e-02 7.754101392905828893e-01 6.965472717332056307e-01 1.692783322150369640e-01 4.631447024106636334e-01 2.191532674129315073e-02 2.665161676431160309e-02 3.921297680001026853e-01 0.000000000000000000e+00 9.320086438074598467e-01 2.428735554093863769e-01 1.040958313952284886e-01 2.025214727708425366e-01 8.759059549946689449e-01 1.499338717131276644e-01 5.668736562884756358e-01 4.694289126642237076e-01 7.745648093108737919e-01
7.508419203636024220e-01 5.692180305586246325e-01 8.764269165269564787e-01 6.605556342563545513e-03 4.522094631026380984e-01 9.616273687716596630e-01 2.855828752151235994e-01 6.603822926067129950e-01 4.433743430159223786e-01 9.859415045140453859e-01 9.320086438074598467e-01 0.000000000000000000e+00 1.753527250876403265e-01 3.663172627437623063e-01 3.796041690663409796e-02 2.041028181365013294e-01 8.401959585324926261e-01 9.001464064512371133e-01 9.354701249204986357e-01 1.290258790288714152e-01
4.215431346058463591e-01 8.240637651977517075e-01 7.146311305627967014e-01 1.236452199951443287e-02 8.269252776109298209e-01 3.164428784361846825e-01 4.444989331741331373e-01 9.639293596499990402e-01 7.623727457286326725e-01 4.895678626025463664e-01 2.428735554093863769e-01 1.753527250876403265e-01 0.000000000000000000e+00 1.843998440188761023e-01 9.319448207064934264e-01 2.527344236925106458e-01 2.436349928918202234e-01 2.275200332450686425e-01 6.863379341144951740e-01 9.087395555865003249e-01
9.528023754617377383e-01 1.602275817217827525e-01 2.288848899584308150e-01 6.121506311032353098e-01 9.072150883138989652e-01 8.883155144381211787e-01 9.721721686207311919e-01 6.614104649833668637e-01 1.334004889497689694e-01 3.537737883316054432e-01 1.040958313952284886e-01 3.663172627437623063e-01 1.843998440188761023e-01 0.000000000000000000e+00 7.237371976847373212e-03 7.346720470625869304e-01 3.769259518713119483e-02 8.955060935855415627e-01 1.273815756477447714e-03 3.826561096623899427e-01
2.239880824309979923e-01 8.452223837965089359e-01 9.862527271729385481e-01 8.345940265328064545e-01 8.534392042689469271e-01 2.441147189178800581e-01 7.632454717666860011e-01 2.075550907902260489e-01 7.721472751424065528e-01 3.411848452743444504e-01 2.025214727708425366e-01 3.796041690663409796e-02 9.319448207064934264e-01 7.237371976847373212e-03 0.000000000000000000e+00 9.261180252874656738e-01 2.880157474649515104e-01 3.896132169314783233e-01 5.944945139486924601e-01 8.171797780256898625e-01
4.169558015706584797e-01 7.346749045469671557e-01 3.155693171396145580e-02 3.215043539271996709e-01 5.720832643746178725e-01 7.262877443411208667e-02 9.163408872885613343e-01 5.843808066531810397e-01 5.371210189117325839e-02 2.734930519532007276e-01 8.759059549946689449e-01 2.041028181365013294e-01 2.527344236925106458e-01 7.346720470625869304e-01 9.261180252874656738e-01 0.000000000000000000e+00 1.250067504833655141e-01 8.450808790325849973e-01 1.422781333735293474e-01 8.608390947123027992e-01
9.002371509150938200e-01 2.610094048490364527e-01 7.708033965702781876e-01 9.627552912835137811e-01 2.524195632664161248e-01 9.085762210598214983e-01 3.063168946372034629e-01 4.064272840612760396e-01 6.010513092762872489e-01 5.451398837507311912e-01 1.499338717131276644e-01 8.401959585324926261e-01 2.436349928918202234e-01 3.769259518713119483e-02 2.880157474649515104e-01 1.250067504833655141e-01 0.000000000000000000e+00 8.017022481633168107e-01 9.457348421909927971e-02 1.176784489657271005e-01
1.375552210956612065e-01 9.902478749595332586e-01 8.341483528646674861e-01 2.471589799019393574e-01 1.636579336822290287e-01 2.687678872806442687e-01 3.100632712111668354e-01 4.490739086514404788e-01 5.633065854914739434e-01 6.731137387255448079e-01 5.668736562884756358e-01 9.001464064512371133e-01 2.275200332450686425e-01 8.955060935855415627e-01 3.896132169314783233e-01 8.450808790325849973e-01 8.017022481633168107e-01 0.000000000000000000e+00 1.146319742575565570e-01 8.713350507720961646e-01
9.062443638132954282e-01 9.598549753010955365e-01 4.770965726182103683e-01 6.924448172236674637e-02 8.331485458409981781e-02 2.597562837133637892e-01 3.034466061634035761e-01 7.406655849371484024e-01 5.653940258134171337e-02 7.993467394294202499e-01 4.694289126642237076e-01 9.354701249204986357e-01 6.863379341144951740e-01 1.273815756477447714e-03 5.944945139486924601e-01 1.422781333735293474e-01 9.457348421909927971e-02 1.146319742575565570e-01 0.000000000000000000e+00 3.645146979196174364e-01
4.968204052962589268e-01 9.839630874921229120e-01 5.705006722473654479e-01 8.446907770552507522e-01 5.130104616503329273e-01 9.425523152968628970e-01 8.772898938092730248e-01 1.837890891903484203e-01 8.353689163335620282e-02 3.047715510734302358e-01 7.745648093108737919e-01 1.290258790288714152e-01 9.087395555865003249e-01 3.826561096623899427e-01 8.171797780256898625e-01 8.608390947123027992e-01 1.176784489657271005e-01 8.713350507720961646e-01 3.645146979196174364e-01 0.000000000000000000e+00
