0.000000000000000000e+00 2.905948222529267655e-01 3.464066555521813084e-01 2.326170675525618403e-02 8.114667130720466526e-01 8.656111941273879617e-01 4.498067117093380585e-01 1.087370533162329567e-01 7.198376699096101783e-01 9.421808867539771537e-02 1.932668932072236778e-01 2.736459630824230604e-01 6.564747617245501043e-01 2.136381854163319494e-01 5.499880658729529026e-01 2.998157854584512227e-01 3.165884243723652292e-01 4.021031539234649621e-01 9.973577627188697781e-01 8.974473217685119408e-02
2.905948222529267655e-01 0.000000000000000000e+00 9.714540289702398024e-01 6.189744985163333491e-01 2.690429839801655731e-01 1.953048991093340181e-01 3.975953128802989234e-02 7.438215652723736415e-01 2.239345408078187161e-01 3.952610765610187205e-01 2.036540170486845769e-01 1.772875908502473674e-01 9.416957405674863946e-02 3.937328157461591482e-01 6.472831511829396645e-01 2.703714874242666433e-01 1.973550939980098784e-01 3.616335465798915516e-01 2.252087873289169151e-01 9.194931807419427505e-01
3.464066555521813084e-01 9.714540289702398024e-01 0.000000000000000000e+00 7.059778134037631991e-01 6.068522397284258352e-01 7.927766628389691927e-01 3.462047841368770529e-01 2.845865637009008520e-01 2.879447163852481006e-01 6.027572293267715597e-01 1.496097761123788006e-01 4.833477122726583808e-01 3.132205977637846361e-01 1.414791719186214713e-02 7.198460419245039654e-01 1.643504523381323912e-01 1.672336911988459018e-01 4.808211369290771309e-02 3.783630345546183937e-01 1.108574951540988174e-01
2.326170675525618403e-02 6.189744985163333491e-01 7.059778134037631991e-01 0.000000000000000000e+00 9.080169893490364075e-02 1.628396688364563971e-04 5.536888989545519779e-01 2.359276373249942216e-01 7.452157277231136190e-01 9.262018644028859882e-01 2.453470339230319208e-01 9.757840375971521540e-01 1.927672809387391828e-01 7.824819059435123014e-01 6.386010209547713368e-01 5.174258030318283907e-01 4.754293687587096695e-01 8.036947871808790556e-01 2.799836097498561438e-01 1.835203954564503803e-01
8.114667130720466526e-01 2.690429839801655731e-01 6.068522397284258352e-01 9.080169893490364075e-02 0.000000000000000000e+00 8.943373185591311225e-01 7.432715313204858454e-01 9.899937281856319160e-01 1.662463907900356697e-01 3.951179901406505213e-01 6.860762622872067507e-01 7.382891072976669466e-01 5.808000694596152647e-01 6.020990916416997241e-01 3.322586610490713133e-01 2.583146147111887725e-01 6.313957106906824546e-01 4.552380607211748975e-01 3.326658335380504594e-01 3.857064014592247458e-01
8.656111941273879617e-01 1.953048991093340181e-01 7.927766628389691927e-01 1.628396688364563971e-04 8.943373185591311225e-01 0.000000000000000000e+00 2.747859584818967971e-02 3.015414315662159339e-01 8.352108628572639804e-01 8.350525276545555098e-01 9.828554845042934973e-01 2.042866799760340024e-01 6.425959950567420309e-01 1.846888253365718269e-01 3.988255539731599963e-02 3.787150115622018864e-01 6.130507031749413693e-01 9.855560826115131734e-01 1.555876345886474388e-01 5.397899173417779473e-01
4.498067117093380585e-01 3.975953128802989234e-02 3.462047841368770529e-01 5.536888989545519779e-01 7.432715313204858454e-01 2.747859584818967971e-02 0.000000000000000000e+00 2.344227495052148003e-01 7.141265286696895087e-01 5.196952793120392933e-01 9.262182365308158083e-01 3.262832398555788327e-01 6.039834920307817212e-01 3.613159695893407575e-01 1.629945519426598821e-01 6.683415707807064399e-01 8.719697797742386181e-01 2.003999488357011138e-01 2.942457600194268164e-01 8.928895600783125497e-01
1.087370533162329567e-01 7.438215652723736415e-01 2.845865637009008520e-01 2.359276373249942216e-01 9.899937281856319160e-01 3.015414315662159339e-01 2.344227495052148003e-01 0.000000000000000000e+00 4.779812238046940998e-01 8.687360613486759808e-01 4.107890777995248932e-01 6.362090371607195260e-01 5.504495371369362289e-01 7.146145591331370950e-01 5.000840730888524988e-01 4.425073677693542873e-01 2.362874943454821297e-01 6.618072698330612624e-01 6.275220966393613153e-01 8.038262427547426814e-02
7.198376699096101783e-01 2.239345408078187161e-01 2.879447163852481006e-01 7.452157277231136190e-01 1.662463907900356697e-01 8.352108628572639804e-01 7.141265286696895087e-01 4.779812238046940998e-01 0.000000000000000000e+00 6.451500676627072162e-01 3.997046224603029163e-02 6.010358427163944306e-01 8.782854042585108711e-02 9.510473342306392519e-01 3.816529597705893284e-01 7.052247199739017924e-01 6.508495766070148125e-01 6.173660646108358740e-02 2.040552131461603746e-02 8.806850285489939978e-01
9.421808867539771537e-02 3.952610765610187205e-01 6.027572293267715597e-01 9.262018644028859882e-01 3.951179901406505213e-01 8.350525276545555098e-01 5.196952793120392933e-01 8.687360613486759808e-01 6.451500676627072162e-01 0.000000000000000000e+00 3.786273836885808430e-01 2.928409741908604147e-01 9.254451203605135179e-01 6.503141943315243756e-01 2.510709165103061080e-01 5.419436268487841657e-01 5.717195036267075370e-02 9.449376177920315589e-01 8.286849810273509975e-01 2.681547141433689996e-01
1.932668932072236778e-01 2.036540170486845769e-01 1.496097761123788006e-01 2.453470339230319208e-01 6.860762622872067507e-01 9.828554845042934973e-01 9.262182365308158083e-01 4.107890777995248932e-01 3.997046224603029163e-02 3.786273836885808430e-01 0.000000000000000000e+00 5.349043730562906829e-01 2.005773552243497182e-01 4.992989442870021666e-02 1.801483409475762576e-01 3.029427030925269104e-02 8.607205203201340193e-02 8.471764605719009911e-01 3.073343725114525693e-01 3.712555261781681493e-01
2.736459630824230604e-01 1.772875908502473674e-01 4.833477122726583808e-01 9.757840375971521540e-01 7.382891072976669466e-01 2.042866799760340024e-01 3.262832398555788327e-01 6.362090371607195260e-01 6.010358427163944306e-01 2.928409741908604147e-01 5.349043730562906829e-01 0.000000000000000000e+00 4.497492235776727743e-01 4.520094008619078840e-01 2.862134275071026579e-02 8.546708204994181157e-01 3.399604949335321979e-01 7.203230566045403238e-01 9.161538824786807922e-01 8.055842399387314057e-02
6.564747617245501043e-01 9.416957405674863946e-02 3.132205977637846361e-01 1.927672809387391828e-01 5.808000694596152647e-01 6.425959950567420309e-01 6.039834920307817212e-01 5.504495371369362289e-01 8.782854042585108711e-02 9.254451203605135179e-01 2.005773552243497182e-01 4.497492235776727743e-01 0.000000000000000000e+00 2.302219974122888813e-01 8.079611306340533927e-01 9.987422882501879595e-01 5.363679670360356200e-01 1.381167742327016335e-01 6.223784524851975197e-01 4.014333724973156992e-01
2.136381854163319494e-01 3.937328157461591482e-01 1.414791719186214713e-02 7.824819059435123014e-01 6.020990916416997241e-01 1.846888253365718269e-01 3.613159695893407575e-01 7.146145591331370950e-01 9.510473342306392519e-01 6.503141943315243756e-01 4.992989442870021666e-02 4.520094008619078840e-01 2.302219974122888813e-01 0.000000000000000000e+00 4.530583075147388561e-01 5.207773214430210240e-01 1.673535274551329888e-01 8.295764261646482174e-01 1.589131848609570685e-02 9.028967707321530201e-01
5.499880658729529026e-01 6.472831511829396645e-01 7.198460419245039654e-01 6.386010209547713368e-01 3.322586610490713133e-01 3.988255539731599963e-02 1.629945519426598821e-01 5.000840730888524988e-01 3.816529597705893284e-01 2.510709165103061080e-01 1.801483409475762576e-01 2.862134275071026579e-02 8.079611306340533927e-01 4.530583075147388561e-01 0.000000000000000000e+00 1.206066735302735449e-02 6.152523679326151740e-01 6.549058170153485570e-01 7.724416415662538338e-01 8.355032936117131603e-01
2.998157854584512227e-01 2.703714874242666433e-01 1.643504523381323912e-01 5.174258030318283907e-01 2.583146147111887725e-01 3.787150115622018864e-01 6.683415707807064399e-01 4.425073677693542873e-01 7.052247199739017924e-01 5.419436268487841657e-01 3.029427030925269104e-02 8.546708204994181157e-01 9.987422882501879595e-01 5.207773214430210240e-01 1.206066735302735449e-02 0.000000000000000000e+00 3.741707927237857279e-01 3.767379147163117947e-01 4.247363879944454634e-01 6.516410380380860401e-01
3.165884243723652292e-01 1.973550939980098784e-01 1.672336911988459018e-01 4.754293687587096695e-01 6.313957106906824546e-01 6.130507031749413693e-01 8.719697797742386181e-01 2.362874943454821297e-01 6.508495766070148125e-01 5.717195036267075370e-02 8.607205203201340193e-02 3.399604949335321979e-01 5.363679670360356200e-01 1.673535274551329888e-01 6.152523679326151740e-01 3.741707927237857279e-01 0.000000000000000000e+00 3.856378881392196201e-01 1.721211545085291617e-01 7.557435653206359127e-01
4.021031539234649621e-01 3.616335465798915516e-01 4.808211369290771309e-02 8.036947871808790556e-01 4.552380607211748975e-01 9.855560826115131734e-01 2.003999488357011138e-01 6.618072698330612624e-01 6.173660646108358740e-02 9.449376177920315589e-01 8.471764605719009911e-01 7.203230566045403238e-01 1.381167742327016335e-01 8.295764261646482174e-01 6.549058170153485570e-01 3.767379147163117947e-01 3.856378881392196201e-01 0.000000000000000000e+00 5.982917600389211499e-01 6.554233429647049469e-01
9.973577627188697781e-01 2.252087873289169151e-01 3.783630345546183937e-01 2.799836097498561438e-01 3.326658335380504594e-01 1.555876345886474388e-01 2.942457600194268164e-01 6.275220966393613153e-01 2.040552131461603746e-02 8.286849810273509975e-01 3.073343725114525693e-01 9.161538824786807922e-01 6.223784524851975197e-01 1.589131848609570685e-02 7.724416415662538338e-01 4.247363879944454634e-01 1.721211545085291617e-01 5.982917600389211499e-01 0.000000000000000000e+00 7.469229498870355588e-01
8.974473217685119408e-02 9.194931807419427505e-01 1.108574951540988174e-01 1.835203954564503803e-01 3.857064014592247458e-01 5.397899173417779473e-01 8.928895600783125497e-01 8.038262427547426814e-02 8.806850285489939978e-01 2.681547141433689996e-01 3.712555261781681493e-01 8.055842399387314057e-02 4.014333724973156992e-01 9.028967707321530201e-01 8.355032936117131603e-01 6.516410380380860401e-01 7.557435653206359127e-01 6.554233429647049469e-01 7.469229498870355588e-01 0.000000000000000000e+00
