0.000000000000000000e+00 3.587357689867466393e-01 9.055426751162534149e-01 2.277881793847820191e-01 6.528453756653562756e-01 1.952741941272518877e-01 6.012080948687563708e-01 5.327922359409718034e-01 8.882250354755727439e-02 6.924357934355375166e-01 5.541742322252928288e-01 5.244749012104169550e-01 4.739108229570588859e-01 8.221271205468787535e-01 6.651187246760740246e-01 7.854278972912073220e-01 8.799756431352497854e-01 2.989268524344517175e-01 1.472351456626068700e-01 9.525991325156080158e-03
3.587357689867466393e-01 0.000000000000000000e+00 4.379831101228558454e-01 1.290695180943872700e-01 4.654198266585255483e-01 3.719490030333238995e-02 3.282519279282010150e-01 4.735107552888490057e-01 3.034928127879462645e-01 2.595815965501724332e-02 1.785585891422271088e-01 1.806891082691820527e-01 9.139620864763693397e-01 1.905510333156189562e-01 4.502020802899340257e-01 8.112327442062625682e-01 4.509810399885878507e-01 6.443411625061538084e-01 9.683524414800767088e-01 1.412387206880617585e-01
9.055426751162534149e-01 4.379831101228558454e-01 0.000000000000000000e+00 4.563242910242072403e-01 6.865471454787626104e-01 3.824504247198732276e-01 6.564706808655046411e-01 8.755070874991365271e-01 2.813397421537644494e-02 8.731044943430149585e-01 7.474870853810112736e-01 5.178647989482900726e-01 7.967950450910653570e-01 4.923305634863264224e-01 7.931195266028244761e-01 8.851857505639362245e-01 8.590300697506606520e-01 2.656578245178984332e-01 9.417619231303020477e-01 4.367050146728551629e-01
2.277881793847820191e-01 1.290695180943872700e-01 4.563242910242072403e-01 0.000000000000000000e+00 9.039734557748609900e-01 4.973432894030943574e-01 7.994920843858012161e-01 1.788830935228077346e-01 6.598587019345277804e-01 4.524042502311113045e-01 1.338981690611710240e-01 2.037595553187721009e-01 1.179918304196668766e-01 9.876954169685687734e-01 1.448398552197004419e-01 1.105472714473810791e-01 7.422983859801403073e-01 8.177473744420492574e-01 2.633853797238836503e-01 9.669324309919857807e-01
6.528453756653562756e-01 4.654198266585255483e-01 6.865471454787626104e-01 9.039734557748609900e-01 0.000000000000000000e+00 8.002500505938481279e-01 1.460936746175215406e-01 5.744795336768032668e-01 2.534681761056242211e-01 7.540292425620694905e-01 7.558739996686363316e-01 5.053347296631871544e-01 2.461749507731537667e-01 5.209566759054795604e-01 4.051434429702971407e-02 4.229618271827728648e-01 9.970884563929675037e-01 7.146559765731083091e-01 5.659934999132775202e-01 2.973830052560559878e-01
1.952741941272518877e-01 3.719490030333238995e-02 3.824504247198732276e-01 4.973432894030943574e-01 8.002500505938481279e-01 0.000000000000000000e+00 8.418947318913909683e-01 5.941424028175680272e-01 4.389738828966700535e-01 6.626998938949876239e-01 2.446811920750887603e-01 9.902372058900043017e-01 8.544175907931232938e-01 1.521760375486173045e-01 4.323721880223745373e-01 9.079052062439618709e-02 9.794533723903985356e-01 4.542215117969823357e-01 9.297313059744806152e-01 1.587225762089965464e-01
6.012080948687563708e-01 3.282519279282010150e-01 6.564706808655046411e-01 7.994920843858012161e-01 1.460936746175215406e-01 8.418947318913909683e-01 0.000000000000000000e+00 7.527311732882696615e-01 7.815177968314577228e-01 3.385756691232155724e-01 3.199907196638960283e-01 1.692605898860621849e-01 1.008295268131245148e-01 6.812187842962804663e-01 3.772118076901675998e-01 8.847178359873534292e-01 3.089965183570052565e-01 1.991913088819252664e-02 8.391335479825595689e-01 1.388013472115942060e-01
5.327922359409718034e-01 4.735107552888490057e-01 8.755070874991365271e-01 1.788830935228077346e-01 5.744795336768032668e-01 5.941424028175680272e-01 7.527311732882696615e-01 0.000000000000000000e+00 5.927133760392910844e-02 2.570440438429127950e-01 2.750229177022275318e-01 1.689343052659321165e-01 6.765685896429668444e-01 6.217192791542560659e-01 1.420971566193648394e-01 9.636744519950034560e-01 2.811847627609950218e-01 3.363515621546009360e-01 6.147551831730668770e-02 7.211066119329752055e-01
8.882250354755727439e-02 3.034928127879462645e-01 2.813397421537644494e-02 6.598587019345277804e-01 2.534681761056242211e-01 4.389738828966700535e-01 7.815177968314577228e-01 5.927133760392910844e-02 0.000000000000000000e+00 4.278163965167401939e-01 3.400860572826658323e-01 5.670795087738561557e-01 1.396698721008192701e-01 7.862666617573534911e-01 7.400364157084482475e-01 8.183376122384034002e-02 8.008692461820549058e-01 8.054410286696925825e-01 8.702817172230947751e-02 7.131298588365643232e-01
6.924357934355375166e-01 2.595815965501724332e-02 8.731044943430149585e-01 4.524042502311113045e-01 7.540292425620694905e-01 6.626998938949876239e-01 3.385756691232155724e-01 2.570440438429127950e-01 4.278163965167401939e-01 0.000000000000000000e+00 6.142213777230738359e-01 8.707837179938850980e-01 5.034403173621715410e-02 2.837703749200335412e-01 1.791906396087944442e-01 4.828251112804560208e-01 3.178332731447022219e-01 8.348530692712088364e-01 8.422802529646249425e-01 5.451370456754265348e-01
5.541742322252928288e-01 1.785585891422271088e-01 7.474870853810112736e-01 1.338981690611710240e-01 7.558739996686363316e-01 2.446811920750887603e-01 3.199907196638960283e-01 2.750229177022275318e-01 3.400860572826658323e-01 6.142213777230738359e-01 0.000000000000000000e+00 8.129693717577255452e-01 1.922703377021066640e-01 3.561333903820063096e-01 4.754226466196792567e-01 5.478302786890454357e-01 3.652543255649494114e-01 1.685049884623728289e-01 3.418345194538301435e-01 2.657963378107776053e-01
5.244749012104169550e-01 1.806891082691820527e-01 5.178647989482900726e-01 2.037595553187721009e-01 5.053347296631871544e-01 9.902372058900043017e-01 1.692605898860621849e-01 1.689343052659321165e-01 5.670795087738561557e-01 8.707837179938850980e-01 8.129693717577255452e-01 0.000000000000000000e+00 4.243958328361441268e-03 6.539618671184470600e-01 5.749433020170954256e-01 7.322080734503448873e-01 6.181980250804763877e-02 3.652895157676030458e-01 4.475678992899584374e-01 1.744385905051109020e-01
4.739108229570588859e-01 9.139620864763693397e-01 7.967950450910653570e-01 1.179918304196668766e-01 2.461749507731537667e-01 8.544175907931232938e-01 1.008295268131245148e-01 6.765685896429668444e-01 1.396698721008192701e-01 5.034403173621715410e-02 1.922703377021066640e-01 4.243958328361441268e-03 0.000000000000000000e+00 4.344842025580796241e-01 7.727536695490461183e-01 2.215342391625441110e-01 9.849057297307417524e-02 5.124304807318313948e-02 6.550639606125076009e-01 2.558756718318709877e-01
8.221271205468787535e-01 1.905510333156189562e-01 4.923305634863264224e-01 9.876954169685687734e-01 5.209566759054795604e-01 1.521760375486173045e-01 6.812187842962804663e-01 6.217192791542560659e-01 7.862666617573534911e-01 2.837703749200335412e-01 3.561333903820063096e-01 6.539618671184470600e-01 4.344842025580796241e-01 0.000000000000000000e+00 4.682204395011281273e-01 9.570451865864050278e-01 9.536208396846843627e-01 4.463712304135271092e-01 8.088032786447715283e-01 5.951683401891567637e-01
6.651187246760740246e-01 4.502020802899340257e-01 7.931195266028244761e-01 1.448398552197004419e-01 4.051434429702971407e-02 4.323721880223745373e-01 3.772118076901675998e-01 1.420971566193648394e-01 7.400364157084482475e-01 1.791906396087944442e-01 4.754226466196792567e-01 5.749433020170954256e-01 7.727536695490461183e-01 4.682204395011281273e-01 0.000000000000000000e+00 5.994537458254908247e-01 4.419875741300050009e-02 8.872424081443436306e-01 6.911525448744777478e-01 7.044775811121095632e-02
7.854278972912073220e-01 8.112327442062625682e-01 8.851857505639362245e-01 1.105472714473810791e-01 4.229618271827728648e-01 9.079052062439618709e-02 8.847178359873534292e-01 9.636744519950034560e-01 8.183376122384034002e-02 4.828251112804560208e-01 5.478302786890454357e-01 7.322080734503448873e-01 2.215342391625441110e-01 9.570451865864050278e-01 5.994537458254908247e-01 0.000000000000000000e+00 6.213140654084070569e-02 2.838067947695175341e-01 7.484996191362700557e-01 8.385438143442566217e-01
8.799756431352497854e-01 4.509810399885878507e-01 8.590300697506606520e-01 7.422983859801403073e-01 9.970884563929675037e-01 9.794533723903985356e-01 3.089965183570052565e-01 2.811847627609950218e-01 8.008692461820549058e-01 3.178332731447022219e-01 3.652543255649494114e-01 6.181980250804763877e-02 9.849057297307417524e-02 9.536208396846843627e-01 4.419875741300050009e-02 6.213140654084070569e-02 0.000000000000000000e+00 8.614836833986494469e-02 5.288615052268886840e-01 1.228116019288625349e-01
2.989268524344517175e-01 6.443411625061538084e-01 2.656578245178984332e-01 8.177473744420492574e-01 7.146559765731083091e-01 4.542215117969823357e-01 1.991913088819252664e-02 3.363515621546009360e-01 8.054410286696925825e-01 8.348530692712088364e-01 1.685049884623728289e-01 3.652895157676030458e-01 5.124304807318313948e-02 4.463712304135271092e-01 8.872424081443436306e-01 2.838067947695175341e-01 8.614836833986494469e-02 0.000000000000000000e+00 7.656936059478826051e-01 4.256675956416732243e-01
1.472351456626068700e-01 9.683524414800767088e-01 9.417619231303020477e-01 2.633853797238836503e-01 5.659934999132775202e-01 9.297313059744806152e-01 8.391335479825595689e-01 6.147551831730668770e-02 8.702817172230947751e-02 8.422802529646249425e-01 3.418345194538301435e-01 4.475678992899584374e-01 6.550639606125076009e-01 8.088032786447715283e-01 6.911525448744777478e-01 7.484996191362700557e-01 5.288615052268886840e-01 7.656936059478826051e-01 0.000000000000000000e+00 4.529205111042463594e-01
9.525991325156080158e-03 1.412387206880617585e-01 4.367050146728551629e-01 9.669324309919857807e-01 2.973830052560559878e-01 1.587225762089965464e-01 1.388013472115942060e-01 7.211066119329752055e-01 7.131298588365643232e-01 5.451370456754265348e-01 2.657963378107776053e-01 1.744385905051109020e-01 2.558756718318709877e-01 5.951683401891567637e-01 7.044775811121095632e-02 8.385438143442566217e-01 1.228116019288625349e-01 4.256675956416732243e-01 4.529205111042463594e-01 0.000000000000000000e+00
