0.000000000000000000e+00 5.987724356723548302e-01 2.609509627315846902e-01 4.002546964713848965e-02 2.818825243820266557e-03 1.227481735372955018e-01 6.731860754299718863e-01 9.023780904848719420e-01 5.535695135102381981e-01 3.516001451944363865e-01 2.033351285714669610e-01 6.239696188343635264e-01 9.444269381469158064e-01 7.822432398262013642e-02 1.937733827578372869e-01 6.619544304597368978e-01 1.883041307430310951e-01 1.846382379988786848e-01 4.864125156160182817e-01 7.399010199406331756e-01
5.987724356723548302e-01 0.000000000000000000e+00 6.817929520655530151e-02 8.085010563062472455e-01 1.601371872978339939e-01 9.141348135239304451e-01 2.320693499934025628e-01 3.191321910337182599e-01 7.049846115336222407e-01 8.772538934093030427e-01 6.442775614623829084e-01 2.816897753578611052e-01 4.917017525743099249e-01 3.179798344910889085e-02 1.162404550602058606e-01 7.439712334005743610e-01 4.241515450452130187e-01 4.677011647061783961e-01 2.998190970147014411e-01 5.208934837255989603e-01
2.609509627315846902e-01 6.817929520655530151e-02 0.000000000000000000e+00 6.744830531549684816e-01 1.570840570268854375e-01 8.958996387341867651e-01 6.359860822651084433e-01 6.624329460496927169e-01 6.197992594870810334e-01 6.099947841352737488e-02 6.669900946011140253e-01 4.740004130560036000e-01 9.215077746444962914e-01 2.509450106327734131e-01 5.599604543401228707e-01 8.318905603652615444e-02 4.410665216016426138e-01 6.282537693650019905e-01 2.950936330028468557e-01 8.759448687020550128e-01
4.002546964713848965e-02 8.085010563062472455e-01 6.744830531549684816e-01 0.000000000000000000e+00 4.296225517979855857e-01 7.513317187477596137e-01 1.004595489277972931e-01 6.858280135499816854e-01 7.088711487658727606e-01 1.919293517464550902e-01 4.454724348022677249e-01 6.213805110346183325e-01 6.633322287984561028e-01 7.000760064809212757e-01 5.162240438172700507e-01 6.408173665876214509e-01 8.515781234281719625e-01 9.305706604711903029e-01 7.366142312088149735e-01 9.329909120117061416e-01
2.818825243820266557e-03 1.601371872978339939e-01 1.570840570268854375e-01 4.296225517979855857e-01 0.000000000000000000e+00 4.300374458046851700e-01 2.931516448231762384e-01 1.455483496353603412e-01 9.376067623038751853e-01 2.533055194762182660e-01 2.469679612168922400e-01 4.332757500267730988e-01 3.155038482546823619e-01 1.763879105715966400e-01 2.890770893993654944e-01 8.449814766519780918e-02 2.187009154606657235e-01 7.700640811296664001e-01 4.914118742720861022e-01 7.301797062234094415e-01
1.227481735372955018e-01 9.141348135239304451e-01 8.958996387341867651e-01 7.513317187477596137e-01 4.300374458046851700e-01 0.000000000000000000e+00 1.794156118971008684e-01 5.870546172002977237e-01 1.583319231156987694e-01 7.062368479267842059e-01 1.543938246810914183e-01 6.137233253875773453e-01 8.883610352674020660e-01 1.866693641291014005e-01 6.318064920802346496e-02 3.665208013798418873e-01 4.559713450322439021e-01 9.992924265702096687e-02 9.566118998999204592e-01 2.417151785947894149e-01
6.731860754299718863e-01 2.320693499934025628e-01 6.359860822651084433e-01 1.004595489277972931e-01 2.931516448231762384e-01 1.794156118971008684e-01 0.000000000000000000e+00 7.263681106858376202e-01 5.992799657616347808e-01 8.921419889848966056e-01 4.025363044430468884e-01 2.312827336199420047e-01 2.146830087079931726e-01 6.920245292292441786e-01 5.343623090703808476e-01 6.633509815686255973e-01 8.086388968699176338e-02 9.742429365110840678e-01 8.715271863337928915e-01 7.193860935001218371e-01
9.023780904848719420e-01 3.191321910337182599e-01 6.624329460496927169e-01 6.858280135499816854e-01 1.455483496353603412e-01 5.870546172002977237e-01 7.263681106858376202e-01 0.000000000000000000e+00 6.267002824015742712e-01 6.540079371388001217e-01 3.848483109269349445e-01 4.935481042221590009e-02 7.463630491002922751e-01 4.596908439645774891e-03 7.891861967777092923e-01 8.531545439782063367e-01 2.268296452788429729e-01 8.942567064016826439e-02 4.387705158373251813e-01 2.744747927371437024e-01
5.535695135102381981e-01 7.049846115336222407e-01 6.197992594870810334e-01 7.088711487658727606e-01 9.376067623038751853e-01 1.583319231156987694e-01 5.992799657616347808e-01 6.267002824015742712e-01 0.000000000000000000e+00 5.920944529619115437e-01 4.879092984291204527e-01 6.864603723109400368e-01 4.139941335216738016e-01 6.558837117010843931e-01 4.633523527313165857e-04 3.617440179560968971e-01 4.632028989725341939e-01 5.580360611650355684e-01 5.520416073624336839e-01 5.204576842866374120e-01
3.516001451944363865e-01 8.772538934093030427e-01 6.099947841352737488e-02 1.919293517464550902e-01 2.533055194762182660e-01 7.062368479267842059e-01 8.921419889848966056e-01 6.540079371388001217e-01 5.920944529619115437e-01 0.000000000000000000e+00 9.932279246432914599e-01 1.712421112644397780e-01 2.752004776238946571e-01 3.036548938385251750e-01 8.731195453525053551e-02 1.331668375794260450e-01 6.279917639014992448e-01 5.180298854199031355e-01 3.522396917711609898e-01 3.890822040983855645e-01
2.033351285714669610e-01 6.442775614623829084e-01 6.669900946011140253e-01 4.454724348022677249e-01 2.469679612168922400e-01 1.543938246810914183e-01 4.025363044430468884e-01 3.848483109269349445e-01 4.879092984291204527e-01 9.932279246432914599e-01 0.000000000000000000e+00 8.612522608174855154e-01 3.452120714122803857e-01 3.622125622600812500e-01 4.429052566474200869e-01 2.370701178843689361e-01 9.512665278727008289e-01 1.890592804291016948e-01 4.913015745134421408e-01 3.212397561914918098e-01
6.239696188343635264e-01 2.816897753578611052e-01 4.740004130560036000e-01 6.213805110346183325e-01 4.332757500267730988e-01 6.137233253875773453e-01 2.312827336199420047e-01 4.935481042221590009e-02 6.864603723109400368e-01 1.712421112644397780e-01 8.612522608174855154e-01 0.000000000000000000e+00 5.110811707376090585e-01 7.818831393779548389e-01 5.269225602289263621e-01 1.224556963012435329e-02 6.547372771596436936e-01 3.006984499409089961e-01 9.820310233588913640e-01 4.801113791597874103e-01
9.444269381469158064e-01 4.917017525743099249e-01 9.215077746444962914e-01 6.633322287984561028e-01 3.155038482546823619e-01 8.883610352674020660e-01 2.146830087079931726e-01 7.463630491002922751e-01 4.139941335216738016e-01 2.752004776238946571e-01 3.452120714122803857e-01 5.110811707376090585e-01 0.000000000000000000e+00 8.451071560062602961e-01 7.810303618076260834e-01 8.246029910491948778e-01 9.377015848574533630e-01 8.771772606105197045e-01 4.302914943450345531e-01 9.882857713846870951e-01
7.822432398262013642e-02 3.179798344910889085e-02 2.509450106327734131e-01 7.000760064809212757e-01 1.763879105715966400e-01 1.866693641291014005e-01 6.920245292292441786e-01 4.596908439645774891e-03 6.558837117010843931e-01 3.036548938385251750e-01 3.622125622600812500e-01 7.818831393779548389e-01 8.451071560062602961e-01 0.000000000000000000e+00 5.124589914847527128e-01 9.848261141680905162e-01 4.529834788908226884e-01 5.532566232055824429e-02 9.993512588921573681e-01 3.337739671742483427e-01
1.937733827578372869e-01 1.162404550602058606e-01 5.599604543401228707e-01 5.162240438172700507e-01 2.890770893993654944e-01 6.318064920802346496e-02 5.343623090703808476e-01 7.891861967777092923e-01 4.633523527313165857e-04 8.731195453525053551e-02 4.429052566474200869e-01 5.269225602289263621e-01 7.810303618076260834e-01 5.124589914847527128e-01 0.000000000000000000e+00 7.887598523863409428e-01 4.110967063722020809e-01 7.944518311970260038e-01 7.067442159150435499e-01 7.356075209762205080e-01
6.619544304597368978e-01 7.439712334005743610e-01 8.318905603652615444e-02 6.408173665876214509e-01 8.449814766519780918e-02 3.665208013798418873e-01 6.633509815686255973e-01 8.531545439782063367e-01 3.617440179560968971e-01 1.331668375794260450e-01 2.370701178843689361e-01 1.224556963012435329e-02 8.246029910491948778e-01 9.848261141680905162e-01 7.887598523863409428e-01 0.000000000000000000e+00 7.214140713192279675e-01 2.032065305683690148e-01 9.719953282831185204e-01 8.883125760192441822e-01
1.883041307430310951e-01 4.241515450452130187e-01 4.410665216016426138e-01 8.515781234281719625e-01 2.187009154606657235e-01 4.559713450322439021e-01 8.086388968699176338e-02 2.268296452788429729e-01 4.632028989725341939e-01 6.279917639014992448e-01 9.512665278727008289e-01 6.547372771596436936e-01 9.377015848574533630e-01 4.529834788908226884e-01 4.110967063722020809e-01 7.214140713192279675e-01 0.000000000000000000e+00 4.058598695880261120e-01 2.763723285087249515e-02 1.716906184320096118e-01
1.846382379988786848e-01 4.677011647061783961e-01 6.282537693650019905e-01 9.305706604711903029e-01 7.700640811296664001e-01 9.992924265702096687e-02 9.742429365110840678e-01 8.942567064016826439e-02 5.580360611650355684e-01 5.180298854199031355e-01 1.890592804291016948e-01 3.006984499409089961e-01 8.771772606105197045e-01 5.532566232055824429e-02 7.944518311970260038e-01 2.032065305683690148e-01 4.058598695880261120e-01 0.000000000000000000e+00 9.483409983169722723e-01 7.151399688213211370e-03
4.864125156160182817e-01 2.998190970147014411e-01 2.950936330028468557e-01 7.366142312088149735e-01 4.914118742720861022e-01 9.566118998999204592e-01 8.715271863337928915e-01 4.387705158373251813e-01 5.520416073624336839e-01 3.522396917711609898e-01 4.913015745134421408e-01 9.820310233588913640e-01 4.302914943450345531e-01 9.993512588921573681e-01 7.067442159150435499e-01 9.719953282831185204e-01 2.763723285087249515e-02 9.483409983169722723e-01 0.000000000000000000e+00 2.984703668681500943e-01
7.399010199406331756e-01 5.208934837255989603e-01 8.759448687020550128e-01 9.329909120117061416e-01 7.301797062234094415e-01 2.417151785947894149e-01 7.193860935001218371e-01 2.744747927371437024e-01 5.204576842866374120e-01 3.890822040983855645e-01 3.212397561914918098e-01 4.801113791597874103e-01 9.882857713846870951e-01 3.337739671742483427e-01 7.356075209762205080e-01 8.883125760192441822e-01 1.716906184320096118e-01 7.151399688213211370e-03 2.984703668681500943e-01 0.000000000000000000e+00
