0.000000000000000000e+00 5.785864081365635903e-01 7.458830589232634534e-01 6.420541611987716779e-01 1.502034661878443034e-01 5.091504403140100221e-01 5.379956709226836331e-01 5.415932847601295785e-01 6.110352371294586193e-01 5.041609103038681150e-01 9.199643787923090787e-01 5.765269811858102500e-01 2.251065062705750464e-01 8.528541112264856894e-01 7.180181557993200459e-01 5.906867655946065332e-01 9.800287112519167065e-01 4.358890502861089145e-01 3.414236900654722406e-01 1.875932940731561693e-01
5.785864081365635903e-01 0.000000000000000000e+00 1.752501634803135255e-01 7.611759393030327336e-01 6.858521872140088682e-03 5.353879853507298447e-01 4.274604171499583050e-01 2.869353305730409920e-01 5.516191572635423812e-01 1.733613263432646212e-01 5.721256642321344010e-01 8.752961592349964848e-01 2.978964550653970811e-01 7.082915279388540819e-01 7.522014873361207998e-01 3.413496477803201756e-01 6.114612584924916661e-02 8.916267212806683329e-01 4.254284811660515864e-01 3.916409003388343635e-02
7.458830589232634534e-01 1.752501634803135255e-01 0.000000000000000000e+00 5.902528390200821873e-01 9.333882087679320483e-01 5.170030840209188794e-01 5.249721812377701191e-01 8.421108196155542291e-01 2.034543101271342191e-01 8.986604064566208194e-01 8.955178615588831326e-01 1.013874937921446229e-01 2.175360680064835073e-01 2.303854852789841701e-01 2.346597351544392751e-01 8.606896208215190081e-01 7.376630569342637056e-01 7.018636428537392558e-01 3.332235971124754004e-01 6.738469426001446605e-01
6.420541611987716779e-01 7.611759393030327336e-01 5.902528390200821873e-01 0.000000000000000000e+00 4.875641803468778734e-01 4.435713427650679330e-01 5.910947822753576109e-02 9.109646903069925639e-01 9.152053033969600460e-01 8.350267780733073852e-01 6.576861474244957151e-01 5.371278573635024367e-01 5.207341220224960265e-01 2.810813307656300220e-01 5.215595570392681513e-01 6.764945651238293278e-01 7.519061653587090222e-01 5.579747522312200614e-01 3.172766635363825083e-01 6.956555232372413355e-01
1.502034661878443034e-01 6.858521872140088682e-03 9.333882087679320483e-01 4.875641803468778734e-01 0.000000000000000000e+00 9.263357176669725357e-01 8.353294563254130001e-01 5.894980708718163820e-01 5.690055744727308129e-01 7.021871225496015834e-01 3.242997297578849025e-01 3.088790448805281974e-01 5.328862542644833278e-01 9.966021336717971746e-01 6.235270380353841180e-01 7.607129573326228966e-01 7.527035845780257750e-01 6.743387097178891176e-01 1.149206007182412836e-02 6.769698054795966202e-01
5.091504403140100221e-01 5.353879853507298447e-01 5.170030840209188794e-01 4.435713427650679330e-01 9.263357176669725357e-01 0.000000000000000000e+00 8.168442398536399640e-01 7.159390366809259554e-02 8.925237221119759479e-01 1.810670081564297318e-01 5.312291677284175506e-01 1.174720413407103203e-01 9.034124889677476178e-01 5.393162970246150323e-01 4.669161002357484769e-01 7.663763653947665011e-01 9.252916717757764253e-01 2.558230201270158544e-01 4.149098997865577898e-01 2.618776014655873619e-01
5.379956709226836331e-01 4.274604171499583050e-01 5.249721812377701191e-01 5.910947822753576109e-02 8.353294563254130001e-01 8.168442398536399640e-01 0.000000000000000000e+00 1.947827689476534507e-01 5.306301371084284346e-01 2.523098146153794907e-01 5.904062970858299231e-01 6.999016398432755803e-02 5.155547934480306793e-01 1.848011434492724536e-02 7.735747857597652377e-01 8.150869227151135155e-01 3.111140177357284431e-01 8.691566460526074511e-01 5.122619776877447295e-01 6.673263482749771658e-01
5.415932847601295785e-01 2.869353305730409920e-01 8.421108196155542291e-01 9.109646903069925639e-01 5.894980708718163820e-01 7.159390366809259554e-02 1.947827689476534507e-01 0.000000000000000000e+00 3.912028567385927857e-01 4.759268525160884611e-01 9.907254244334965376e-01 4.156373931397850940e-01 3.555898114964057832e-01 6.816563799031505333e-02 9.268679117811745583e-01 4.707254165888861142e-01 6.031829321880988193e-02 1.164273562356437086e-01 7.191887572008331952e-01 4.649688380590257797e-01
6.110352371294586193e-01 5.516191572635423812e-01 2.034543101271342191e-01 9.152053033969600460e-01 5.690055744727308129e-01 8.925237221119759479e-01 5.306301371084284346e-01 3.912028567385927857e-01 0.000000000000000000e+00 2.394718138036588950e-02 5.250732529495425460e-01 5.506055045545417137e-01 2.802508755040346022e-01 3.247539566741464157e-02 6.092339829336158585e-01 2.699681893881996642e-01 5.824210518602142006e-01 1.425164297214013276e-01 4.980303357117131791e-01 3.486103044394339712e-01
5.041609103038681150e-01 1.733613263432646212e-01 8.986604064566208194e-01 8.350267780733073852e-01 7.021871225496015834e-01 1.810670081564297318e-01 2.523098146153794907e-01 4.759268525160884611e-01 2.394718138036588950e-02 0.000000000000000000e+00 2.018690859253582381e-01 6.486020072119458302e-02 7.705931612960795762e-01 3.215206977228777241e-01 3.559877230081733845e-01 5.492643598426211193e-01 7.604376195251296711e-01 3.558131359754871381e-01 5.251289339318393479e-01 4.964701152161796749e-01
9.199643787923090787e-01 5.721256642321344010e-01 8.955178615588831326e-01 6.576861474244957151e-01 3.242997297578849025e-01 5.312291677284175506e-01 5.904062970858299231e-01 9.907254244334965376e-01 5.250732529495425460e-01 2.018690859253582381e-01 0.000000000000000000e+00 1.199865457841237104e-01 3.556744111002058117e-01 6.614246041061891956e-01 3.149512400765560605e-01 5.754066271059775639e-01 1.895186440676288608e-02 9.080204023866149665e-01 8.499155541349645571e-01 8.597529485402500837e-01
5.765269811858102500e-01 8.752961592349964848e-01 1.013874937921446229e-01 5.371278573635024367e-01 3.088790448805281974e-01 1.174720413407103203e-01 6.999016398432755803e-02 4.156373931397850940e-01 5.506055045545417137e-01 6.486020072119458302e-02 1.199865457841237104e-01 0.000000000000000000e+00 3.748378406986725420e-01 2.693694224421773198e-01 8.557144412351039842e-01 6.395201374845068676e-01 7.803361359646664441e-01 9.570320297019182521e-01 8.305533400412669076e-01 4.893585699984656090e-01
2.251065062705750464e-01 2.978964550653970811e-01 2.175360680064835073e-01 5.207341220224960265e-01 5.328862542644833278e-01 9.034124889677476178e-01 5.155547934480306793e-01 3.555898114964057832e-01 2.802508755040346022e-01 7.705931612960795762e-01 3.556744111002058117e-01 3.748378406986725420e-01 0.000000000000000000e+00 2.391745912373948180e-01 1.150352455195662316e-01 3.277784890515922367e-01 3.193998011204333132e-01 9.650307800638936451e-01 2.906070176051842591e-01 2.670660190987970140e-01
8.528541112264856894e-01 7.082915279388540819e-01 2.303854852789841701e-01 2.810813307656300220e-01 9.966021336717971746e-01 5.393162970246150323e-01 1.848011434492724536e-02 6.816563799031505333e-02 3.247539566741464157e-02 3.215206977228777241e-01 6.614246041061891956e-01 2.693694224421773198e-01 2.391745912373948180e-01 0.000000000000000000e+00 1.957880206365045783e-01 3.057950966136131488e-01 4.823639013496755501e-01 8.713799695436473813e-01 1.526893980652370697e-01 7.928842093030601390e-01
7.180181557993200459e-01 7.522014873361207998e-01 2.346597351544392751e-01 5.215595570392681513e-01 6.235270380353841180e-01 4.669161002357484769e-01 7.735747857597652377e-01 9.268679117811745583e-01 6.092339829336158585e-01 3.559877230081733845e-01 3.149512400765560605e-01 8.557144412351039842e-01 1.150352455195662316e-01 1.957880206365045783e-01 0.000000000000000000e+00 2.065757656375257767e-01 1.204405788702520574e-01 2.415683385418776474e-01 8.363916449707430312e-01 1.414263324436451086e-01
5.906867655946065332e-01 3.413496477803201756e-01 8.606896208215190081e-01 6.764945651238293278e-01 7.607129573326228966e-01 7.663763653947665011e-01 8.150869227151135155e-01 4.707254165888861142e-01 2.699681893881996642e-01 5.492643598426211193e-01 5.754066271059775639e-01 6.395201374845068676e-01 3.277784890515922367e-01 3.057950966136131488e-01 2.065757656375257767e-01 0.000000000000000000e+00 7.146059321162138156e-01 8.071422170997795131e-01 6.603040799763593149e-02 1.602212623479448705e-01
9.800287112519167065e-01 6.114612584924916661e-02 7.376630569342637056e-01 7.519061653587090222e-01 7.527035845780257750e-01 9.252916717757764253e-01 3.111140177357284431e-01 6.031829321880988193e-02 5.824210518602142006e-01 7.604376195251296711e-01 1.895186440676288608e-02 7.803361359646664441e-01 3.193998011204333132e-01 4.823639013496755501e-01 1.204405788702520574e-01 7.146059321162138156e-01 0.000000000000000000e+00 4.899968783462266275e-01 8.153273086135430781e-01 2.931015685518277847e-01
4.358890502861089145e-01 8.916267212806683329e-01 7.018636428537392558e-01 5.579747522312200614e-01 6.743387097178891176e-01 2.558230201270158544e-01 8.691566460526074511e-01 1.164273562356437086e-01 1.425164297214013276e-01 3.558131359754871381e-01 9.080204023866149665e-01 9.570320297019182521e-01 9.650307800638936451e-01 8.713799695436473813e-01 2.415683385418776474e-01 8.071422170997795131e-01 4.899968783462266275e-01 0.000000000000000000e+00 5.756609171421334104e-02 8.778109083709639826e-02
3.414236900654722406e-01 4.254284811660515864e-01 3.332235971124754004e-01 3.172766635363825083e-01 1.149206007182412836e-02 4.149098997865577898e-01 5.122619776877447295e-01 7.191887572008331952e-01 4.980303357117131791e-01 5.251289339318393479e-01 8.499155541349645571e-01 8.305533400412669076e-01 2.906070176051842591e-01 1.526893980652370697e-01 8.363916449707430312e-01 6.603040799763593149e-02 8.153273086135430781e-01 5.756609171421334104e-02 0.000000000000000000e+00 2.899874920071598972e-02
1.875932940731561693e-01 3.916409003388343635e-02 6.738469426001446605e-01 6.956555232372413355e-01 6.769698054795966202e-01 2.618776014655873619e-01 6.673263482749771658e-01 4.649688380590257797e-01 3.486103044394339712e-01 4.964701152161796749e-01 8.597529485402500837e-01 4.893585699984656090e-01 2.670660190987970140e-01 7.928842093030601390e-01 1.414263324436451086e-01 1.602212623479448705e-01 2.931015685518277847e-01 8.778109083709639826e-02 2.899874920071598972e-02 0.000000000000000000e+00
