0.000000000000000000e+00 1.510394859795360922e-01 5.464682667091670387e-01 2.444273323695533850e-01 1.415653630622636383e-01 7.653825506477173191e-01 4.763479452960538429e-01 8.259265091676672998e-01 7.964951555570836117e-01 2.320553944558030324e-01 9.648665045689841513e-03 3.176874058637171316e-01 6.758194128589172234e-01 6.596480149775628687e-01 4.221888280607017929e-01 5.294849030015609248e-01 8.399078316788077814e-02 1.397477069377152104e-01 1.614565637471051529e-01 2.574187324266106192e-01
1.510394859795360922e-01 0.000000000000000000e+00 9.938920709238523443e-01 7.653058074028256108e-01 2.063580315416565503e-01 1.083250777568549594e-01 5.539117393208121687e-01 9.472713456790438080e-01 9.561946114885496728e-01 8.566215582130252137e-01 6.085470691412243616e-01 6.520603279569986421e-01 2.105181864026964833e-01 2.319554611811192046e-01 6.556855337347468060e-01 5.216492269253970582e-01 2.061775917658956736e-01 8.964838165370122569e-01 2.617467501764479954e-01 8.816622048177125137e-02
5.464682667091670387e-01 9.938920709238523443e-01 0.000000000000000000e+00 8.420344855584663835e-01 6.414081388992024513e-01 8.644002033461007928e-01 4.346381716682625740e-01 5.297422679866222728e-01 3.636629945420547516e-01 6.637130202540505453e-01 4.425728687153941410e-01 2.718077571810073589e-02 8.745112330145379254e-01 4.597734566725665273e-01 3.614421343816646148e-01 3.244231962576484829e-01 1.569484360763873099e-04 2.927314766381112765e-01 2.857885144741828531e-01 4.519519552468715951e-01
2.444273323695533850e-01 7.653058074028256108e-01 8.420344855584663835e-01 0.000000000000000000e+00 2.748833859159283133e-01 8.888404772849067825e-01 6.272135629360929832e-01 4.413120322995991440e-01 3.436004098344220825e-01 9.610443058326667565e-02 4.055950809178732186e-01 1.585110209893567657e-01 6.006835145855338176e-02 6.361198035459503242e-01 9.723819640740062331e-01 6.336904936748221084e-01 2.333330568555748163e-01 9.195537428011312242e-01 4.006755194253597274e-01 9.753674483067409362e-02
1.415653630622636383e-01 2.063580315416565503e-01 6.414081388992024513e-01 2.748833859159283133e-01 0.000000000000000000e+00 7.809680590051412130e-01 6.710009653512162275e-01 1.515375736910304916e-01 7.150996629624322143e-01 8.631960064303033642e-01 5.091239721455822487e-01 4.639146711951588342e-01 8.973372985648445654e-01 4.801525211376173052e-01 2.812193490055057143e-01 2.241148374973945812e-01 3.318993834551645650e-01 3.613266039264307894e-01 1.668002919822668684e-01 4.825889397035266759e-01
7.653825506477173191e-01 1.083250777568549594e-01 8.644002033461007928e-01 8.888404772849067825e-01 7.809680590051412130e-01 0.000000000000000000e+00 2.826170893795908468e-01 5.113808311815787322e-01 2.590091419809609219e-01 6.738218623377422167e-01 5.633614943411462406e-01 4.427893259682674776e-01 9.502081535531154977e-01 4.775883953610949861e-01 6.222131966348772858e-01 5.673414674453622908e-01 9.360971109313730443e-01 9.988987316992138377e-01 4.761489469470187030e-01 1.612360708110760488e-02
4.763479452960538429e-01 5.539117393208121687e-01 4.346381716682625740e-01 6.272135629360929832e-01 6.710009653512162275e-01 2.826170893795908468e-01 0.000000000000000000e+00 3.678272450165025464e-01 1.177771875200359641e-01 2.053252318138215626e-01 5.685271986552828949e-01 8.503225608345821307e-01 3.179791895532999568e-01 6.892693268306709919e-01 6.081114074005271597e-01 1.726052554563202168e-01 5.377074600833717799e-01 2.226123506391031182e-02 5.737068228396106084e-01 5.972499470693176660e-01
8.259265091676672998e-01 9.472713456790438080e-01 5.297422679866222728e-01 4.413120322995991440e-01 1.515375736910304916e-01 5.113808311815787322e-01 3.678272450165025464e-01 0.000000000000000000e+00 6.306353902158334801e-02 4.753321207440589502e-01 3.156250895409242752e-01 5.783495241124465558e-01 2.629335271879492675e-01 9.981731930023277632e-01 5.206517555340752779e-01 2.569366777786015188e-01 4.287646207851253388e-01 3.806009306463978836e-01 2.881636009608857796e-01 7.463323998522962688e-01
7.964951555570836117e-01 9.561946114885496728e-01 3.636629945420547516e-01 3.436004098344220825e-01 7.150996629624322143e-01 2.590091419809609219e-01 1.177771875200359641e-01 6.306353902158334801e-02 0.000000000000000000e+00 6.419601447940321837e-01 7.579482669658627048e-01 9.540906300133741302e-01 1.068095787447245204e-01 5.291155188196471348e-01 3.502642226554613103e-01 5.114168830107934660e-01 1.054369686108386217e-01 7.570065211075158729e-01 9.776742344785394057e-02 8.232218766527954479e-01
2.320553944558030324e-01 8.566215582130252137e-01 6.637130202540505453e-01 9.610443058326667565e-02 8.631960064303033642e-01 6.738218623377422167e-01 2.053252318138215626e-01 4.753321207440589502e-01 6.419601447940321837e-01 0.000000000000000000e+00 4.188140388616142795e-01 7.945519548140608235e-01 6.190697252047233645e-01 9.609467528075114062e-01 5.540991489311966056e-01 1.899828380816457329e-01 4.535384579340266953e-01 1.937371459077602553e-01 7.707578051389968321e-01 4.133522213625132613e-01
9.648665045689841513e-03 6.085470691412243616e-01 4.425728687153941410e-01 4.055950809178732186e-01 5.091239721455822487e-01 5.633614943411462406e-01 5.685271986552828949e-01 3.156250895409242752e-01 7.579482669658627048e-01 4.188140388616142795e-01 0.000000000000000000e+00 9.857968964152123981e-01 3.001807577183031039e-01 8.092675690054940141e-01 2.563491641605657456e-01 3.013137727776610264e-01 1.246338904316307561e-01 2.967677464969765699e-01 1.528639836491346715e-01 5.878422250940740224e-02
3.176874058637171316e-01 6.520603279569986421e-01 2.718077571810073589e-02 1.585110209893567657e-01 4.639146711951588342e-01 4.427893259682674776e-01 8.503225608345821307e-01 5.783495241124465558e-01 9.540906300133741302e-01 7.945519548140608235e-01 9.857968964152123981e-01 0.000000000000000000e+00 9.340960127998465534e-02 8.572587122967703088e-01 1.463048859003983626e-01 3.898902283546631375e-01 4.560424789142073498e-01 5.037340156830015792e-01 2.748707798297778115e-02 1.384046703425515501e-01
6.758194128589172234e-01 2.105181864026964833e-01 8.745112330145379254e-01 6.006835145855338176e-02 8.973372985648445654e-01 9.502081535531154977e-01 3.179791895532999568e-01 2.629335271879492675e-01 1.068095787447245204e-01 6.190697252047233645e-01 3.001807577183031039e-01 9.340960127998465534e-02 0.000000000000000000e+00 5.892276141668768563e-01 4.133981677035418745e-01 6.530771132699890735e-01 3.468670213017629456e-01 6.999370690578377019e-02 4.095226159170256564e-01 7.229119101958503268e-02
6.596480149775628687e-01 2.319554611811192046e-01 4.597734566725665273e-01 6.361198035459503242e-01 4.801525211376173052e-01 4.775883953610949861e-01 6.892693268306709919e-01 9.981731930023277632e-01 5.291155188196471348e-01 9.609467528075114062e-01 8.092675690054940141e-01 8.572587122967703088e-01 5.892276141668768563e-01 0.000000000000000000e+00 4.848417937481508400e-01 9.213566663219474595e-01 2.950471313000087026e-01 1.822339643515809016e-01 5.097170957341022879e-01 4.902141698887934051e-01
4.221888280607017929e-01 6.556855337347468060e-01 3.614421343816646148e-01 9.723819640740062331e-01 2.812193490055057143e-01 6.222131966348772858e-01 6.081114074005271597e-01 5.206517555340752779e-01 3.502642226554613103e-01 5.540991489311966056e-01 2.563491641605657456e-01 1.463048859003983626e-01 4.133981677035418745e-01 4.848417937481508400e-01 0.000000000000000000e+00 7.424640554885904020e-01 9.955699548661027798e-01 1.091241494282062519e-01 9.187831665280166149e-02 9.481718656129894951e-01
5.294849030015609248e-01 5.216492269253970582e-01 3.244231962576484829e-01 6.336904936748221084e-01 2.241148374973945812e-01 5.673414674453622908e-01 1.726052554563202168e-01 2.569366777786015188e-01 5.114168830107934660e-01 1.899828380816457329e-01 3.013137727776610264e-01 3.898902283546631375e-01 6.530771132699890735e-01 9.213566663219474595e-01 7.424640554885904020e-01 0.000000000000000000e+00 6.931455357434604947e-01 3.893134544822591803e-01 5.508112222708627659e-02 6.311677012426831768e-01
8.399078316788077814e-02 2.061775917658956736e-01 1.569484360763873099e-04 2.333330568555748163e-01 3.318993834551645650e-01 9.360971109313730443e-01 5.377074600833717799e-01 4.287646207851253388e-01 1.054369686108386217e-01 4.535384579340266953e-01 1.246338904316307561e-01 4.560424789142073498e-01 3.468670213017629456e-01 2.950471313000087026e-01 9.955699548661027798e-01 6.931455357434604947e-01 0.000000000000000000e+00 9.026368783579308275e-01 6.301596436178800165e-01 9.280525685598449703e-01
1.397477069377152104e-01 8.964838165370122569e-01 2.927314766381112765e-01 9.195537428011312242e-01 3.613266039264307894e-01 9.988987316992138377e-01 2.226123506391031182e-02 3.806009306463978836e-01 7.570065211075158729e-01 1.937371459077602553e-01 2.967677464969765699e-01 5.037340156830015792e-01 6.999370690578377019e-02 1.822339643515809016e-01 1.091241494282062519e-01 3.893134544822591803e-01 9.026368783579308275e-01 0.000000000000000000e+00 2.382281133753331170e-01 6.624714829127413829e-01
1.614565637471051529e-01 2.617467501764479954e-01 2.857885144741828531e-01 4.006755194253597274e-01 1.668002919822668684e-01 4.761489469470187030e-01 5.737068228396106084e-01 2.881636009608857796e-01 9.776742344785394057e-02 7.707578051389968321e-01 1.528639836491346715e-01 2.748707798297778115e-02 4.095226159170256564e-01 5.097170957341022879e-01 9.187831665280166149e-02 5.508112222708627659e-02 6.301596436178800165e-01 2.382281133753331170e-01 0.000000000000000000e+00 7.093960507628611634e-01
2.574187324266106192e-01 8.816622048177125137e-02 4.519519552468715951e-01 9.753674483067409362e-02 4.825889397035266759e-01 1.612360708110760488e-02 5.972499470693176660e-01 7.463323998522962688e-01 8.232218766527954479e-01 4.133522213625132613e-01 5.878422250940740224e-02 1.384046703425515501e-01 7.229119101958503268e-02 4.902141698887934051e-01 9.481718656129894951e-01 6.311677012426831768e-01 9.280525685598449703e-01 6.624714829127413829e-01 7.093960507628611634e-01 0.000000000000000000e+00
