0.000000000000000000e+00 3.318403741523183736e-01 9.890252871250412303e-01 1.493336050867786202e-01 9.766729907210820461e-01 9.517684905909239435e-01 1.976499620909610844e-02 5.251969040530367616e-01 2.156316952667877151e-01 7.047308362863082820e-01 4.838265215096946292e-01 1.741713236198707548e-01 6.492391364340722726e-01 9.806319477630376369e-01 9.683173401200870778e-01 5.637835526218988313e-01 2.311877856570898615e-01 5.417759580669463393e-01 5.888018625192972255e-01 4.315239870748490691e-01
3.318403741523183736e-01 0.000000000000000000e+00 8.277498280215578319e-02 1.108407098488582987e-01 7.959297832936607087e-01 8.394143214509216522e-01 2.809096533444678245e-01 4.874416996430857019e-01 7.187378256164248524e-01 5.125763946144468175e-01 1.037823814115013121e-02 4.406470271136742056e-02 8.498858187314184409e-01 6.234623949773296925e-01 6.286065738964141669e-02 8.907109020590852078e-01 5.363912569588455970e-01 6.972563272140264168e-01 8.734283622812109016e-01 8.949649421788927750e-01
9.890252871250412303e-01 8.277498280215578319e-02 0.000000000000000000e+00 9.894733164454737606e-01 2.076200121860617420e-01 2.785892762793951150e-01 2.967918110711982305e-01 9.762974368033052741e-01 8.710748266610197632e-01 5.603189059482230894e-01 8.610928865662660359e-01 8.614514129062706971e-01 1.092158871511106355e-02 2.136996320925410586e-02 7.009612815338264191e-01 3.697388813145516817e-01 4.338065088727754981e-01 9.560020877141806039e-03 1.306011530013864164e-01 3.342231910429487307e-01
1.493336050867786202e-01 1.108407098488582987e-01 9.894733164454737606e-01 0.000000000000000000e+00 4.288795424003217782e-01 7.094092871446153747e-01 3.373321305038415874e-01 2.230010083622571138e-01 1.399435615898413365e-01 1.374110044275403952e-01 4.045432086334788124e-01 1.313064691349190571e-01 1.153489390397973713e-01 3.252909176458473883e-01 5.080316900529679991e-02 9.066725181587605986e-01 1.833306493758118938e-01 3.152829270872342660e-01 7.562729024656106303e-01 3.137005151966161254e-01
9.766729907210820461e-01 7.959297832936607087e-01 2.076200121860617420e-01 4.288795424003217782e-01 0.000000000000000000e+00 3.538688576748014736e-01 3.032089517972474946e-01 7.309216657571535603e-01 7.240656040099671120e-01 2.001816409331720337e-01 6.643338242827603324e-01 1.633763616511915151e-01 9.897829220670678607e-01 8.666777665568407008e-01 3.383489877683972802e-01 1.668258976014772577e-01 7.629455671778481163e-01 4.649675221962656924e-01 6.495620621402087291e-02 8.442328881992799960e-02
9.517684905909239435e-01 8.394143214509216522e-01 2.785892762793951150e-01 7.094092871446153747e-01 3.538688576748014736e-01 0.000000000000000000e+00 2.926217120937432137e-01 8.507213194714893234e-01 8.624979886413083330e-01 5.808048024805295695e-01 5.185448941331978201e-01 8.456367697055476862e-01 1.347267746981528624e-01 4.037231341626483783e-01 4.138154464727731296e-01 7.007128708974283970e-01 1.951990999588024689e-01 2.040928990308488178e-01 5.843494101579763678e-01 8.013756051287159732e-01
1.976499620909610844e-02 2.809096533444678245e-01 2.967918110711982305e-01 3.373321305038415874e-01 3.032089517972474946e-01 2.926217120937432137e-01 0.000000000000000000e+00 6.700922464473580975e-01 6.086391929446499649e-02 2.291649257304406717e-01 2.347821844891686549e-01 4.059001448623662522e-01 5.782231086780043050e-01 8.818898919042332807e-01 1.225820164508554244e-01 5.667635642738673152e-01 5.090234979780133839e-01 9.303075335108424992e-01 8.789925471600187334e-01 9.492656250703940257e-01
5.251969040530367616e-01 4.874416996430857019e-01 9.762974368033052741e-01 2.230010083622571138e-01 7.309216657571535603e-01 8.507213194714893234e-01 6.700922464473580975e-01 0.000000000000000000e+00 9.618831893779051789e-01 7.295870813943852173e-01 4.800137820371620512e-01 3.460815274493789229e-01 8.876406611468763419e-01 5.021030268073186642e-01 7.559524441740226308e-01 8.759197956895011794e-01 1.115144801817929965e-01 8.005967285736759198e-01 6.705350941194435643e-01 3.704382099992983290e-01
2.156316952667877151e-01 7.187378256164248524e-01 8.710748266610197632e-01 1.399435615898413365e-01 7.240656040099671120e-01 8.624979886413083330e-01 6.086391929446499649e-02 9.618831893779051789e-01 0.000000000000000000e+00 5.750383992928300714e-01 2.074562181504746583e-02 8.622437094583063066e-01 8.353452710939229808e-01 3.155026597884641459e-01 9.341963475885541879e-01 8.618890096939260115e-01 3.181479627697082480e-01 6.388666636376276742e-01 6.090811809014451406e-01 5.378394786314538711e-01
7.047308362863082820e-01 5.125763946144468175e-01 5.603189059482230894e-01 1.374110044275403952e-01 2.001816409331720337e-01 5.808048024805295695e-01 2.291649257304406717e-01 7.295870813943852173e-01 5.750383992928300714e-01 0.000000000000000000e+00 4.980505536093546848e-01 5.715987595894831408e-01 9.713945740912187654e-01 9.605495007456567036e-01 2.030092044377794780e-01 1.639267930744974233e-01 7.794661463791544564e-01 7.509661013057219447e-01 1.305626995803191859e-01 7.523989124625762859e-02
4.838265215096946292e-01 1.037823814115013121e-02 8.610928865662660359e-01 4.045432086334788124e-01 6.643338242827603324e-01 5.185448941331978201e-01 2.347821844891686549e-01 4.800137820371620512e-01 2.074562181504746583e-02 4.980505536093546848e-01 0.000000000000000000e+00 8.992411784727211144e-01 7.608536960473623045e-01 1.411520520592147721e-01 2.129497266715519865e-01 2.049452178770934108e-01 1.547068640468453049e-01 9.190091651352001456e-01 5.077457285431608014e-01 3.477664914634716053e-01
1.741713236198707548e-01 4.406470271136742056e-02 8.614514129062706971e-01 1.313064691349190571e-01 1.633763616511915151e-01 8.456367697055476862e-01 4.059001448623662522e-01 3.460815274493789229e-01 8.622437094583063066e-01 5.715987595894831408e-01 8.992411784727211144e-01 0.000000000000000000e+00 9.349367063730218419e-01 9.789867402735779045e-01 3.894156817589142783e-01 4.664141074592496050e-01 5.526774800068811055e-01 7.758578647399181349e-01 4.890326112905504230e-01 6.528553856603785954e-01
6.492391364340722726e-01 8.498858187314184409e-01 1.092158871511106355e-02 1.153489390397973713e-01 9.897829220670678607e-01 1.347267746981528624e-01 5.782231086780043050e-01 8.876406611468763419e-01 8.353452710939229808e-01 9.713945740912187654e-01 7.608536960473623045e-01 9.349367063730218419e-01 0.000000000000000000e+00 7.142696379665701700e-01 2.312080342002074129e-01 6.824144876840465557e-01 8.938221385617703962e-01 1.610629210171432568e-01 6.759445420943597238e-01 2.637934018694459981e-01
9.806319477630376369e-01 6.234623949773296925e-01 2.136996320925410586e-02 3.252909176458473883e-01 8.666777665568407008e-01 4.037231341626483783e-01 8.818898919042332807e-01 5.021030268073186642e-01 3.155026597884641459e-01 9.605495007456567036e-01 1.411520520592147721e-01 9.789867402735779045e-01 7.142696379665701700e-01 0.000000000000000000e+00 5.574663796147560912e-01 2.772945836448253987e-01 4.989268351784422739e-01 6.187395012188237065e-01 7.791274525115184924e-01 6.792398710495124448e-01
9.683173401200870778e-01 6.286065738964141669e-02 7.009612815338264191e-01 5.080316900529679991e-02 3.383489877683972802e-01 4.138154464727731296e-01 1.225820164508554244e-01 7.559524441740226308e-01 9.341963475885541879e-01 2.030092044377794780e-01 2.129497266715519865e-01 3.894156817589142783e-01 2.312080342002074129e-01 5.574663796147560912e-01 0.000000000000000000e+00 6.615707418188957467e-01 3.152971127434905929e-01 8.960348314504817946e-02 4.024986806355441704e-01 7.288975451302456277e-01
5.637835526218988313e-01 8.907109020590852078e-01 3.697388813145516817e-01 9.066725181587605986e-01 1.668258976014772577e-01 7.007128708974283970e-01 5.667635642738673152e-01 8.759197956895011794e-01 8.618890096939260115e-01 1.639267930744974233e-01 2.049452178770934108e-01 4.664141074592496050e-01 6.824144876840465557e-01 2.772945836448253987e-01 6.615707418188957467e-01 0.000000000000000000e+00 4.127249430086261661e-01 9.334439118618672593e-01 6.247031026926566089e-01 1.646693966210786009e-01
2.311877856570898615e-01 5.363912569588455970e-01 4.338065088727754981e-01 1.833306493758118938e-01 7.629455671778481163e-01 1.951990999588024689e-01 5.090234979780133839e-01 1.115144801817929965e-01 3.181479627697082480e-01 7.794661463791544564e-01 1.547068640468453049e-01 5.526774800068811055e-01 8.938221385617703962e-01 4.989268351784422739e-01 3.152971127434905929e-01 4.127249430086261661e-01 0.000000000000000000e+00 6.523682133694685970e-01 9.647632360258368012e-01 5.890559302457879509e-01
5.417759580669463393e-01 6.972563272140264168e-01 9.560020877141806039e-03 3.152829270872342660e-01 4.649675221962656924e-01 2.040928990308488178e-01 9.303075335108424992e-01 8.005967285736759198e-01 6.388666636376276742e-01 7.509661013057219447e-01 9.190091651352001456e-01 7.758578647399181349e-01 1.610629210171432568e-01 6.187395012188237065e-01 8.960348314504817946e-02 9.334439118618672593e-01 6.523682133694685970e-01 0.000000000000000000e+00 2.830957690380296876e-01 8.511582801362984618e-01
5.888018625192972255e-01 8.734283622812109016e-01 1.306011530013864164e-01 7.562729024656106303e-01 6.495620621402087291e-02 5.843494101579763678e-01 8.789925471600187334e-01 6.705350941194435643e-01 6.090811809014451406e-01 1.305626995803191859e-01 5.077457285431608014e-01 4.890326112905504230e-01 6.759445420943597238e-01 7.791274525115184924e-01 4.024986806355441704e-01 6.247031026926566089e-01 9.647632360258368012e-01 2.830957690380296876e-01 0.000000000000000000e+00 9.820556218231656365e-01
4.315239870748490691e-01 8.949649421788927750e-01 3.342231910429487307e-01 3.137005151966161254e-01 8.442328881992799960e-02 8.013756051287159732e-01 9.492656250703940257e-01 3.704382099992983290e-01 5.378394786314538711e-01 7.523989124625762859e-02 3.477664914634716053e-01 6.528553856603785954e-01 2.637934018694459981e-01 6.792398710495124448e-01 7.288975451302456277e-01 1.646693966210786009e-01 5.890559302457879509e-01 8.511582801362984618e-01 9.820556218231656365e-01 0.000000000000000000e+00
