0.000000000000000000e+00 6.364552997542491930e-01 2.202835879352702531e-01 3.995977533102618162e-01 1.041365358969670307e-01 9.084160765503856982e-02 5.143233239206510543e-01 1.994547374667006157e-01 2.734444045496949860e-01 2.515260110069641453e-01 1.757468254633038907e-01 8.597660653810988984e-01 1.496233027489379808e-02 1.588426940619902528e-02 3.651333288313035608e-01 7.993608163317095228e-01 8.258407192353481863e-01 1.686850337006313705e-01 6.392820525459738112e-01 2.488523742587954724e-01
6.364552997542491930e-01 0.000000000000000000e+00 2.049940193685140244e-02 7.415624014938742015e-01 8.045889699628472336e-01 5.853139943611752605e-01 1.043983518287698864e-01 3.120453270097173215e-01 7.045294099189257642e-01 8.441395303583388854e-01 4.537798101393195616e-01 1.425574090013762563e-01 7.093374539934775846e-01 7.990150529500475995e-01 4.463754353035797040e-01 5.469651369013339703e-02 2.750805220164475040e-01 5.074362944864997393e-01 1.401396248022033220e-01 3.337240949157062042e-01
2.202835879352702531e-01 2.049940193685140244e-02 0.000000000000000000e+00 8.278585519529633174e-01 1.438465736108544002e-01 2.691917852025400570e-01 8.016016739154230297e-01 1.512299180703879919e-01 2.025366409954916236e-01 3.056683360427830953e-01 6.642423628344191755e-01 5.485267555921764515e-01 1.704834504911082460e-01 9.675443241281409534e-01 3.295319758082327910e-01 8.264568479433070936e-01 2.165214774620320970e-01 1.695788992270842455e-01 2.856010310892165283e-02 7.952713019275725603e-02
3.995977533102618162e-01 7.415624014938742015e-01 8.278585519529633174e-01 0.000000000000000000e+00 3.395926756680798242e-01 3.244372159423249968e-01 4.860854964746093021e-01 7.440656848186222305e-01 5.266619882272964848e-01 3.713951360867066009e-01 7.174046201574081350e-01 5.284926877287254854e-01 6.474195483164855158e-01 3.554443461395102588e-01 9.284337915483831249e-02 5.119028726535345131e-01 2.088417092789106588e-01 9.968091767216133992e-01 9.463029419272909193e-01 9.660241251338362867e-01
1.041365358969670307e-01 8.045889699628472336e-01 1.438465736108544002e-01 3.395926756680798242e-01 0.000000000000000000e+00 2.423438975801885942e-01 5.917852153691920414e-01 2.815689273628296796e-03 9.877718081174812204e-01 2.589041036995478606e-01 1.166893172828908920e-01 4.317600622858717152e-01 8.534843851944240445e-01 3.767897221361174998e-01 9.231375914183834741e-01 6.853532091549721095e-01 4.254696909975757002e-01 9.543683464880716727e-01 9.031048023334506958e-01 2.167808562872264311e-02
9.084160765503856982e-02 5.853139943611752605e-01 2.691917852025400570e-01 3.244372159423249968e-01 2.423438975801885942e-01 0.000000000000000000e+00 8.677745157605509796e-02 8.248897271162113354e-01 7.702576753098817619e-01 4.457218985771482789e-01 7.800400162490677136e-01 4.749098921039255350e-01 8.389257881003304718e-01 8.339723373981606791e-01 5.830724382522991522e-01 9.255346869375712382e-01 4.551508791656546649e-01 5.262379781581553173e-01 9.733921991640596127e-01 9.608718805746441216e-01
5.143233239206510543e-01 1.043983518287698864e-01 8.016016739154230297e-01 4.860854964746093021e-01 5.917852153691920414e-01 8.677745157605509796e-02 0.000000000000000000e+00 9.090022500498942115e-01 3.146429609297386465e-01 5.911883096360512901e-01 1.231241158793656698e-01 2.379044909294908416e-01 7.339209869262552921e-02 1.962952635182533268e-01 4.967725478312299270e-01 7.885678439457183275e-01 1.211468286468604383e-01 2.080555702286303044e-01 8.622254867935368328e-01 9.076671252100099174e-02
1.994547374667006157e-01 3.120453270097173215e-01 1.512299180703879919e-01 7.440656848186222305e-01 2.815689273628296796e-03 8.248897271162113354e-01 9.090022500498942115e-01 0.000000000000000000e+00 3.700852829987925086e-01 3.528756665283596661e-01 6.772245160534817732e-01 3.744263843603155006e-01 5.251503812162867657e-01 2.918424913533260723e-01 4.347239783357434995e-01 3.847597185754249027e-01 5.617816627704058652e-01 3.877160639966392708e-02 5.736016290623049407e-01 5.302002435240120715e-01
2.734444045496949860e-01 7.045294099189257642e-01 2.025366409954916236e-01 5.266619882272964848e-01 9.877718081174812204e-01 7.702576753098817619e-01 3.146429609297386465e-01 3.700852829987925086e-01 0.000000000000000000e+00 1.524375477405902624e-01 4.435136165607662662e-01 1.453115605170391955e-01 1.865625116346159018e-02 7.261761580530947668e-01 1.863467086969458064e-01 8.443059350226573834e-01 9.964360329487854662e-01 8.178804766624299116e-01 8.201956067789284432e-03 8.958627177977714906e-01
2.515260110069641453e-01 8.441395303583388854e-01 3.056683360427830953e-01 3.713951360867066009e-01 2.589041036995478606e-01 4.457218985771482789e-01 5.911883096360512901e-01 3.528756665283596661e-01 1.524375477405902624e-01 0.000000000000000000e+00 8.435249399429476380e-01 4.705504472130718208e-01 2.336130652436316790e-01 8.841378897167453399e-01 8.748408106913329041e-01 6.484303916806686274e-01 1.447518471703137521e-01 7.104568911626493177e-01 5.342382916241015245e-01 2.010626673359199312e-01
1.757468254633038907e-01 4.537798101393195616e-01 6.642423628344191755e-01 7.174046201574081350e-01 1.166893172828908920e-01 7.800400162490677136e-01 1.231241158793656698e-01 6.772245160534817732e-01 4.435136165607662662e-01 8.435249399429476380e-01 0.000000000000000000e+00 2.082671249550300807e-01 7.979656911807456732e-01 3.972417585663591266e-01 8.323490473816165247e-01 8.973146945261212259e-02 6.922003281685981113e-01 6.037531801766256034e-01 8.708439176526093783e-01 2.457788342657627467e-01
8.597660653810988984e-01 1.425574090013762563e-01 5.485267555921764515e-01 5.284926877287254854e-01 4.317600622858717152e-01 4.749098921039255350e-01 2.379044909294908416e-01 3.744263843603155006e-01 1.453115605170391955e-01 4.705504472130718208e-01 2.082671249550300807e-01 0.000000000000000000e+00 6.665381435545802979e-01 9.901023716673847952e-01 3.408011016654908243e-01 4.778678372023016374e-01 1.777630213413667892e-01 6.254058200835524994e-01 4.469342646582084022e-01 4.511438500462915391e-01
1.496233027489379808e-02 7.093374539934775846e-01 1.704834504911082460e-01 6.474195483164855158e-01 8.534843851944240445e-01 8.389257881003304718e-01 7.339209869262552921e-02 5.251503812162867657e-01 1.865625116346159018e-02 2.336130652436316790e-01 7.979656911807456732e-01 6.665381435545802979e-01 0.000000000000000000e+00 4.253803086953025225e-01 5.046933669681541446e-01 7.871850899259305034e-01 9.825364101697620089e-01 2.362807191317558564e-01 3.853109651013464365e-02 5.930628462390291622e-01
1.588426940619902528e-02 7.990150529500475995e-01 9.675443241281409534e-01 3.554443461395102588e-01 3.767897221361174998e-01 8.339723373981606791e-01 1.962952635182533268e-01 2.918424913533260723e-01 7.261761580530947668e-01 8.841378897167453399e-01 3.972417585663591266e-01 9.901023716673847952e-01 4.253803086953025225e-01 0.000000000000000000e+00 5.526060840486239911e-01 6.600789969489340159e-02 2.353708694979518290e-01 8.366948862405765297e-01 3.668352857064098860e-01 4.323633604895061877e-01
3.651333288313035608e-01 4.463754353035797040e-01 3.295319758082327910e-01 9.284337915483831249e-02 9.231375914183834741e-01 5.830724382522991522e-01 4.967725478312299270e-01 4.347239783357434995e-01 1.863467086969458064e-01 8.748408106913329041e-01 8.323490473816165247e-01 3.408011016654908243e-01 5.046933669681541446e-01 5.526060840486239911e-01 0.000000000000000000e+00 8.846419762276558352e-02 4.672607956182229794e-01 6.560497142415134819e-01 5.352351820811227512e-01 5.112691002961439191e-01
7.993608163317095228e-01 5.469651369013339703e-02 8.264568479433070936e-01 5.119028726535345131e-01 6.853532091549721095e-01 9.255346869375712382e-01 7.885678439457183275e-01 3.847597185754249027e-01 8.443059350226573834e-01 6.484303916806686274e-01 8.973146945261212259e-02 4.778678372023016374e-01 7.871850899259305034e-01 6.600789969489340159e-02 8.846419762276558352e-02 0.000000000000000000e+00 6.816787157024636334e-01 1.706669458176574006e-01 2.966359438095572676e-01 4.342900011369078550e-01
8.258407192353481863e-01 2.750805220164475040e-01 2.165214774620320970e-01 2.088417092789106588e-01 4.254696909975757002e-01 4.551508791656546649e-01 1.211468286468604383e-01 5.617816627704058652e-01 9.964360329487854662e-01 1.447518471703137521e-01 6.922003281685981113e-01 1.777630213413667892e-01 9.825364101697620089e-01 2.353708694979518290e-01 4.672607956182229794e-01 6.816787157024636334e-01 0.000000000000000000e+00 1.313227100915916878e-01 2.001477078509857899e-01 8.014966860062437970e-01
1.686850337006313705e-01 5.074362944864997393e-01 1.695788992270842455e-01 9.968091767216133992e-01 9.543683464880716727e-01 5.262379781581553173e-01 2.080555702286303044e-01 3.877160639966392708e-02 8.178804766624299116e-01 7.104568911626493177e-01 6.037531801766256034e-01 6.254058200835524994e-01 2.362807191317558564e-01 8.366948862405765297e-01 6.560497142415134819e-01 1.706669458176574006e-01 1.313227100915916878e-01 0.000000000000000000e+00 4.019918347043033302e-01 6.797827415291749498e-01
6.392820525459738112e-01 1.401396248022033220e-01 2.856010310892165283e-02 9.463029419272909193e-01 9.031048023334506958e-01 9.733921991640596127e-01 8.622254867935368328e-01 5.736016290623049407e-01 8.201956067789284432e-03 5.342382916241015245e-01 8.708439176526093783e-01 4.469342646582084022e-01 3.853109651013464365e-02 3.668352857064098860e-01 5.352351820811227512e-01 2.966359438095572676e-01 2.001477078509857899e-01 4.019918347043033302e-01 0.000000000000000000e+00 9.356708412574645806e-01
2.488523742587954724e-01 3.337240949157062042e-01 7.952713019275725603e-02 9.660241251338362867e-01 2.167808562872264311e-02 9.608718805746441216e-01 9.076671252100099174e-02 5.302002435240120715e-01 8.958627177977714906e-01 2.010626673359199312e-01 2.457788342657627467e-01 4.511438500462915391e-01 5.930628462390291622e-01 4.323633604895061877e-01 5.112691002961439191e-01 4.342900011369078550e-01 8.014966860062437970e-01 6.797827415291749498e-01 9.356708412574645806e-01 0.000000000000000000e+00
