0.000000000000000000e+00 8.450244806368989448e-01 9.386901351007448380e-01 8.928240255703115968e-01 4.727292979493428193e-01 6.654059283053348484e-01 5.133750759731449120e-01 2.837893417509663729e-01 1.667287966072233951e-01 3.425468890643409425e-01 6.485602996855323044e-01 9.317204395151719165e-01 6.803572425666526424e-02 2.187496833216773240e-01 6.094295167491624587e-01 5.615003920201694365e-01 3.802118307099178196e-01 8.495373503206813393e-01 5.943299500043808248e-01 7.561339997365175147e-01
8.450244806368989448e-01 0.000000000000000000e+00 1.758255633097673964e-01 9.287287594295159376e-01 1.392203424477431728e-01 6.824127495072590532e-01 6.625044207683778996e-01 7.563926381601475679e-01 9.238755837826939654e-01 4.417499471921539911e-01 7.636291905825061122e-01 7.609518800511955172e-01 5.468439274685221729e-01 2.362596629463693532e-01 1.801650384572162089e-01 8.041245835238565176e-01 6.852613589121806514e-01 6.574883941093012663e-02 1.736750814614954619e-01 4.953948636483203050e-01
9.386901351007448380e-01 1.758255633097673964e-01 0.000000000000000000e+00 7.453119663535614503e-01 9.107820149317681357e-01 5.342132173694158492e-02 9.754232498765220694e-01 6.722830771929084737e-01 7.523428202688648980e-01 5.326597795406150526e-01 1.325080090917141185e-02 5.530822833186358478e-01 9.731474623054652273e-01 6.857243533901336008e-01 7.610553999435458739e-01 8.197458818540543923e-01 1.411071394599562323e-01 8.893709087572291283e-01 9.289249015583915803e-01 1.303154663905238264e-01
8.928240255703115968e-01 9.287287594295159376e-01 7.453119663535614503e-01 0.000000000000000000e+00 4.867437723561210960e-01 5.573146983898046303e-01 6.122566056568767845e-01 3.135650319911469364e-01 5.516275309215110667e-01 8.191845275003717397e-03 3.921662631596547488e-01 9.877791084208735750e-01 8.858806274941448677e-01 1.636482008449076098e-01 8.187252637196408278e-01 9.400491130962478348e-01 9.339634050817271493e-01 8.770345768773107897e-01 2.624961161490239059e-01 4.944236517412344822e-01
4.727292979493428193e-01 1.392203424477431728e-01 9.107820149317681357e-01 4.867437723561210960e-01 0.000000000000000000e+00 8.582952606660522177e-01 5.266667653407697269e-02 9.945481247334660990e-01 9.173324281444128481e-03 9.132557743242964987e-01 2.005315961384902534e-01 9.251090632737200004e-01 8.810715187972009144e-01 4.416756826505756628e-01 4.420001864701739169e-01 6.550598689047992806e-01 2.285117554330992062e-01 4.143059027352791190e-04 9.922440661174102283e-01 8.521277029377321011e-01
6.654059283053348484e-01 6.824127495072590532e-01 5.342132173694158492e-02 5.573146983898046303e-01 8.582952606660522177e-01 0.000000000000000000e+00 1.396972141460528505e-01 1.496067481061336135e-01 1.966863389282444974e-01 7.760217926151262713e-01 2.310986998168654827e-01 3.842878141291373728e-01 8.287146582351517798e-01 8.782878610338842318e-01 8.942670523712296093e-01 4.828954052431572164e-01 1.636213488803497373e-01 6.003690820179976573e-01 6.959998457829985608e-02 8.013799166150781250e-02
5.133750759731449120e-01 6.625044207683778996e-01 9.754232498765220694e-01 6.122566056568767845e-01 5.266667653407697269e-02 1.396972141460528505e-01 0.000000000000000000e+00 3.261180458051593511e-02 1.735696921990770303e-01 9.379918409876596419e-01 4.775533573658926612e-01 3.687932872079585644e-01 2.530701858911966751e-01 7.618619738759219162e-01 2.986291215246948960e-01 2.162805150687101552e-01 4.125435409590678670e-01 2.196565390924773986e-01 4.487081221148292443e-01 3.066232432374922379e-01
2.837893417509663729e-01 7.563926381601475679e-01 6.722830771929084737e-01 3.135650319911469364e-01 9.945481247334660990e-01 1.496067481061336135e-01 3.261180458051593511e-02 0.000000000000000000e+00 1.829906111489751908e-01 3.215452408023482533e-01 7.281016027002064073e-01 3.726271481034167943e-01 5.778583297336772340e-01 8.274770586821259544e-01 3.710669425601464955e-01 1.955217469675460951e-01 8.288902583043873395e-01 2.148751872123041418e-01 6.785681202326097061e-01 3.006569007262583915e-01
1.667287966072233951e-01 9.238755837826939654e-01 7.523428202688648980e-01 5.516275309215110667e-01 9.173324281444128481e-03 1.966863389282444974e-01 1.735696921990770303e-01 1.829906111489751908e-01 0.000000000000000000e+00 4.171241344818880092e-01 7.873858018423752769e-01 1.746986068673006542e-01 7.399948152955205805e-01 1.324428758165503428e-01 1.322085259910655841e-01 3.922266280230342073e-01 1.535800493564858371e-01 4.356132258384600719e-01 8.345632742694109041e-01 3.744958352601054363e-01
3.425468890643409425e-01 4.417499471921539911e-01 5.326597795406150526e-01 8.191845275003717397e-03 9.132557743242964987e-01 7.760217926151262713e-01 9.379918409876596419e-01 3.215452408023482533e-01 4.171241344818880092e-01 0.000000000000000000e+00 1.701788373895437578e-01 3.470247692776992077e-01 1.840502162232836580e-01 9.235099955076725431e-01 6.072770806350411554e-01 4.371166216083615108e-01 6.191031348694049363e-01 2.147360674592154739e-01 9.394519156677128002e-01 5.144548426617934211e-03
6.485602996855323044e-01 7.636291905825061122e-01 1.325080090917141185e-02 3.921662631596547488e-01 2.005315961384902534e-01 2.310986998168654827e-01 4.775533573658926612e-01 7.281016027002064073e-01 7.873858018423752769e-01 1.701788373895437578e-01 0.000000000000000000e+00 7.050471321206579489e-01 4.339417828619054340e-01 1.328474241321297988e-02 2.842535051976069482e-03 8.769563626235781229e-01 9.220182679859760810e-01 5.087614437196585904e-01 8.917611366820412666e-01 4.288615367482285778e-01
9.317204395151719165e-01 7.609518800511955172e-01 5.530822833186358478e-01 9.877791084208735750e-01 9.251090632737200004e-01 3.842878141291373728e-01 3.687932872079585644e-01 3.726271481034167943e-01 1.746986068673006542e-01 3.470247692776992077e-01 7.050471321206579489e-01 0.000000000000000000e+00 1.759732387503466500e-01 8.559403744749771725e-01 2.828372944257796506e-01 2.747805016932781674e-01 2.555068349182135767e-01 9.650912745577584495e-01 3.778721847500280395e-01 6.246947193615185467e-01
6.803572425666526424e-02 5.468439274685221729e-01 9.731474623054652273e-01 8.858806274941448677e-01 8.810715187972009144e-01 8.287146582351517798e-01 2.530701858911966751e-01 5.778583297336772340e-01 7.399948152955205805e-01 1.840502162232836580e-01 4.339417828619054340e-01 1.759732387503466500e-01 0.000000000000000000e+00 7.949877557329743105e-01 3.785163457617471972e-01 6.121632799349127074e-01 8.816059631857784407e-01 1.297681851776371076e-01 4.318108791575083760e-01 9.357821767721680173e-01
2.187496833216773240e-01 2.362596629463693532e-01 6.857243533901336008e-01 1.636482008449076098e-01 4.416756826505756628e-01 8.782878610338842318e-01 7.618619738759219162e-01 8.274770586821259544e-01 1.324428758165503428e-01 9.235099955076725431e-01 1.328474241321297988e-02 8.559403744749771725e-01 7.949877557329743105e-01 0.000000000000000000e+00 5.686535648600098414e-01 8.721302243210006244e-01 8.052658440612732171e-01 3.767553415941639061e-01 8.701383272170317706e-01 8.837983402688653900e-02
6.094295167491624587e-01 1.801650384572162089e-01 7.610553999435458739e-01 8.187252637196408278e-01 4.420001864701739169e-01 8.942670523712296093e-01 2.986291215246948960e-01 3.710669425601464955e-01 1.322085259910655841e-01 6.072770806350411554e-01 2.842535051976069482e-03 2.828372944257796506e-01 3.785163457617471972e-01 5.686535648600098414e-01 0.000000000000000000e+00 7.266676401372996752e-01 7.572746875330521599e-01 7.052542759326461130e-01 6.888664025552019288e-01 9.983255111242282931e-01
5.615003920201694365e-01 8.041245835238565176e-01 8.197458818540543923e-01 9.400491130962478348e-01 6.550598689047992806e-01 4.828954052431572164e-01 2.162805150687101552e-01 1.955217469675460951e-01 3.922266280230342073e-01 4.371166216083615108e-01 8.769563626235781229e-01 2.747805016932781674e-01 6.121632799349127074e-01 8.721302243210006244e-01 7.266676401372996752e-01 0.000000000000000000e+00 5.719177277388006742e-01 9.583849589363584442e-01 9.020389961031027859e-02 4.525697511148512042e-01
3.802118307099178196e-01 6.852613589121806514e-01 1.411071394599562323e-01 9.339634050817271493e-01 2.285117554330992062e-01 1.636213488803497373e-01 4.125435409590678670e-01 8.288902583043873395e-01 1.535800493564858371e-01 6.191031348694049363e-01 9.220182679859760810e-01 2.555068349182135767e-01 8.816059631857784407e-01 8.052658440612732171e-01 7.572746875330521599e-01 5.719177277388006742e-01 0.000000000000000000e+00 4.339815329068608118e-01 8.594831423654912816e-01 8.361964947346588461e-01
8.495373503206813393e-01 6.574883941093012663e-02 8.893709087572291283e-01 8.770345768773107897e-01 4.143059027352791190e-04 6.003690820179976573e-01 2.196565390924773986e-01 2.148751872123041418e-01 4.356132258384600719e-01 2.147360674592154739e-01 5.087614437196585904e-01 9.650912745577584495e-01 1.297681851776371076e-01 3.767553415941639061e-01 7.052542759326461130e-01 9.583849589363584442e-01 4.339815329068608118e-01 0.000000000000000000e+00 4.893131307073673719e-01 5.579211869351655695e-01
5.943299500043808248e-01 1.736750814614954619e-01 9.289249015583915803e-01 2.624961161490239059e-01 9.922440661174102283e-01 6.959998457829985608e-02 4.487081221148292443e-01 6.785681202326097061e-01 8.345632742694109041e-01 9.394519156677128002e-01 8.917611366820412666e-01 3.778721847500280395e-01 4.318108791575083760e-01 8.701383272170317706e-01 6.888664025552019288e-01 9.020389961031027859e-02 8.594831423654912816e-01 4.893131307073673719e-01 0.000000000000000000e+00 4.818127366803781619e-02
7.561339997365175147e-01 4.953948636483203050e-01 1.303154663905238264e-01 4.944236517412344822e-01 8.521277029377321011e-01 8.013799166150781250e-02 3.066232432374922379e-01 3.006569007262583915e-01 3.744958352601054363e-01 5.144548426617934211e-03 4.288615367482285778e-01 6.246947193615185467e-01 9.357821767721680173e-01 8.837983402688653900e-02 9.983255111242282931e-01 4.525697511148512042e-01 8.361964947346588461e-01 5.579211869351655695e-01 4.818127366803781619e-02 0.000000000000000000e+00
