0.000000000000000000e+00 5.419347723600077549e-01 4.392645090764560889e-01 8.756854426271177827e-01 2.042431461210636456e-02 8.825412648856734155e-02 8.219168778082630578e-01 6.324582986472656598e-01 4.373401001136255628e-01 6.007643251834193787e-01 5.143180629685328853e-01 2.852547744414180020e-01 8.048087518498042714e-01 7.295326312019090320e-02 1.660681135174649770e-01 5.936400656984908153e-01 9.152271789895213283e-01 9.474815356928711907e-02 5.852840309403140040e-01 2.581054762968066907e-01 5.407630516974525348e-01 3.703556295362214756e-01 9.800075464808327697e-01 4.777271494786734518e-01 3.648196175398012997e-01
5.419347723600077549e-01 0.000000000000000000e+00 9.914628772275864144e-01 9.305957374931006498e-03 4.251241416563725783e-01 8.602350433338116220e-01 9.629085372429331269e-01 3.132671748280864144e-01 4.696690519466202307e-01 8.256007254845707521e-01 5.690095806449890770e-01 9.274938030350097229e-01 3.850530538961643989e-01 8.313013059735941956e-01 9.735709016115695613e-01 7.110457577369544424e-02 4.862181646317332850e-01 6.583233849042640085e-01 5.998973778181941885e-01 6.115989054704251693e-02 2.321393648507737995e-01 9.279826305779098616e-01 9.810547713937692871e-01 5.277437837861104208e-01 7.716593397229029039e-01
4.392645090764560889e-01 9.914628772275864144e-01 0.000000000000000000e+00 1.009507649150488406e-01 8.171721429344945831e-01 7.101886599481077589e-02 3.245579321592388933e-01 8.817141843397992007e-01 4.860489338029740924e-01 1.892976748695027744e-01 9.146093315551462322e-02 7.114879730669310121e-02 9.019725785330261481e-01 2.883523037882140816e-01 7.340277853358244675e-01 1.511647167425683724e-01 2.105485752918133668e-01 3.256866450520621292e-01 2.446167938973020650e-01 4.924378797849606748e-01 2.791748859968101737e-02 9.407090116427359039e-01 3.527654509538519223e-01 4.494297874833721451e-01 2.760097094847350219e-01
8.756854426271177827e-01 9.305957374931006498e-03 1.009507649150488406e-01 0.000000000000000000e+00 8.379834996190441698e-01 5.083497537898753471e-01 6.093749018371363846e-01 8.306663264626601428e-01 2.290755208577610613e-01 7.673763718105874876e-01 6.446699610683538362e-01 3.381836241763372941e-01 1.794598185188951422e-01 2.204609955761003270e-01 2.989265984973240586e-01 9.292553395257563409e-02 1.396217353488674595e-01 5.419412140982272641e-01 6.769579086370369758e-02 8.309964375454989005e-01 6.603066585852251924e-01 2.274569909220425235e-01 4.528490798878712642e-01 9.713042394158988291e-01 9.457695789735753866e-01
2.042431461210636456e-02 4.251241416563725783e-01 8.171721429344945831e-01 8.379834996190441698e-01 0.000000000000000000e+00 5.561081485337620034e-01 3.978704504215186954e-01 8.579890023771303831e-01 5.394425612429021299e-01 5.729033655918993606e-01 2.807282945270476171e-01 9.766898371341105056e-01 3.305895532072977705e-01 6.866067668783165656e-01 1.816606254693047262e-01 2.382631295386241632e-01 4.106674174566428137e-01 9.796503874200279682e-02 4.121424436708228667e-01 8.688760280895571064e-01 1.343394310955485782e-01 7.501319574577933746e-01 9.469481278100624344e-01 2.178424767733674328e-01 7.010693875519966589e-01
8.825412648856734155e-02 8.602350433338116220e-01 7.101886599481077589e-02 5.083497537898753471e-01 5.561081485337620034e-01 0.000000000000000000e+00 2.062058638743440309e-01 5.459326564913311586e-01 3.563914901682064817e-01 8.798952025462346560e-01 9.143639623259469662e-01 7.457081122919746452e-01 1.236909905585644731e-01 4.742953601007713349e-01 7.877597293062581496e-01 8.835436890780155039e-01 1.618360693616641699e-01 3.587330009422532440e-01 6.207134125454726314e-01 9.877189548668603436e-01 9.383805121861259479e-01 7.898463348201645307e-02 8.863677753968668416e-01 8.888282585324154272e-01 5.231827213520019448e-01
8.219168778082630578e-01 9.629085372429331269e-01 3.245579321592388933e-01 6.093749018371363846e-01 3.978704504215186954e-01 2.062058638743440309e-01 0.000000000000000000e+00 9.054637629972884794e-01 4.064340749233574801e-02 9.077384100673301370e-01 1.525817478639559521e-01 5.885209124005580383e-01 3.175115144669203859e-01 4.768318589864749546e-01 7.932211728008474738e-01 5.971328873908456902e-01 1.160206482705804509e-01 2.427283667103842246e-01 3.755038078272688873e-01 6.184916034568826992e-01 6.865644315160480682e-01 1.745220966894474035e-01 2.020436446087454652e-01 4.622614664040998189e-01 2.411003987322356545e-01
6.324582986472656598e-01 3.132671748280864144e-01 8.817141843397992007e-01 8.306663264626601428e-01 8.579890023771303831e-01 5.459326564913311586e-01 9.054637629972884794e-01 0.000000000000000000e+00 1.780098873107250901e-01 1.229440838981066264e-02 9.737784793446316867e-01 9.447149133782605235e-01 3.348466834861042463e-01 3.552757908527219843e-01 6.032835496193492686e-01 5.054262208614490604e-02 3.805996341828928875e-01 2.708615039392368029e-01 3.382228280684118626e-01 3.423214873634534694e-01 1.412344632847644110e-01 6.826197503864289695e-01 2.884205025044844772e-01 9.134807756898016828e-01 9.250100884307586036e-01
4.373401001136255628e-01 4.696690519466202307e-01 4.860489338029740924e-01 2.290755208577610613e-01 5.394425612429021299e-01 3.563914901682064817e-01 4.064340749233574801e-02 1.780098873107250901e-01 0.000000000000000000e+00 6.632235343491683643e-01 9.875681451450893933e-01 7.744729663673111109e-01 9.021971843913860756e-01 7.217262661391982137e-01 7.768845428400757980e-01 9.723028126522083037e-01 6.887765976008313196e-01 4.172586783884782990e-01 9.805827744661601564e-01 3.216265207001511861e-02 2.062345358704313902e-01 9.110101683814583184e-01 6.604458071177441436e-01 8.128509260402616565e-01 6.792865199391758813e-01
6.007643251834193787e-01 8.256007254845707521e-01 1.892976748695027744e-01 7.673763718105874876e-01 5.729033655918993606e-01 8.798952025462346560e-01 9.077384100673301370e-01 1.229440838981066264e-02 6.632235343491683643e-01 0.000000000000000000e+00 7.238449695251381044e-02 3.945320760292370110e-02 4.805004565393533600e-02 7.266770272725270319e-01 7.003357388178016452e-01 2.709920837238655178e-02 9.102361412968262844e-01 2.013270882063337153e-01 8.486601092168610805e-01 8.130396370722033916e-01 9.495437221589532184e-01 4.927038934615509680e-01 2.072420181011273010e-01 4.258190861541583105e-01 6.393022832212017503e-01
5.143180629685328853e-01 5.690095806449890770e-01 9.146093315551462322e-02 6.446699610683538362e-01 2.807282945270476171e-01 9.143639623259469662e-01 1.525817478639559521e-01 9.737784793446316867e-01 9.875681451450893933e-01 7.238449695251381044e-02 0.000000000000000000e+00 1.820353304172406261e-02 3.847071965983130948e-01 1.090398985613587612e-01 3.891519904537993346e-01 2.113922468567166479e-01 6.555209336502655360e-01 3.921115547016066349e-01 7.342255107842073913e-01 1.574533819726033901e-01 1.372029628530544443e-01 2.080571863052703696e-01 9.373228797930470702e-01 6.918999846895067529e-01 1.779009156552405768e-01
2.852547744414180020e-01 9.274938030350097229e-01 7.114879730669310121e-02 3.381836241763372941e-01 9.766898371341105056e-01 7.457081122919746452e-01 5.885209124005580383e-01 9.447149133782605235e-01 7.744729663673111109e-01 3.945320760292370110e-02 1.820353304172406261e-02 0.000000000000000000e+00 1.652618447520572964e-01 3.454407225630350409e-01 3.789802139752463939e-01 1.216248328021755087e-01 5.880706705468171647e-01 7.373171440270874788e-01 6.216737362234667774e-01 8.332129949651770895e-01 6.194737051546199691e-01 5.068100105830003477e-01 3.498638663347306554e-01 5.324362083778882981e-01 3.418053948389333518e-01
8.048087518498042714e-01 3.850530538961643989e-01 9.019725785330261481e-01 1.794598185188951422e-01 3.305895532072977705e-01 1.236909905585644731e-01 3.175115144669203859e-01 3.348466834861042463e-01 9.021971843913860756e-01 4.805004565393533600e-02 3.847071965983130948e-01 1.652618447520572964e-01 0.000000000000000000e+00 8.446926005547754635e-01 6.010748198918132168e-01 9.839253470520065159e-01 5.860949592614836945e-01 9.740848725615297576e-01 1.645635027484668722e-01 4.474799925783333743e-01 9.108586150804501846e-01 3.431766480686800902e-01 3.001511445370059761e-01 2.775171232429268775e-01 9.893991769721575125e-01
7.295326312019090320e-02 8.313013059735941956e-01 2.883523037882140816e-01 2.204609955761003270e-01 6.866067668783165656e-01 4.742953601007713349e-01 4.768318589864749546e-01 3.552757908527219843e-01 7.217262661391982137e-01 7.266770272725270319e-01 1.090398985613587612e-01 3.454407225630350409e-01 8.446926005547754635e-01 0.000000000000000000e+00 2.625070013199373165e-01 2.494989960024961428e-01 4.033335454427703359e-01 1.184798795896180312e-02 7.078228091667468913e-01 3.357880491306125537e-01 8.740634682905651376e-01 6.656096296924238764e-01 4.571841458776911837e-01 7.349087028538303645e-01 1.194286531870207835e-01
1.660681135174649770e-01 9.735709016115695613e-01 7.340277853358244675e-01 2.989265984973240586e-01 1.816606254693047262e-01 7.877597293062581496e-01 7.932211728008474738e-01 6.032835496193492686e-01 7.768845428400757980e-01 7.003357388178016452e-01 3.891519904537993346e-01 3.789802139752463939e-01 6.010748198918132168e-01 2.625070013199373165e-01 0.000000000000000000e+00 7.182020779773479191e-01 6.717187599204348381e-01 5.930551379944807300e-01 4.951813465497445499e-03 5.257900610769364880e-01 6.091422841707393454e-01 2.714820965998243629e-02 7.604757364912855255e-01 7.434959864733948764e-01 5.633658201645941332e-01
5.936400656984908153e-01 7.110457577369544424e-02 1.511647167425683724e-01 9.292553395257563409e-02 2.382631295386241632e-01 8.835436890780155039e-01 5.971328873908456902e-01 5.054262208614490604e-02 9.723028126522083037e-01 2.709920837238655178e-02 2.113922468567166479e-01 1.216248328021755087e-01 9.839253470520065159e-01 2.494989960024961428e-01 7.182020779773479191e-01 0.000000000000000000e+00 6.273971659080762597e-01 6.964570894116037802e-01 1.229324085721701376e-01 9.035630483627971055e-01 9.862622004695938971e-01 2.183829090526508976e-01 2.332341118560787852e-02 4.990006687403726326e-01 6.220277657521252612e-01
9.152271789895213283e-01 4.862181646317332850e-01 2.105485752918133668e-01 1.396217353488674595e-01 4.106674174566428137e-01 1.618360693616641699e-01 1.160206482705804509e-01 3.805996341828928875e-01 6.887765976008313196e-01 9.102361412968262844e-01 6.555209336502655360e-01 5.880706705468171647e-01 5.860949592614836945e-01 4.033335454427703359e-01 6.717187599204348381e-01 6.273971659080762597e-01 0.000000000000000000e+00 7.312583717386103022e-01 2.410037198499992428e-01 9.051872446731331623e-01 1.494785205875438505e-01 3.439221682011270875e-01 7.233067628607163790e-01 6.851491785953154334e-01 6.795941006197759870e-01
9.474815356928711907e-02 6.583233849042640085e-01 3.256866450520621292e-01 5.419412140982272641e-01 9.796503874200279682e-02 3.587330009422532440e-01 2.427283667103842246e-01 2.708615039392368029e-01 4.172586783884782990e-01 2.013270882063337153e-01 3.921115547016066349e-01 7.373171440270874788e-01 9.740848725615297576e-01 1.184798795896180312e-02 5.930551379944807300e-01 6.964570894116037802e-01 7.312583717386103022e-01 0.000000000000000000e+00 8.911312461153998443e-01 3.760122726000768578e-01 9.654244106881354481e-01 9.406138854929768645e-02 6.565922059141612310e-01 4.996701325973622598e-01 3.595530118350920290e-01
5.852840309403140040e-01 5.998973778181941885e-01 2.446167938973020650e-01 6.769579086370369758e-02 4.121424436708228667e-01 6.207134125454726314e-01 3.755038078272688873e-01 3.382228280684118626e-01 9.805827744661601564e-01 8.486601092168610805e-01 7.342255107842073913e-01 6.216737362234667774e-01 1.645635027484668722e-01 7.078228091667468913e-01 4.951813465497445499e-03 1.229324085721701376e-01 2.410037198499992428e-01 8.911312461153998443e-01 0.000000000000000000e+00 2.731260515784980081e-01 5.626022003242855396e-01 7.148353609085622562e-02 9.141525406634576356e-02 3.622455540101471305e-01 4.445005016758865057e-01
2.581054762968066907e-01 6.115989054704251693e-02 4.924378797849606748e-01 8.309964375454989005e-01 8.688760280895571064e-01 9.877189548668603436e-01 6.184916034568826992e-01 3.423214873634534694e-01 3.216265207001511861e-02 8.130396370722033916e-01 1.574533819726033901e-01 8.332129949651770895e-01 4.474799925783333743e-01 3.357880491306125537e-01 5.257900610769364880e-01 9.035630483627971055e-01 9.051872446731331623e-01 3.760122726000768578e-01 2.731260515784980081e-01 0.000000000000000000e+00 8.156031098860228035e-01 5.010937225244812554e-01 6.675454876484255839e-01 9.944438303036584603e-01 4.401677068383947899e-01
5.407630516974525348e-01 2.321393648507737995e-01 2.791748859968101737e-02 6.603066585852251924e-01 1.343394310955485782e-01 9.383805121861259479e-01 6.865644315160480682e-01 1.412344632847644110e-01 2.062345358704313902e-01 9.495437221589532184e-01 1.372029628530544443e-01 6.194737051546199691e-01 9.108586150804501846e-01 8.740634682905651376e-01 6.091422841707393454e-01 9.862622004695938971e-01 1.494785205875438505e-01 9.654244106881354481e-01 5.626022003242855396e-01 8.156031098860228035e-01 0.000000000000000000e+00 6.587010023589094931e-01 5.017840070135559660e-02 9.887301036680480326e-01 8.699129638833442701e-01
3.703556295362214756e-01 9.279826305779098616e-01 9.407090116427359039e-01 2.274569909220425235e-01 7.501319574577933746e-01 7.898463348201645307e-02 1.745220966894474035e-01 6.826197503864289695e-01 9.110101683814583184e-01 4.927038934615509680e-01 2.080571863052703696e-01 5.068100105830003477e-01 3.431766480686800902e-01 6.656096296924238764e-01 2.714820965998243629e-02 2.183829090526508976e-01 3.439221682011270875e-01 9.406138854929768645e-02 7.148353609085622562e-02 5.010937225244812554e-01 6.587010023589094931e-01 0.000000000000000000e+00 3.071060278419408540e-01 5.774554338102273476e-01 8.437982408558418745e-01
9.800075464808327697e-01 9.810547713937692871e-01 3.527654509538519223e-01 4.528490798878712642e-01 9.469481278100624344e-01 8.863677753968668416e-01 2.020436446087454652e-01 2.884205025044844772e-01 6.604458071177441436e-01 2.072420181011273010e-01 9.373228797930470702e-01 3.498638663347306554e-01 3.001511445370059761e-01 4.571841458776911837e-01 7.604757364912855255e-01 2.332341118560787852e-02 7.233067628607163790e-01 6.565922059141612310e-01 9.141525406634576356e-02 6.675454876484255839e-01 5.017840070135559660e-02 3.071060278419408540e-01 0.000000000000000000e+00 8.305551775990343000e-01 6.872238691011325340e-01
4.777271494786734518e-01 5.277437837861104208e-01 4.494297874833721451e-01 9.713042394158988291e-01 2.178424767733674328e-01 8.888282585324154272e-01 4.622614664040998189e-01 9.134807756898016828e-01 8.128509260402616565e-01 4.258190861541583105e-01 6.918999846895067529e-01 5.324362083778882981e-01 2.775171232429268775e-01 7.349087028538303645e-01 7.434959864733948764e-01 4.990006687403726326e-01 6.851491785953154334e-01 4.996701325973622598e-01 3.622455540101471305e-01 9.944438303036584603e-01 9.887301036680480326e-01 5.774554338102273476e-01 8.305551775990343000e-01 0.000000000000000000e+00 3.240953579383756278e-01
3.648196175398012997e-01 7.716593397229029039e-01 2.760097094847350219e-01 9.457695789735753866e-01 7.010693875519966589e-01 5.231827213520019448e-01 2.411003987322356545e-01 9.250100884307586036e-01 6.792865199391758813e-01 6.393022832212017503e-01 1.779009156552405768e-01 3.418053948389333518e-01 9.893991769721575125e-01 1.194286531870207835e-01 5.633658201645941332e-01 6.220277657521252612e-01 6.795941006197759870e-01 3.595530118350920290e-01 4.445005016758865057e-01 4.401677068383947899e-01 8.699129638833442701e-01 8.437982408558418745e-01 6.872238691011325340e-01 3.240953579383756278e-01 0.000000000000000000e+00
