0.000000000000000000e+00 9.767556581793779280e-02 8.779281819292847899e-01 7.450898084296214696e-01 5.619131529036796024e-01 8.218278856300986757e-01 2.357172964798643910e-01 3.922660845828496168e-02 7.808245066355837816e-01 8.253692182511315201e-01 9.028090441727623094e-01 9.389470203067130649e-01 1.508430774866246216e-01 6.969586930311866269e-01 7.017727942957109333e-01 2.387818272061007496e-01 3.260657778565170251e-01 5.153005582337921719e-01 2.434674650751879055e-01 7.877081910399872378e-01 5.539842503316476652e-01 4.002506098686734459e-01 9.332526554920450579e-03 7.910238762192883799e-01 8.845805981199061918e-01
9.767556581793779280e-02 0.000000000000000000e+00 9.219003151103851712e-01 6.228999007041486902e-01 3.196983403736913809e-01 1.479349504150692107e-01 7.898761690963190807e-01 7.750634267105782627e-01 4.081574570083829068e-01 7.442287476759164022e-01 8.887401616683131556e-01 9.996722980104847389e-01 7.535493031288003074e-01 1.380245486767949226e-01 6.742558100871388627e-01 1.648703174485641743e-01 6.574947242068089892e-01 7.211896256409277006e-01 1.407070656376138151e-01 3.524591518740893825e-01 5.060046538838868235e-01 9.388721254517878867e-01 9.364954880520978131e-01 8.230643893323599247e-01 2.152353846894705658e-01
8.779281819292847899e-01 9.219003151103851712e-01 0.000000000000000000e+00 7.961006271058048700e-01 3.813342630726548332e-01 7.381484678352794315e-01 8.913711993098120123e-01 3.173668924693133775e-01 5.841813769767146836e-01 1.916411061841638563e-02 4.273243174561011104e-01 9.809607930523769337e-01 6.287631757958728196e-01 8.802864603643515418e-01 8.521715564757200712e-01 4.929736831785745954e-01 1.808901702572374148e-01 2.049585275284057095e-01 6.290374476620971267e-01 7.297854754001760202e-01 2.529574514208149383e-01 5.169097036372035658e-01 3.225168112909172491e-01 6.131806395533037080e-01 3.699882348761229789e-02
7.450898084296214696e-01 6.228999007041486902e-01 7.961006271058048700e-01 0.000000000000000000e+00 6.565871707779551425e-01 2.576383051112202116e-01 3.659521098154137064e-01 5.964121887318397652e-01 1.028363418703289733e-01 9.039860809342648018e-01 3.123421601357756483e-02 1.032266554350015353e-01 6.630442121281786561e-01 4.078192652075184332e-01 5.065842711524948250e-02 3.504990376510227490e-01 6.324794864585637777e-01 9.484732264551132275e-01 5.611548266160462095e-01 3.296044543891334389e-01 7.188691197791767795e-01 5.180537362952852831e-01 4.871160661133968617e-01 4.915909367688697795e-01 2.669230399635236228e-01
5.619131529036796024e-01 3.196983403736913809e-01 3.813342630726548332e-01 6.565871707779551425e-01 0.000000000000000000e+00 3.964237897444384817e-01 6.969399791296749802e-01 5.123657522603712877e-01 9.148729819924296125e-01 9.737516481285952707e-01 4.853881815855709547e-02 2.138346368814001419e-01 4.629633267182640122e-01 4.412706934638940259e-01 6.912629473443685502e-01 4.387608567642180546e-01 4.931433920444812102e-01 9.897961391003796683e-01 8.659961798267323818e-02 3.043454863746936079e-01 5.172695066460925029e-01 7.161591268388803888e-01 3.583453920504025003e-01 5.761352856321304561e-01 3.650370929858303137e-01
8.218278856300986757e-01 1.479349504150692107e-01 7.381484678352794315e-01 2.576383051112202116e-01 3.964237897444384817e-01 0.000000000000000000e+00 6.739198208402237267e-01 1.161593622042718099e-01 7.232388871749205750e-01 1.185204162657615967e-02 3.648791471987060664e-01 5.201456273277528242e-01 9.880243376912137832e-01 3.676444116417513230e-01 1.041629663250636106e-01 7.874047261585500612e-01 5.695004847618532207e-01 7.856189232110077914e-01 9.718390311738258625e-01 2.459040779766489271e-01 1.197917304447965181e-01 7.564476851982653294e-01 5.853374616973218147e-01 1.311223075136570548e-01 7.302955368051340379e-01
2.357172964798643910e-01 7.898761690963190807e-01 8.913711993098120123e-01 3.659521098154137064e-01 6.969399791296749802e-01 6.739198208402237267e-01 0.000000000000000000e+00 4.983656805732716855e-01 5.333843276767950004e-01 2.266288768863506942e-01 9.374571396979638482e-01 8.911171269827750097e-01 7.456247557559401162e-01 2.407538326284016650e-01 4.219168412430622794e-01 1.443507593748549755e-02 3.449734525974680333e-01 3.365001069788812194e-01 6.093846016191505344e-01 6.151101294965195532e-01 5.663643691541651037e-01 8.212264356265182030e-01 9.191657429868408391e-01 8.060858920669317085e-01 6.050527377592128664e-01
3.922660845828496168e-02 7.750634267105782627e-01 3.173668924693133775e-01 5.964121887318397652e-01 5.123657522603712877e-01 1.161593622042718099e-01 4.983656805732716855e-01 0.000000000000000000e+00 2.663309663385571291e-01 7.193418358502081666e-01 9.595163039012023498e-01 7.119767773047021020e-01 6.617961543759869336e-01 9.763951952680430812e-01 1.456163081469624698e-01 3.365458339036215829e-01 6.411679168555098896e-01 3.207950370536887252e-01 9.412807394134051764e-01 3.547747873574940147e-01 7.962723311192076991e-02 4.683494870537476817e-01 3.501872904923458707e-01 6.256346634068699064e-02 6.681773191758794139e-01
7.808245066355837816e-01 4.081574570083829068e-01 5.841813769767146836e-01 1.028363418703289733e-01 9.148729819924296125e-01 7.232388871749205750e-01 5.333843276767950004e-01 2.663309663385571291e-01 0.000000000000000000e+00 4.537752003157380365e-01 2.619621342454890867e-01 4.801517727662821811e-01 2.247677322720618154e-01 3.395343937544784696e-01 8.358771199958977549e-01 9.679103963671943367e-01 1.838071377260270811e-01 6.988590222473718416e-01 4.057343860771791544e-01 9.592355587747520840e-01 5.916182010946525738e-01 4.669627771997786336e-02 8.295794787600594411e-01 9.225359263525193532e-01 4.693156251943489954e-01
8.253692182511315201e-01 7.442287476759164022e-01 1.916411061841638563e-02 9.039860809342648018e-01 9.737516481285952707e-01 1.185204162657615967e-02 2.266288768863506942e-01 7.193418358502081666e-01 4.537752003157380365e-01 0.000000000000000000e+00 4.563391309627842229e-01 4.975363271768014073e-01 4.456480854960598315e-02 9.477298957008772895e-03 5.151786318431736955e-01 9.147650715992028392e-01 2.049985438788193282e-01 5.947367905114659958e-01 8.611188622985918029e-01 1.371896171954261057e-01 1.235689477020915916e-01 6.900012937145605374e-02 3.108742027773973016e-01 8.073793284133701231e-01 5.211315228295899660e-01
9.028090441727623094e-01 8.887401616683131556e-01 4.273243174561011104e-01 3.123421601357756483e-02 4.853881815855709547e-02 3.648791471987060664e-01 9.374571396979638482e-01 9.595163039012023498e-01 2.619621342454890867e-01 4.563391309627842229e-01 0.000000000000000000e+00 4.479019994346385980e-01 4.867751169016485413e-01 8.008701524771281166e-01 5.247660355245283847e-01 2.891987241101717787e-01 8.740463979070434153e-02 1.234273114611218469e-01 3.201642784462128688e-01 6.285167382805656455e-01 5.177711900295637326e-01 5.641017451903972413e-01 9.673237611141735082e-01 9.039270064258788651e-01 4.240299147095838439e-01
9.389470203067130649e-01 9.996722980104847389e-01 9.809607930523769337e-01 1.032266554350015353e-01 2.138346368814001419e-01 5.201456273277528242e-01 8.911171269827750097e-01 7.119767773047021020e-01 4.801517727662821811e-01 4.975363271768014073e-01 4.479019994346385980e-01 0.000000000000000000e+00 7.345348758465831684e-01 6.373122100544067470e-01 6.981647434574403954e-01 4.161746827734256193e-01 2.477409268000860809e-01 3.217765865365026512e-01 1.912521122829047293e-01 1.876851294981397578e-01 2.848209518900864934e-01 1.398075514731907942e-01 4.967366029780218017e-01 1.136185138786520721e-01 2.833452583363893496e-02
1.508430774866246216e-01 7.535493031288003074e-01 6.287631757958728196e-01 6.630442121281786561e-01 4.629633267182640122e-01 9.880243376912137832e-01 7.456247557559401162e-01 6.617961543759869336e-01 2.247677322720618154e-01 4.456480854960598315e-02 4.867751169016485413e-01 7.345348758465831684e-01 0.000000000000000000e+00 7.407918019356651840e-01 2.570197427685688707e-01 8.531784745370376566e-01 9.255272169546077121e-01 8.630098976844567948e-01 3.869951274136811392e-01 2.726378692165887241e-01 8.334314028292332255e-01 8.575127333037636523e-01 5.020172075697926228e-01 2.089553335423376401e-01 3.305203837997368055e-01
6.969586930311866269e-01 1.380245486767949226e-01 8.802864603643515418e-01 4.078192652075184332e-01 4.412706934638940259e-01 3.676444116417513230e-01 2.407538326284016650e-01 9.763951952680430812e-01 3.395343937544784696e-01 9.477298957008772895e-03 8.008701524771281166e-01 6.373122100544067470e-01 7.407918019356651840e-01 0.000000000000000000e+00 6.738028263868592882e-01 5.549021141655874345e-01 3.265324193874300507e-01 7.660596926610782065e-01 1.029027577395646986e-02 8.024723297473249639e-01 6.251923367198655157e-01 8.086163876200714862e-01 9.300305727604230022e-02 7.468890524710904977e-01 5.092665010159652672e-01
7.017727942957109333e-01 6.742558100871388627e-01 8.521715564757200712e-01 5.065842711524948250e-02 6.912629473443685502e-01 1.041629663250636106e-01 4.219168412430622794e-01 1.456163081469624698e-01 8.358771199958977549e-01 5.151786318431736955e-01 5.247660355245283847e-01 6.981647434574403954e-01 2.570197427685688707e-01 6.738028263868592882e-01 0.000000000000000000e+00 2.961717055833641421e-01 8.223631803577846622e-02 4.906360155819547986e-01 9.169262266513376058e-01 6.591271945647980690e-02 4.181898436624600368e-01 2.878580880569912015e-01 2.391348224188003524e-01 7.111204496334235792e-01 6.899886859159444219e-01
2.387818272061007496e-01 1.648703174485641743e-01 4.929736831785745954e-01 3.504990376510227490e-01 4.387608567642180546e-01 7.874047261585500612e-01 1.443507593748549755e-02 3.365458339036215829e-01 9.679103963671943367e-01 9.147650715992028392e-01 2.891987241101717787e-01 4.161746827734256193e-01 8.531784745370376566e-01 5.549021141655874345e-01 2.961717055833641421e-01 0.000000000000000000e+00 2.740777454607083996e-01 4.854099035152020791e-01 7.362957564441336977e-01 2.755940133276126858e-01 2.071999427234714197e-01 9.557385072277315707e-01 9.657887804264967402e-01 1.570069493967717333e-01 2.899513983248548366e-01
3.260657778565170251e-01 6.574947242068089892e-01 1.808901702572374148e-01 6.324794864585637777e-01 4.931433920444812102e-01 5.695004847618532207e-01 3.449734525974680333e-01 6.411679168555098896e-01 1.838071377260270811e-01 2.049985438788193282e-01 8.740463979070434153e-02 2.477409268000860809e-01 9.255272169546077121e-01 3.265324193874300507e-01 8.223631803577846622e-02 2.740777454607083996e-01 0.000000000000000000e+00 7.420347469804782214e-01 7.229556423813313648e-01 7.920941417306242016e-01 7.739381889397525249e-01 5.630670233467431895e-01 4.987397520657218530e-01 2.282683668820343348e-01 1.674442569799982072e-01
5.153005582337921719e-01 7.211896256409277006e-01 2.049585275284057095e-01 9.484732264551132275e-01 9.897961391003796683e-01 7.856189232110077914e-01 3.365001069788812194e-01 3.207950370536887252e-01 6.988590222473718416e-01 5.947367905114659958e-01 1.234273114611218469e-01 3.217765865365026512e-01 8.630098976844567948e-01 7.660596926610782065e-01 4.906360155819547986e-01 4.854099035152020791e-01 7.420347469804782214e-01 0.000000000000000000e+00 1.616585668186679703e-01 3.791496997138569247e-01 6.408570271967576337e-01 4.877873190539683268e-02 6.042265738166674449e-01 8.105977581900780660e-01 6.159425235314697211e-01
2.434674650751879055e-01 1.407070656376138151e-01 6.290374476620971267e-01 5.611548266160462095e-01 8.659961798267323818e-02 9.718390311738258625e-01 6.093846016191505344e-01 9.412807394134051764e-01 4.057343860771791544e-01 8.611188622985918029e-01 3.201642784462128688e-01 1.912521122829047293e-01 3.869951274136811392e-01 1.029027577395646986e-02 9.169262266513376058e-01 7.362957564441336977e-01 7.229556423813313648e-01 1.616585668186679703e-01 0.000000000000000000e+00 1.045422768712084283e-01 6.376448162484013027e-01 8.872053072104300053e-01 9.206795691536951987e-01 9.014781671614868763e-01 7.403513668280549131e-01
7.877081910399872378e-01 3.524591518740893825e-01 7.297854754001760202e-01 3.296044543891334389e-01 3.043454863746936079e-01 2.459040779766489271e-01 6.151101294965195532e-01 3.547747873574940147e-01 9.592355587747520840e-01 1.371896171954261057e-01 6.285167382805656455e-01 1.876851294981397578e-01 2.726378692165887241e-01 8.024723297473249639e-01 6.591271945647980690e-02 2.755940133276126858e-01 7.920941417306242016e-01 3.791496997138569247e-01 1.045422768712084283e-01 0.000000000000000000e+00 8.583609382372666685e-01 3.256524492674075510e-01 6.367516970888363881e-01 4.723756170261252940e-01 9.064028053698591769e-02
5.539842503316476652e-01 5.060046538838868235e-01 2.529574514208149383e-01 7.188691197791767795e-01 5.172695066460925029e-01 1.197917304447965181e-01 5.663643691541651037e-01 7.962723311192076991e-02 5.916182010946525738e-01 1.235689477020915916e-01 5.177711900295637326e-01 2.848209518900864934e-01 8.334314028292332255e-01 6.251923367198655157e-01 4.181898436624600368e-01 2.071999427234714197e-01 7.739381889397525249e-01 6.408570271967576337e-01 6.376448162484013027e-01 8.583609382372666685e-01 0.000000000000000000e+00 5.658317459000946625e-01 6.126496795902860448e-01 6.536084952351983723e-02 4.043748929965362837e-02
4.002506098686734459e-01 9.388721254517878867e-01 5.169097036372035658e-01 5.180537362952852831e-01 7.161591268388803888e-01 7.564476851982653294e-01 8.212264356265182030e-01 4.683494870537476817e-01 4.669627771997786336e-02 6.900012937145605374e-02 5.641017451903972413e-01 1.398075514731907942e-01 8.575127333037636523e-01 8.086163876200714862e-01 2.878580880569912015e-01 9.557385072277315707e-01 5.630670233467431895e-01 4.877873190539683268e-02 8.872053072104300053e-01 3.256524492674075510e-01 5.658317459000946625e-01 0.000000000000000000e+00 3.230967473977004456e-01 3.320810960272280177e-01 9.169668215371042930e-01
9.332526554920450579e-03 9.364954880520978131e-01 3.225168112909172491e-01 4.871160661133968617e-01 3.583453920504025003e-01 5.853374616973218147e-01 9.191657429868408391e-01 3.501872904923458707e-01 8.295794787600594411e-01 3.108742027773973016e-01 9.673237611141735082e-01 4.967366029780218017e-01 5.020172075697926228e-01 9.300305727604230022e-02 2.391348224188003524e-01 9.657887804264967402e-01 4.987397520657218530e-01 6.042265738166674449e-01 9.206795691536951987e-01 6.367516970888363881e-01 6.126496795902860448e-01 3.230967473977004456e-01 0.000000000000000000e+00 5.464172253525720890e-01 2.283882854085894643e-01
7.910238762192883799e-01 8.230643893323599247e-01 6.131806395533037080e-01 4.915909367688697795e-01 5.761352856321304561e-01 1.311223075136570548e-01 8.060858920669317085e-01 6.256346634068699064e-02 9.225359263525193532e-01 8.073793284133701231e-01 9.039270064258788651e-01 1.136185138786520721e-01 2.089553335423376401e-01 7.468890524710904977e-01 7.111204496334235792e-01 1.570069493967717333e-01 2.282683668820343348e-01 8.105977581900780660e-01 9.014781671614868763e-01 4.723756170261252940e-01 6.536084952351983723e-02 3.320810960272280177e-01 5.464172253525720890e-01 0.000000000000000000e+00 8.156726769147901734e-01
8.845805981199061918e-01 2.152353846894705658e-01 3.699882348761229789e-02 2.669230399635236228e-01 3.650370929858303137e-01 7.302955368051340379e-01 6.050527377592128664e-01 6.681773191758794139e-01 4.693156251943489954e-01 5.211315228295899660e-01 4.240299147095838439e-01 2.833452583363893496e-02 3.305203837997368055e-01 5.092665010159652672e-01 6.899886859159444219e-01 2.899513983248548366e-01 1.674442569799982072e-01 6.159425235314697211e-01 7.403513668280549131e-01 9.064028053698591769e-02 4.043748929965362837e-02 9.169668215371042930e-01 2.283882854085894643e-01 8.156726769147901734e-01 0.000000000000000000e+00
