0.000000000000000000e+00 7.604197714322269430e-02 8.849960687867028941e-01 9.646040397487287699e-03 5.457726602789769732e-02 1.101399657375050634e-01 9.542072263119354414e-01 3.318540780928858069e-02 7.073437129529548395e-01 7.836952627353483969e-01 2.854199651747074684e-01 2.048485211766846170e-01 1.448116580595626424e-02 7.318328005919341184e-01 2.690983302356271256e-01 5.935415956852385655e-02 9.380862121647964846e-01 5.038210778168735748e-01 1.439235488059905643e-01 7.113970610830332442e-01 4.835507962722385145e-02 9.879027241142028792e-01 8.903219356210502200e-01 1.255378784536552716e-01 5.915048873484674008e-02
7.604197714322269430e-02 0.000000000000000000e+00 1.794615246957925736e-01 2.724754077282848241e-01 9.574846203742037876e-02 9.919189249044878531e-01 6.457393785613736448e-01 1.141444048441184744e-01 4.943753247517159721e-01 6.719037371173041118e-01 2.891406286852686858e-01 9.974888968875071926e-01 3.405608444599780293e-01 7.693131784275220042e-02 4.029824861339448283e-02 9.731538370838482832e-01 7.920495163781923198e-01 8.468716748606254230e-01 6.852507589263371335e-01 3.341574005066773045e-01 3.801278768100643246e-01 4.910084164737227308e-01 6.791181538190748102e-01 3.283300301397145127e-01 8.919298682046308269e-01
8.849960687867028941e-01 1.794615246957925736e-01 0.000000000000000000e+00 4.821363795416555575e-01 9.294562612890709952e-01 7.476469501168071519e-01 6.722655339457939139e-01 9.682894069879566246e-02 2.753994890662941897e-01 3.377363783036250178e-01 8.263490309213431528e-01 7.100434734943750215e-01 3.452938471983844071e-01 3.846339499079270974e-01 9.967313496498420022e-01 9.610841392449318565e-01 2.261001251817230662e-01 2.709813253941429911e-01 4.064721164226050565e-01 9.200474136915595125e-01 5.590206365426331203e-01 9.584486792086679419e-01 4.522896837842705908e-01 7.663804773245421753e-01 7.802468330596967760e-02
9.646040397487287699e-03 2.724754077282848241e-01 4.821363795416555575e-01 0.000000000000000000e+00 7.718420032175732359e-01 9.466106910906868510e-01 4.739157260531867699e-02 3.438653525212421735e-01 8.105533959252000376e-01 5.904215197587314723e-01 8.465966113042497909e-01 4.287696208718844160e-01 9.116880312769863881e-01 7.978656886596358078e-02 6.517240420408858537e-01 2.356513699915110394e-01 9.178397472827635184e-01 5.362623066871912147e-01 2.522105646704606574e-01 2.252686699389033764e-01 1.981430479809798140e-01 6.953325824080995865e-01 8.590961385609675593e-01 3.347025343097911332e-01 7.331888868455878061e-01
5.457726602789769732e-02 9.574846203742037876e-02 9.294562612890709952e-01 7.718420032175732359e-01 0.000000000000000000e+00 9.361985776537531390e-01 8.957079525684621402e-01 9.166987948833194011e-01 9.757532188832517273e-01 8.900341198383817654e-01 5.185335864479138079e-01 3.223753338344500508e-01 9.151141154161684943e-01 4.532270978248756910e-01 9.257170279832276361e-01 8.112308168664351671e-01 8.173861415463300473e-01 9.512523884757351222e-01 7.910722960033504947e-01 4.600101100517465236e-01 3.921636372181668273e-01 3.613816593380914099e-01 6.921489268469995793e-01 3.298213192928034498e-01 7.175165084339198973e-01
1.101399657375050634e-01 9.919189249044878531e-01 7.476469501168071519e-01 9.466106910906868510e-01 9.361985776537531390e-01 0.000000000000000000e+00 1.680482927269250082e-01 6.413377708632383989e-01 6.292771883315878556e-01 8.433940589350820138e-01 6.923105072907085322e-01 5.405319393954882701e-01 8.074213994288547136e-01 2.992262145582752497e-01 1.410308917792522099e-01 6.557152982241798433e-03 6.464719036223054438e-02 8.194644833200210865e-01 3.585411851876393330e-01 8.319980838766778408e-01 4.028687666881958229e-02 2.287987475489321465e-01 6.747363520178644158e-01 5.156774796422318730e-01 4.152826316730353629e-01
9.542072263119354414e-01 6.457393785613736448e-01 6.722655339457939139e-01 4.739157260531867699e-02 8.957079525684621402e-01 1.680482927269250082e-01 0.000000000000000000e+00 6.395046772081537378e-01 4.008495315103814960e-01 9.032750155731653630e-01 3.051643558829113534e-01 2.512316304189879945e-01 1.983139173405803479e-01 9.737057025396289589e-03 4.294625323340315326e-01 8.734849408160768602e-01 6.420632548066435019e-01 2.419357393527328259e-01 2.160828682235871323e-02 8.510687322113493769e-01 4.120917354668190979e-01 8.347554846085274427e-01 1.366344847388104577e-01 1.292250385013482550e-02 8.582472456889841395e-01
3.318540780928858069e-02 1.141444048441184744e-01 9.682894069879566246e-02 3.438653525212421735e-01 9.166987948833194011e-01 6.413377708632383989e-01 6.395046772081537378e-01 0.000000000000000000e+00 4.952502628817813113e-01 9.886209922212548795e-01 7.959383838259190824e-01 5.299297459319757264e-01 6.308175166915368504e-01 4.092436439653146518e-02 1.159428224906777771e-02 6.275111301937623676e-01 9.741789936719191800e-01 5.498155287395078972e-02 9.830940685247790967e-01 9.000392252346630650e-01 2.242557497614650064e-02 5.904703737915504291e-01 2.905128356689306024e-01 9.589749169637109549e-01 5.551822112075299742e-01
7.073437129529548395e-01 4.943753247517159721e-01 2.753994890662941897e-01 8.105533959252000376e-01 9.757532188832517273e-01 6.292771883315878556e-01 4.008495315103814960e-01 4.952502628817813113e-01 0.000000000000000000e+00 5.413246774414994800e-01 1.821010684303020488e-01 5.058240179044447560e-01 7.289829896861317327e-01 9.091096710728995278e-01 5.265925950102845476e-01 4.834615171252844013e-01 3.539688436094547974e-01 8.708455766493125028e-01 5.504123155444839988e-01 9.124528641713168797e-01 3.572630700288503824e-01 4.487498387301895875e-01 5.525104730443758383e-01 9.202352394841259997e-01 5.359484018484809154e-01
7.836952627353483969e-01 6.719037371173041118e-01 3.377363783036250178e-01 5.904215197587314723e-01 8.900341198383817654e-01 8.433940589350820138e-01 9.032750155731653630e-01 9.886209922212548795e-01 5.413246774414994800e-01 0.000000000000000000e+00 7.897898700342386169e-01 1.631446910912343062e-01 7.035847301805191467e-01 3.308977706542109987e-01 4.081852517064867847e-01 4.912414265388026502e-01 5.854145022667089915e-02 8.717972168056741245e-01 4.532349298903750601e-01 6.699050683286271735e-01 5.680862370376210668e-01 1.575028477050484099e-01 6.523222913737007911e-01 6.538551287094298559e-01 4.283725387381882577e-01
2.854199651747074684e-01 2.891406286852686858e-01 8.263490309213431528e-01 8.465966113042497909e-01 5.185335864479138079e-01 6.923105072907085322e-01 3.051643558829113534e-01 7.959383838259190824e-01 1.821010684303020488e-01 7.897898700342386169e-01 0.000000000000000000e+00 2.430880005407625166e-01 6.088486306687739269e-01 6.522745524711951459e-01 2.971720172285193806e-01 8.623672745417144681e-01 2.043202067304861203e-01 7.027296751060664315e-01 5.138493188049678695e-01 1.772767880572682087e-01 6.589381212271292476e-01 7.139389850560332595e-01 3.447514717296219500e-01 5.461895088748299765e-01 8.248177483807596078e-01
2.048485211766846170e-01 9.974888968875071926e-01 7.100434734943750215e-01 4.287696208718844160e-01 3.223753338344500508e-01 5.405319393954882701e-01 2.512316304189879945e-01 5.299297459319757264e-01 5.058240179044447560e-01 1.631446910912343062e-01 2.430880005407625166e-01 0.000000000000000000e+00 4.802791825251683244e-01 5.678551800595255106e-02 4.290665078285824663e-01 5.564745713844709840e-01 7.481033171667677006e-01 2.284707587188506972e-01 4.484573944235513698e-01 4.456741420057575009e-01 1.748845025888356997e-01 7.387975808481570539e-01 7.746306038191942411e-01 5.644287218655108518e-02 1.008035251011375477e-01
1.448116580595626424e-02 3.405608444599780293e-01 3.452938471983844071e-01 9.116880312769863881e-01 9.151141154161684943e-01 8.074213994288547136e-01 1.983139173405803479e-01 6.308175166915368504e-01 7.289829896861317327e-01 7.035847301805191467e-01 6.088486306687739269e-01 4.802791825251683244e-01 0.000000000000000000e+00 3.064512488874604479e-01 6.096516624152689134e-01 9.162510437080839676e-02 8.445230667513291545e-01 8.030426131945648249e-01 4.709682875896864518e-01 2.613518601106334938e-02 6.762233365718774980e-01 2.339321325608509916e-01 8.163483777147757525e-01 7.129059163942259580e-01 4.120613414107024974e-01
7.318328005919341184e-01 7.693131784275220042e-02 3.846339499079270974e-01 7.978656886596358078e-02 4.532270978248756910e-01 2.992262145582752497e-01 9.737057025396289589e-03 4.092436439653146518e-02 9.091096710728995278e-01 3.308977706542109987e-01 6.522745524711951459e-01 5.678551800595255106e-02 3.064512488874604479e-01 0.000000000000000000e+00 7.820892550349541894e-01 7.891865088073009016e-01 6.376174287397846641e-01 5.004516421800200288e-01 9.946502372565746430e-01 4.194350244768230151e-01 8.796568323463477279e-01 4.626577454112280607e-01 9.499324326042101196e-01 5.972184041694326151e-01 2.143567936460649692e-01
2.690983302356271256e-01 4.029824861339448283e-02 9.967313496498420022e-01 6.517240420408858537e-01 9.257170279832276361e-01 1.410308917792522099e-01 4.294625323340315326e-01 1.159428224906777771e-02 5.265925950102845476e-01 4.081852517064867847e-01 2.971720172285193806e-01 4.290665078285824663e-01 6.096516624152689134e-01 7.820892550349541894e-01 0.000000000000000000e+00 4.275622559836644854e-01 3.935736760319985539e-02 3.312237758356657569e-01 4.381128543181227464e-01 3.339709510942152626e-01 9.085158729256039845e-01 4.857800946139561038e-01 4.932083409598856383e-01 7.789396949783451429e-01 2.258449771731108058e-02
5.935415956852385655e-02 9.731538370838482832e-01 9.610841392449318565e-01 2.356513699915110394e-01 8.112308168664351671e-01 6.557152982241798433e-03 8.734849408160768602e-01 6.275111301937623676e-01 4.834615171252844013e-01 4.912414265388026502e-01 8.623672745417144681e-01 5.564745713844709840e-01 9.162510437080839676e-02 7.891865088073009016e-01 4.275622559836644854e-01 0.000000000000000000e+00 5.371468308167670624e-02 4.939747298948192755e-01 8.282539490389503323e-01 5.342695842693481190e-01 6.616483525611902561e-01 5.293487549253917956e-01 1.038431411598000897e-01 9.768011257409255910e-01 2.665611205068314504e-01
9.380862121647964846e-01 7.920495163781923198e-01 2.261001251817230662e-01 9.178397472827635184e-01 8.173861415463300473e-01 6.464719036223054438e-02 6.420632548066435019e-01 9.741789936719191800e-01 3.539688436094547974e-01 5.854145022667089915e-02 2.043202067304861203e-01 7.481033171667677006e-01 8.445230667513291545e-01 6.376174287397846641e-01 3.935736760319985539e-02 5.371468308167670624e-02 0.000000000000000000e+00 7.583286848769187349e-01 8.464981593797105131e-01 6.571231746915705552e-01 7.298568243250106446e-01 4.902370480989964863e-01 1.947076867767525421e-01 5.032196474749622839e-01 9.207856805612830708e-01
5.038210778168735748e-01 8.468716748606254230e-01 2.709813253941429911e-01 5.362623066871912147e-01 9.512523884757351222e-01 8.194644833200210865e-01 2.419357393527328259e-01 5.498155287395078972e-02 8.708455766493125028e-01 8.717972168056741245e-01 7.027296751060664315e-01 2.284707587188506972e-01 8.030426131945648249e-01 5.004516421800200288e-01 3.312237758356657569e-01 4.939747298948192755e-01 7.583286848769187349e-01 0.000000000000000000e+00 3.370034944102205943e-01 8.818697515056821423e-01 7.233725155374434168e-01 3.012498260136168282e-01 4.588951972905646048e-01 2.687346142216591183e-01 4.314511835184346999e-01
1.439235488059905643e-01 6.852507589263371335e-01 4.064721164226050565e-01 2.522105646704606574e-01 7.910722960033504947e-01 3.585411851876393330e-01 2.160828682235871323e-02 9.830940685247790967e-01 5.504123155444839988e-01 4.532349298903750601e-01 5.138493188049678695e-01 4.484573944235513698e-01 4.709682875896864518e-01 9.946502372565746430e-01 4.381128543181227464e-01 8.282539490389503323e-01 8.464981593797105131e-01 3.370034944102205943e-01 0.000000000000000000e+00 4.084038289147462475e-02 9.296707909039206852e-01 8.325598772467243114e-01 4.831520916611674599e-01 5.996613836807175302e-01 8.547892620515505913e-01
7.113970610830332442e-01 3.341574005066773045e-01 9.200474136915595125e-01 2.252686699389033764e-01 4.600101100517465236e-01 8.319980838766778408e-01 8.510687322113493769e-01 9.000392252346630650e-01 9.124528641713168797e-01 6.699050683286271735e-01 1.772767880572682087e-01 4.456741420057575009e-01 2.613518601106334938e-02 4.194350244768230151e-01 3.339709510942152626e-01 5.342695842693481190e-01 6.571231746915705552e-01 8.818697515056821423e-01 4.084038289147462475e-02 0.000000000000000000e+00 3.207659895872242428e-01 1.371389876577500111e-02 6.229142176967666922e-01 1.914414288015056087e-01 5.561880154691432043e-01
4.835507962722385145e-02 3.801278768100643246e-01 5.590206365426331203e-01 1.981430479809798140e-01 3.921636372181668273e-01 4.028687666881958229e-02 4.120917354668190979e-01 2.242557497614650064e-02 3.572630700288503824e-01 5.680862370376210668e-01 6.589381212271292476e-01 1.748845025888356997e-01 6.762233365718774980e-01 8.796568323463477279e-01 9.085158729256039845e-01 6.616483525611902561e-01 7.298568243250106446e-01 7.233725155374434168e-01 9.296707909039206852e-01 3.207659895872242428e-01 0.000000000000000000e+00 5.964527046172330982e-01 2.284571316677794783e-01 5.938582230528127726e-01 1.715244491869131194e-01
9.879027241142028792e-01 4.910084164737227308e-01 9.584486792086679419e-01 6.953325824080995865e-01 3.613816593380914099e-01 2.287987475489321465e-01 8.347554846085274427e-01 5.904703737915504291e-01 4.487498387301895875e-01 1.575028477050484099e-01 7.139389850560332595e-01 7.387975808481570539e-01 2.339321325608509916e-01 4.626577454112280607e-01 4.857800946139561038e-01 5.293487549253917956e-01 4.902370480989964863e-01 3.012498260136168282e-01 8.325598772467243114e-01 1.371389876577500111e-02 5.964527046172330982e-01 0.000000000000000000e+00 6.988257714393454334e-01 4.509665744731097270e-01 1.852036416375335559e-02
8.903219356210502200e-01 6.791181538190748102e-01 4.522896837842705908e-01 8.590961385609675593e-01 6.921489268469995793e-01 6.747363520178644158e-01 1.366344847388104577e-01 2.905128356689306024e-01 5.525104730443758383e-01 6.523222913737007911e-01 3.447514717296219500e-01 7.746306038191942411e-01 8.163483777147757525e-01 9.499324326042101196e-01 4.932083409598856383e-01 1.038431411598000897e-01 1.947076867767525421e-01 4.588951972905646048e-01 4.831520916611674599e-01 6.229142176967666922e-01 2.284571316677794783e-01 6.988257714393454334e-01 0.000000000000000000e+00 1.655312322231470290e-01 5.362783679878829757e-01
1.255378784536552716e-01 3.283300301397145127e-01 7.663804773245421753e-01 3.347025343097911332e-01 3.298213192928034498e-01 5.156774796422318730e-01 1.292250385013482550e-02 9.589749169637109549e-01 9.202352394841259997e-01 6.538551287094298559e-01 5.461895088748299765e-01 5.644287218655108518e-02 7.129059163942259580e-01 5.972184041694326151e-01 7.789396949783451429e-01 9.768011257409255910e-01 5.032196474749622839e-01 2.687346142216591183e-01 5.996613836807175302e-01 1.914414288015056087e-01 5.938582230528127726e-01 4.509665744731097270e-01 1.655312322231470290e-01 0.000000000000000000e+00 3.765171648941572080e-01
5.915048873484674008e-02 8.919298682046308269e-01 7.802468330596967760e-02 7.331888868455878061e-01 7.175165084339198973e-01 4.152826316730353629e-01 8.582472456889841395e-01 5.551822112075299742e-01 5.359484018484809154e-01 4.283725387381882577e-01 8.248177483807596078e-01 1.008035251011375477e-01 4.120613414107024974e-01 2.143567936460649692e-01 2.258449771731108058e-02 2.665611205068314504e-01 9.207856805612830708e-01 4.314511835184346999e-01 8.547892620515505913e-01 5.561880154691432043e-01 1.715244491869131194e-01 1.852036416375335559e-02 5.362783679878829757e-01 3.765171648941572080e-01 0.000000000000000000e+00
