0.000000000000000000e+00 8.352874921382446027e-01 9.370530717924173691e-01 9.712781280018312202e-02 7.805633067975118466e-01 8.485308830879165765e-01 1.658461364918238923e-01 7.825315473955339884e-01 9.022476460915049845e-01 3.380971566884172219e-02 8.499424239838091477e-01 3.115054338460065964e-02 5.251915839902325800e-01 5.161418759619114116e-01 7.838397564352008740e-01 3.564457880309946924e-01 9.378719474172135806e-01 5.888034817882690231e-01 6.500751094527070784e-01 5.106425049165901342e-01 5.390027038277938054e-01 1.856432910278008608e-01 6.710970758863206154e-01 9.352451539611384979e-01 6.943165422327304270e-01
8.352874921382446027e-01 0.000000000000000000e+00 1.225176416974181892e-01 9.475465531966220656e-01 7.232847090281130376e-01 6.656079347246035560e-01 4.554680539020720120e-01 5.982681923349627562e-01 3.504714829089818906e-01 7.356299794084111277e-01 8.578701044098867579e-01 6.036008828106249613e-01 4.638930406232185666e-01 3.797665866406378932e-01 3.402073154704263747e-01 1.141930128177209847e-01 5.602628792626906939e-01 2.064511547157432680e-02 6.378575828700141503e-01 4.381900460919649909e-01 6.358214210065524785e-01 6.417540468601952153e-01 7.856655206529294944e-01 6.010102838245101609e-01 3.213477176114249989e-01
9.370530717924173691e-01 1.225176416974181892e-01 0.000000000000000000e+00 4.680518531113889713e-01 7.064441250332064159e-01 4.157259631517062903e-01 1.930583418233299264e-01 3.056172795613221194e-01 9.149072766243304677e-02 1.951107555895864598e-01 2.286139217512228594e-02 1.121862469634093973e-02 2.182420939523810333e-01 8.350189194824072514e-01 1.410627693591560705e-01 4.387546076575099541e-02 1.668521045357751476e-03 9.752064749301908586e-01 8.081148511575718674e-01 2.165371426986748560e-01 9.111796524365437522e-01 2.612709600231212237e-01 8.211376807319136217e-01 6.505058986147230771e-01 5.086448904025190343e-01
9.712781280018312202e-02 9.475465531966220656e-01 4.680518531113889713e-01 0.000000000000000000e+00 6.676339788548305565e-01 8.468983169115195109e-01 6.721915254602125467e-01 9.320073493646938712e-01 3.652866403130292650e-01 5.577514407318191481e-01 3.353055471558118450e-01 3.131074636656296928e-01 4.608833287233405906e-01 2.092751087095355844e-01 8.399611965927670232e-01 5.936480803741570611e-01 1.605440553093053779e-01 9.302824828744695740e-01 5.055697699954996294e-01 8.414529811136344239e-01 5.181836074415170357e-01 3.203857320421925614e-01 4.161124053155389468e-01 4.380939484981506427e-01 6.306297112860270726e-02
7.805633067975118466e-01 7.232847090281130376e-01 7.064441250332064159e-01 6.676339788548305565e-01 0.000000000000000000e+00 6.442623543084146087e-01 1.384689802488159316e-02 3.895574538056292280e-01 2.760958669198765314e-01 3.088098632904264784e-01 8.837440065199855255e-01 8.990867997800230382e-01 4.493549074261806719e-01 5.659803421284340663e-01 3.144244669927869218e-01 4.361238824106339340e-01 7.861600648239679412e-01 8.485777431351175792e-01 8.324964065729741902e-01 2.077785544486933089e-01 3.370445599753758570e-01 6.093376442388171998e-01 5.494717051200739277e-01 4.045278083555473581e-01 3.523722716608507222e-01
8.485308830879165765e-01 6.656079347246035560e-01 4.157259631517062903e-01 8.468983169115195109e-01 6.442623543084146087e-01 0.000000000000000000e+00 2.695023338660126333e-01 8.482676913108770922e-01 4.274199233180031587e-01 6.752715487897049673e-01 6.919924294404166121e-01 7.427274735705979847e-01 2.677565488385570402e-01 3.918545309286389777e-01 5.880923020802015788e-01 6.833802107814368476e-02 8.007547814180003831e-01 1.069085926760404703e-01 7.637525993096422328e-01 8.727063039127753719e-01 7.593559982255093654e-01 6.080217294022119967e-01 9.713811628181192592e-01 9.548164330643683639e-01 4.133541385592445216e-01
1.658461364918238923e-01 4.554680539020720120e-01 1.930583418233299264e-01 6.721915254602125467e-01 1.384689802488159316e-02 2.695023338660126333e-01 0.000000000000000000e+00 5.485876983561904785e-01 8.365209330959515466e-01 1.512725296801821218e-01 9.368770912852709687e-01 8.720599478142474492e-01 5.701969757205971323e-01 9.772673755950245233e-01 2.852874049476918916e-01 5.633487535439540839e-01 1.879322222361061723e-01 3.509135206237696814e-01 1.172969188594980006e-01 2.434655023892220438e-01 5.202143549770285036e-01 2.979820471118169722e-01 7.697449426521826288e-01 3.732566074424606972e-01 1.808536487542192761e-01
7.825315473955339884e-01 5.982681923349627562e-01 3.056172795613221194e-01 9.320073493646938712e-01 3.895574538056292280e-01 8.482676913108770922e-01 5.485876983561904785e-01 0.000000000000000000e+00 8.228044715200446557e-01 7.709501059947443391e-01 6.569806201608717755e-01 4.915952069009696945e-01 9.161971513473107231e-01 5.455799673789478721e-01 6.448134092616789603e-01 1.259379711086391351e-01 5.731423276161251579e-02 7.854305746370262575e-01 6.929086293267308072e-01 3.661797245965908720e-01 6.143784207563139921e-01 7.149401332529103925e-01 6.394645915250318779e-02 6.447556622556812611e-01 9.898331329727083627e-01
9.022476460915049845e-01 3.504714829089818906e-01 9.149072766243304677e-02 3.652866403130292650e-01 2.760958669198765314e-01 4.274199233180031587e-01 8.365209330959515466e-01 8.228044715200446557e-01 0.000000000000000000e+00 7.037748693050803750e-01 7.535173784152249254e-01 4.628916797289440721e-01 6.908900456943448676e-01 4.367092347643474204e-01 9.597905575205220030e-01 2.392963632258680029e-01 5.144618327707013439e-01 4.048812972050421788e-01 7.612300955815517467e-01 4.069192022933060260e-01 1.176829042479505816e-01 7.651682029037466526e-01 2.994197532567510756e-02 3.119507902071659844e-01 7.350275509571555510e-01
3.380971566884172219e-02 7.356299794084111277e-01 1.951107555895864598e-01 5.577514407318191481e-01 3.088098632904264784e-01 6.752715487897049673e-01 1.512725296801821218e-01 7.709501059947443391e-01 7.037748693050803750e-01 0.000000000000000000e+00 8.003539394865509804e-01 7.838326769308686659e-01 1.466757338480833006e-01 5.987635595638474140e-02 9.545191945042299508e-01 6.933138723693931249e-01 8.186089655665560461e-01 1.468937780257806303e-01 1.394986108560483107e-01 8.680343223001280029e-01 6.379365399946790305e-02 8.112717195130892955e-01 9.078204829192592085e-01 3.868467259753174403e-01 7.177108101321276745e-01
8.499424239838091477e-01 8.578701044098867579e-01 2.286139217512228594e-02 3.353055471558118450e-01 8.837440065199855255e-01 6.919924294404166121e-01 9.368770912852709687e-01 6.569806201608717755e-01 7.535173784152249254e-01 8.003539394865509804e-01 0.000000000000000000e+00 3.192254930830522586e-01 4.524982095289320494e-01 6.044364624045520662e-01 3.744884255754741265e-01 2.950351853156621962e-01 1.259490370139063620e-01 8.957303976144455060e-01 8.702841840227519832e-01 7.866379212962810730e-01 1.023644274359467587e-01 8.457667373338633166e-01 1.295821553814363591e-01 6.437212820889018916e-01 3.598167833938586968e-01
3.115054338460065964e-02 6.036008828106249613e-01 1.121862469634093973e-02 3.131074636656296928e-01 8.990867997800230382e-01 7.427274735705979847e-01 8.720599478142474492e-01 4.915952069009696945e-01 4.628916797289440721e-01 7.838326769308686659e-01 3.192254930830522586e-01 0.000000000000000000e+00 5.045402963560280396e-01 6.665196806908056937e-01 6.722019669349278415e-01 2.935787607657696086e-01 3.500822835372381370e-01 4.598922396503195564e-01 9.468911547463286782e-01 9.439465082129263607e-01 4.871608591544918099e-01 3.908362688693157727e-01 8.542406239287028136e-01 6.770096559774841927e-01 9.050718394471157779e-01
5.251915839902325800e-01 4.638930406232185666e-01 2.182420939523810333e-01 4.608833287233405906e-01 4.493549074261806719e-01 2.677565488385570402e-01 5.701969757205971323e-01 9.161971513473107231e-01 6.908900456943448676e-01 1.466757338480833006e-01 4.524982095289320494e-01 5.045402963560280396e-01 0.000000000000000000e+00 5.436813985001262006e-01 1.144822886401686279e-02 2.126414044920972302e-01 4.976388221208741802e-01 4.680248549915673184e-01 5.422003152074219567e-01 9.548993344422515017e-01 9.461147711397740467e-01 1.797481816817194655e-01 5.526641838716681576e-01 7.053241053220355994e-01 2.598743745413146788e-01
5.161418759619114116e-01 3.797665866406378932e-01 8.350189194824072514e-01 2.092751087095355844e-01 5.659803421284340663e-01 3.918545309286389777e-01 9.772673755950245233e-01 5.455799673789478721e-01 4.367092347643474204e-01 5.987635595638474140e-02 6.044364624045520662e-01 6.665196806908056937e-01 5.436813985001262006e-01 0.000000000000000000e+00 1.364446049319049115e-01 6.473829337755351299e-01 7.709198954198871467e-01 2.095855587317269064e-01 9.144088451991853050e-01 9.582147836436297750e-01 5.929121430185210206e-01 1.256323004706580981e-01 2.966209370551676772e-01 8.317569968843876449e-01 9.361514647886282070e-01
7.838397564352008740e-01 3.402073154704263747e-01 1.410627693591560705e-01 8.399611965927670232e-01 3.144244669927869218e-01 5.880923020802015788e-01 2.852874049476918916e-01 6.448134092616789603e-01 9.597905575205220030e-01 9.545191945042299508e-01 3.744884255754741265e-01 6.722019669349278415e-01 1.144822886401686279e-02 1.364446049319049115e-01 0.000000000000000000e+00 9.190728769842330115e-01 9.832306000334017915e-01 8.041090574104244881e-01 1.181668030611794373e-01 2.249771768178674414e-01 1.242340165704802768e-01 3.642179283590751826e-02 2.870203779373204922e-01 8.708943705115089751e-01 9.720653436933099911e-01
3.564457880309946924e-01 1.141930128177209847e-01 4.387546076575099541e-02 5.936480803741570611e-01 4.361238824106339340e-01 6.833802107814368476e-02 5.633487535439540839e-01 1.259379711086391351e-01 2.392963632258680029e-01 6.933138723693931249e-01 2.950351853156621962e-01 2.935787607657696086e-01 2.126414044920972302e-01 6.473829337755351299e-01 9.190728769842330115e-01 0.000000000000000000e+00 6.956948825574708062e-01 4.704217031551917172e-01 2.680041517594151657e-01 9.118982130360314686e-01 4.020971311532848258e-01 1.598114887152548569e-01 6.592913519145714440e-01 4.114885149669554876e-01 1.260688465074144560e-01
9.378719474172135806e-01 5.602628792626906939e-01 1.668521045357751476e-03 1.605440553093053779e-01 7.861600648239679412e-01 8.007547814180003831e-01 1.879322222361061723e-01 5.731423276161251579e-02 5.144618327707013439e-01 8.186089655665560461e-01 1.259490370139063620e-01 3.500822835372381370e-01 4.976388221208741802e-01 7.709198954198871467e-01 9.832306000334017915e-01 6.956948825574708062e-01 0.000000000000000000e+00 6.977079669656465200e-01 4.071998178360671794e-01 2.451137636141390574e-01 4.787498770962577144e-01 6.839955641654393848e-01 7.944139524813902398e-01 9.298850334703551157e-01 6.271335325226854440e-01
5.888034817882690231e-01 2.064511547157432680e-02 9.752064749301908586e-01 9.302824828744695740e-01 8.485777431351175792e-01 1.069085926760404703e-01 3.509135206237696814e-01 7.854305746370262575e-01 4.048812972050421788e-01 1.468937780257806303e-01 8.957303976144455060e-01 4.598922396503195564e-01 4.680248549915673184e-01 2.095855587317269064e-01 8.041090574104244881e-01 4.704217031551917172e-01 6.977079669656465200e-01 0.000000000000000000e+00 2.934993337853392115e-01 6.744587222236191337e-01 2.656280223216473946e-01 5.487896918309064231e-01 1.676948806353766308e-01 3.482438477095552987e-01 4.932900568173717026e-01
6.500751094527070784e-01 6.378575828700141503e-01 8.081148511575718674e-01 5.055697699954996294e-01 8.324964065729741902e-01 7.637525993096422328e-01 1.172969188594980006e-01 6.929086293267308072e-01 7.612300955815517467e-01 1.394986108560483107e-01 8.702841840227519832e-01 9.468911547463286782e-01 5.422003152074219567e-01 9.144088451991853050e-01 1.181668030611794373e-01 2.680041517594151657e-01 4.071998178360671794e-01 2.934993337853392115e-01 0.000000000000000000e+00 1.914897737150249579e-01 2.912437291910198178e-01 5.919693421835212632e-01 3.123883904070348105e-01 6.767701716072836993e-01 4.137849080803358559e-01
5.106425049165901342e-01 4.381900460919649909e-01 2.165371426986748560e-01 8.414529811136344239e-01 2.077785544486933089e-01 8.727063039127753719e-01 2.434655023892220438e-01 3.661797245965908720e-01 4.069192022933060260e-01 8.680343223001280029e-01 7.866379212962810730e-01 9.439465082129263607e-01 9.548993344422515017e-01 9.582147836436297750e-01 2.249771768178674414e-01 9.118982130360314686e-01 2.451137636141390574e-01 6.744587222236191337e-01 1.914897737150249579e-01 0.000000000000000000e+00 8.084973755701861942e-01 2.854290042923094406e-01 5.037729711807704680e-01 6.925775892685821500e-01 1.129072515529166987e-01
5.390027038277938054e-01 6.358214210065524785e-01 9.111796524365437522e-01 5.181836074415170357e-01 3.370445599753758570e-01 7.593559982255093654e-01 5.202143549770285036e-01 6.143784207563139921e-01 1.176829042479505816e-01 6.379365399946790305e-02 1.023644274359467587e-01 4.871608591544918099e-01 9.461147711397740467e-01 5.929121430185210206e-01 1.242340165704802768e-01 4.020971311532848258e-01 4.787498770962577144e-01 2.656280223216473946e-01 2.912437291910198178e-01 8.084973755701861942e-01 0.000000000000000000e+00 6.307163466771606997e-01 8.531370231009780536e-01 2.859390816870929219e-01 8.627100786218209194e-01
1.856432910278008608e-01 6.417540468601952153e-01 2.612709600231212237e-01 3.203857320421925614e-01 6.093376442388171998e-01 6.080217294022119967e-01 2.979820471118169722e-01 7.149401332529103925e-01 7.651682029037466526e-01 8.112717195130892955e-01 8.457667373338633166e-01 3.908362688693157727e-01 1.797481816817194655e-01 1.256323004706580981e-01 3.642179283590751826e-02 1.598114887152548569e-01 6.839955641654393848e-01 5.487896918309064231e-01 5.919693421835212632e-01 2.854290042923094406e-01 6.307163466771606997e-01 0.000000000000000000e+00 1.407899905702530985e-01 3.672763166969983395e-02 2.009432590578040800e-01
6.710970758863206154e-01 7.856655206529294944e-01 8.211376807319136217e-01 4.161124053155389468e-01 5.494717051200739277e-01 9.713811628181192592e-01 7.697449426521826288e-01 6.394645915250318779e-02 2.994197532567510756e-02 9.078204829192592085e-01 1.295821553814363591e-01 8.542406239287028136e-01 5.526641838716681576e-01 2.966209370551676772e-01 2.870203779373204922e-01 6.592913519145714440e-01 7.944139524813902398e-01 1.676948806353766308e-01 3.123883904070348105e-01 5.037729711807704680e-01 8.531370231009780536e-01 1.407899905702530985e-01 0.000000000000000000e+00 1.622511640116722775e-01 7.994172040581177807e-01
9.352451539611384979e-01 6.010102838245101609e-01 6.505058986147230771e-01 4.380939484981506427e-01 4.045278083555473581e-01 9.548164330643683639e-01 3.732566074424606972e-01 6.447556622556812611e-01 3.119507902071659844e-01 3.868467259753174403e-01 6.437212820889018916e-01 6.770096559774841927e-01 7.053241053220355994e-01 8.317569968843876449e-01 8.708943705115089751e-01 4.114885149669554876e-01 9.298850334703551157e-01 3.482438477095552987e-01 6.767701716072836993e-01 6.925775892685821500e-01 2.859390816870929219e-01 3.672763166969983395e-02 1.622511640116722775e-01 0.000000000000000000e+00 8.275989106877604806e-01
6.943165422327304270e-01 3.213477176114249989e-01 5.086448904025190343e-01 6.306297112860270726e-02 3.523722716608507222e-01 4.133541385592445216e-01 1.808536487542192761e-01 9.898331329727083627e-01 7.350275509571555510e-01 7.177108101321276745e-01 3.598167833938586968e-01 9.050718394471157779e-01 2.598743745413146788e-01 9.361514647886282070e-01 9.720653436933099911e-01 1.260688465074144560e-01 6.271335325226854440e-01 4.932900568173717026e-01 4.137849080803358559e-01 1.129072515529166987e-01 8.627100786218209194e-01 2.009432590578040800e-01 7.994172040581177807e-01 8.275989106877604806e-01 0.000000000000000000e+00
