0.000000000000000000e+00 7.719697900835259530e-01 8.144702201040032730e-02 8.799882632618576395e-01 6.985039726741947286e-01 7.534198758477489433e-01 4.630766607038965255e-01 1.284534288779475286e-01 7.610021570690650439e-01 7.507946805394126732e-01 9.916744405298176801e-01 2.477486011467969762e-01 1.832945141314203941e-01 6.737529818190204356e-01 7.764747970424608070e-01 7.472043204132228222e-01 2.367458648659678255e-01 4.394373591339858498e-01 8.849689012218657780e-01 1.305214643725688406e-01 2.909674691842062400e-01 4.670996106330298492e-01 4.743988242241540254e-01 4.371138045828852903e-01 4.981239829963268750e-01
7.719697900835259530e-01 0.000000000000000000e+00 5.293141579791345031e-01 9.320736437384425921e-01 7.131188424278416260e-01 2.212857384334985245e-01 7.893804075420264299e-01 4.021938221702607841e-01 7.506489453234881370e-01 9.997257548020181961e-01 9.862601155956680632e-01 8.327359598233941007e-03 2.203350610238610230e-01 7.565377068408696282e-02 6.095193341263610565e-01 9.490629997620958491e-02 5.509522906046017132e-01 9.287665537979228336e-02 4.095744019996980789e-01 6.213792790272966160e-01 3.108678029312440527e-01 8.695189780700293136e-01 2.279671530045815908e-01 3.514453034682365473e-01 8.522175837165757439e-02
8.144702201040032730e-02 5.293141579791345031e-01 0.000000000000000000e+00 7.371902956666199769e-01 4.422867002470959319e-01 8.416596436611657461e-01 3.830315769875402010e-01 9.437165344782968424e-01 9.571430849700585108e-01 9.347004691840826718e-01 6.662452560657581291e-01 7.437915281077512875e-01 2.437613459224952095e-02 5.802064571058306308e-01 4.007797495819918066e-01 7.213656396311377561e-01 2.170630827304943500e-01 1.728978357853174774e-01 4.939556457672149570e-01 8.197917253706044072e-01 7.848688996421256947e-01 6.413839541967623070e-01 4.623471598503916535e-01 7.130726078176444771e-01 7.975664078302491244e-02
8.799882632618576395e-01 9.320736437384425921e-01 7.371902956666199769e-01 0.000000000000000000e+00 5.493009522374939779e-01 6.793239269584953055e-01 5.756500949134921719e-01 5.010011584025895193e-01 4.116653477573518627e-01 6.577603592620702155e-01 6.706013288908918568e-01 2.711550851608648394e-01 1.414127370886125723e-01 2.697644525856754960e-01 5.052827528387243694e-01 9.715463170796809766e-01 9.827918005320376293e-01 1.016086477713453728e-01 3.125463683612715871e-01 6.437864634734103975e-01 1.358435626318730272e-01 5.611077042058281172e-01 4.974548507720522039e-02 6.304057546184899108e-01 8.511279892270637859e-01
6.985039726741947286e-01 7.131188424278416260e-01 4.422867002470959319e-01 5.493009522374939779e-01 0.000000000000000000e+00 2.015379998617906621e-01 6.013726375544267144e-01 1.176687580117411480e-01 2.863353031686644012e-01 6.572960558333861281e-01 6.812114471313978070e-01 6.187251601627080655e-01 5.091543017695124851e-01 1.905951132912043766e-01 3.118713624260005535e-02 1.298311371193923147e-01 1.911517399636941672e-02 1.207542337348866957e-01 7.608064818300470655e-01 5.880791092338196746e-01 6.921739652892033856e-02 8.044677437605810555e-01 4.415652166398376099e-02 5.931578287649706960e-01 8.875881534018237318e-02
7.534198758477489433e-01 2.212857384334985245e-01 8.416596436611657461e-01 6.793239269584953055e-01 2.015379998617906621e-01 0.000000000000000000e+00 5.243268117087185320e-02 1.322953486743133622e-01 4.918299808097854608e-01 8.160611286363093075e-01 3.518681720664438295e-01 7.453513369303056413e-01 6.173049943623876157e-01 6.883093097193576648e-01 6.663711233885503127e-01 8.276296181892117687e-01 6.668712500940622290e-01 2.889294926242528261e-01 4.640280467056077107e-01 2.094244486096017432e-01 1.522001337625382700e-01 9.257573857564147524e-01 9.747979662973360604e-03 3.087445021214151319e-01 7.418814746887038014e-01
4.630766607038965255e-01 7.893804075420264299e-01 3.830315769875402010e-01 5.756500949134921719e-01 6.013726375544267144e-01 5.243268117087185320e-02 0.000000000000000000e+00 3.566690455342982347e-01 5.161157409355944248e-01 7.791815472570643442e-01 9.272380522538532510e-01 4.498497505003986596e-01 9.524679880688935452e-02 8.866343704233057288e-01 7.682367985720219838e-01 1.587740033036888487e-02 4.741725327340986507e-01 8.513414770310758772e-01 6.327950617085202900e-01 8.515784329083663229e-01 6.751499923424491012e-01 7.315764996791910280e-01 8.476330874977949792e-01 6.756283604854107505e-02 7.722496486196798182e-01
1.284534288779475286e-01 4.021938221702607841e-01 9.437165344782968424e-01 5.010011584025895193e-01 1.176687580117411480e-01 1.322953486743133622e-01 3.566690455342982347e-01 0.000000000000000000e+00 7.276812111530270855e-01 5.825302736628359401e-01 2.223597489011898132e-01 4.807041533427799385e-01 2.578142311548288212e-01 3.363601804236923121e-01 6.446501037236666010e-01 6.491230054301766472e-02 4.569471502363031679e-02 1.101908407013263425e-02 8.640512435390593771e-01 4.984046816030309746e-01 4.945425676839851903e-01 1.325452612438529076e-01 3.121876809187024149e-01 5.193323818985934315e-01 4.825879836079738361e-01
7.610021570690650439e-01 7.506489453234881370e-01 9.571430849700585108e-01 4.116653477573518627e-01 2.863353031686644012e-01 4.918299808097854608e-01 5.161157409355944248e-01 7.276812111530270855e-01 0.000000000000000000e+00 8.611780576761057793e-01 4.663377671038617667e-01 6.098464843497958254e-01 6.205519399939480873e-01 8.161781830341763300e-01 6.094869520127795814e-01 2.537723708560780667e-01 8.106941166671999266e-02 5.139556791647081901e-01 5.403823120525107493e-01 7.992077012523316482e-01 2.776709855592501830e-01 7.692575942078112572e-01 8.240633845581650796e-01 4.730187852615049815e-01 2.762773674467472462e-01
7.507946805394126732e-01 9.997257548020181961e-01 9.347004691840826718e-01 6.577603592620702155e-01 6.572960558333861281e-01 8.160611286363093075e-01 7.791815472570643442e-01 5.825302736628359401e-01 8.611780576761057793e-01 0.000000000000000000e+00 2.137295842912897426e-01 8.006205740735856669e-01 1.789254156470999613e-01 5.919518634211369257e-01 3.888494744916248802e-01 5.674960119649841150e-02 6.042109925475115384e-01 2.002865950655022820e-01 7.082421424667548759e-01 2.493032794443785782e-01 3.044484214866314264e-01 3.899369941734532885e-01 2.175361897816995294e-01 7.553184488781016226e-01 2.618935913598718912e-02
9.916744405298176801e-01 9.862601155956680632e-01 6.662452560657581291e-01 6.706013288908918568e-01 6.812114471313978070e-01 3.518681720664438295e-01 9.272380522538532510e-01 2.223597489011898132e-01 4.663377671038617667e-01 2.137295842912897426e-01 0.000000000000000000e+00 2.118950028978571209e-01 7.653871127281808295e-01 1.620586987890043629e-01 8.058760620988715262e-01 6.931891813432248250e-01 4.643514986832792957e-01 1.316970813585094380e-01 3.487072075988929543e-01 9.575941514008423638e-02 4.447658157788501043e-01 1.181511315363900083e-01 5.141349216692384649e-01 4.942552225845027181e-01 8.826375331124195478e-01
2.477486011467969762e-01 8.327359598233941007e-03 7.437915281077512875e-01 2.711550851608648394e-01 6.187251601627080655e-01 7.453513369303056413e-01 4.498497505003986596e-01 4.807041533427799385e-01 6.098464843497958254e-01 8.006205740735856669e-01 2.118950028978571209e-01 0.000000000000000000e+00 5.942612294898608205e-01 1.280156402772327784e-01 8.277622848163188607e-01 4.275425180662508762e-01 8.927337476275871708e-01 5.780732534103841802e-01 6.699018327625306801e-01 5.551944334375172874e-01 5.666774669810551446e-01 4.149321930692930760e-01 6.681667704449174572e-01 5.940905630578707797e-02 2.423014734006448956e-01
1.832945141314203941e-01 2.203350610238610230e-01 2.437613459224952095e-02 1.414127370886125723e-01 5.091543017695124851e-01 6.173049943623876157e-01 9.524679880688935452e-02 2.578142311548288212e-01 6.205519399939480873e-01 1.789254156470999613e-01 7.653871127281808295e-01 5.942612294898608205e-01 0.000000000000000000e+00 1.277286306010659844e-01 9.500183542373781265e-01 4.470921597668713332e-01 4.574913008147424298e-01 8.250524123192055637e-01 7.351439049912253942e-01 7.291829982055413328e-01 5.422115524383767093e-01 7.446317251231785450e-01 7.041420970869632923e-01 7.221504784214991535e-01 3.585267773409268610e-01
6.737529818190204356e-01 7.565377068408696282e-02 5.802064571058306308e-01 2.697644525856754960e-01 1.905951132912043766e-01 6.883093097193576648e-01 8.866343704233057288e-01 3.363601804236923121e-01 8.161781830341763300e-01 5.919518634211369257e-01 1.620586987890043629e-01 1.280156402772327784e-01 1.277286306010659844e-01 0.000000000000000000e+00 7.777027802485777519e-01 7.354032819762950091e-01 9.194975039689495810e-01 3.508194026606351601e-01 3.128208724174809108e-01 3.658313145305589487e-01 2.260574808132819191e-01 5.781795761937100764e-01 3.459176269907165979e-01 1.608929369882040605e-01 6.602647227642580718e-01
7.764747970424608070e-01 6.095193341263610565e-01 4.007797495819918066e-01 5.052827528387243694e-01 3.118713624260005535e-02 6.663711233885503127e-01 7.682367985720219838e-01 6.446501037236666010e-01 6.094869520127795814e-01 3.888494744916248802e-01 8.058760620988715262e-01 8.277622848163188607e-01 9.500183542373781265e-01 7.777027802485777519e-01 0.000000000000000000e+00 5.871352017015795122e-01 6.477596285164094470e-01 3.321499169032252619e-01 6.087655739587227721e-02 2.040110951252017690e-01 5.512778610289070791e-02 8.128302038311129296e-01 5.058062617051650722e-01 2.220749906401295881e-01 2.508928350204424618e-01
7.472043204132228222e-01 9.490629997620958491e-02 7.213656396311377561e-01 9.715463170796809766e-01 1.298311371193923147e-01 8.276296181892117687e-01 1.587740033036888487e-02 6.491230054301766472e-02 2.537723708560780667e-01 5.674960119649841150e-02 6.931891813432248250e-01 4.275425180662508762e-01 4.470921597668713332e-01 7.354032819762950091e-01 5.871352017015795122e-01 0.000000000000000000e+00 9.162185726964792165e-01 9.090393361678628104e-01 4.383663491657076028e-01 2.486464904867391468e-01 7.422049192968627196e-01 2.215259716682616009e-01 6.113262931952672119e-01 5.432087325039526293e-01 9.974862844887257829e-01
2.367458648659678255e-01 5.509522906046017132e-01 2.170630827304943500e-01 9.827918005320376293e-01 1.911517399636941672e-02 6.668712500940622290e-01 4.741725327340986507e-01 4.569471502363031679e-02 8.106941166671999266e-02 6.042109925475115384e-01 4.643514986832792957e-01 8.927337476275871708e-01 4.574913008147424298e-01 9.194975039689495810e-01 6.477596285164094470e-01 9.162185726964792165e-01 0.000000000000000000e+00 8.085361711847536270e-01 5.069290064325933098e-01 1.251690312692301799e-01 5.165932699044828436e-02 1.626024639734574562e-01 1.316400627983038696e-01 9.047894829276466044e-01 4.324391612323384981e-01
4.394373591339858498e-01 9.287665537979228336e-02 1.728978357853174774e-01 1.016086477713453728e-01 1.207542337348866957e-01 2.889294926242528261e-01 8.513414770310758772e-01 1.101908407013263425e-02 5.139556791647081901e-01 2.002865950655022820e-01 1.316970813585094380e-01 5.780732534103841802e-01 8.250524123192055637e-01 3.508194026606351601e-01 3.321499169032252619e-01 9.090393361678628104e-01 8.085361711847536270e-01 0.000000000000000000e+00 8.713892125316207160e-01 9.965798222905614123e-01 6.578152996495714167e-01 2.183360521952887323e-01 7.282307483232595136e-01 1.024249265648148333e-01 1.690548978225632215e-01
8.849689012218657780e-01 4.095744019996980789e-01 4.939556457672149570e-01 3.125463683612715871e-01 7.608064818300470655e-01 4.640280467056077107e-01 6.327950617085202900e-01 8.640512435390593771e-01 5.403823120525107493e-01 7.082421424667548759e-01 3.487072075988929543e-01 6.699018327625306801e-01 7.351439049912253942e-01 3.128208724174809108e-01 6.087655739587227721e-02 4.383663491657076028e-01 5.069290064325933098e-01 8.713892125316207160e-01 0.000000000000000000e+00 3.441459008101557249e-01 5.232714567697929198e-01 8.503746694929926742e-01 2.229089808588865518e-01 5.821932117300022691e-01 5.113100630557905202e-01
1.305214643725688406e-01 6.213792790272966160e-01 8.197917253706044072e-01 6.437864634734103975e-01 5.880791092338196746e-01 2.094244486096017432e-01 8.515784329083663229e-01 4.984046816030309746e-01 7.992077012523316482e-01 2.493032794443785782e-01 9.575941514008423638e-02 5.551944334375172874e-01 7.291829982055413328e-01 3.658313145305589487e-01 2.040110951252017690e-01 2.486464904867391468e-01 1.251690312692301799e-01 9.965798222905614123e-01 3.441459008101557249e-01 0.000000000000000000e+00 9.761567461269360368e-02 5.287918488980726250e-01 9.442692566966803813e-01 2.331628583038866109e-01 5.963138086701047502e-01
2.909674691842062400e-01 3.108678029312440527e-01 7.848688996421256947e-01 1.358435626318730272e-01 6.921739652892033856e-02 1.522001337625382700e-01 6.751499923424491012e-01 4.945425676839851903e-01 2.776709855592501830e-01 3.044484214866314264e-01 4.447658157788501043e-01 5.666774669810551446e-01 5.422115524383767093e-01 2.260574808132819191e-01 5.512778610289070791e-02 7.422049192968627196e-01 5.165932699044828436e-02 6.578152996495714167e-01 5.232714567697929198e-01 9.761567461269360368e-02 0.000000000000000000e+00 4.017992284064543229e-01 4.602861552697153913e-01 4.732603973672512288e-01 6.535063002556928957e-01
4.670996106330298492e-01 8.695189780700293136e-01 6.413839541967623070e-01 5.611077042058281172e-01 8.044677437605810555e-01 9.257573857564147524e-01 7.315764996791910280e-01 1.325452612438529076e-01 7.692575942078112572e-01 3.899369941734532885e-01 1.181511315363900083e-01 4.149321930692930760e-01 7.446317251231785450e-01 5.781795761937100764e-01 8.128302038311129296e-01 2.215259716682616009e-01 1.626024639734574562e-01 2.183360521952887323e-01 8.503746694929926742e-01 5.287918488980726250e-01 4.017992284064543229e-01 0.000000000000000000e+00 1.857584550815052360e-01 7.153095532488764619e-01 1.342182335649655389e-02
4.743988242241540254e-01 2.279671530045815908e-01 4.623471598503916535e-01 4.974548507720522039e-02 4.415652166398376099e-02 9.747979662973360604e-03 8.476330874977949792e-01 3.121876809187024149e-01 8.240633845581650796e-01 2.175361897816995294e-01 5.141349216692384649e-01 6.681667704449174572e-01 7.041420970869632923e-01 3.459176269907165979e-01 5.058062617051650722e-01 6.113262931952672119e-01 1.316400627983038696e-01 7.282307483232595136e-01 2.229089808588865518e-01 9.442692566966803813e-01 4.602861552697153913e-01 1.857584550815052360e-01 0.000000000000000000e+00 9.175280196411161882e-02 5.837327006245327521e-01
4.371138045828852903e-01 3.514453034682365473e-01 7.130726078176444771e-01 6.304057546184899108e-01 5.931578287649706960e-01 3.087445021214151319e-01 6.756283604854107505e-02 5.193323818985934315e-01 4.730187852615049815e-01 7.553184488781016226e-01 4.942552225845027181e-01 5.940905630578707797e-02 7.221504784214991535e-01 1.608929369882040605e-01 2.220749906401295881e-01 5.432087325039526293e-01 9.047894829276466044e-01 1.024249265648148333e-01 5.821932117300022691e-01 2.331628583038866109e-01 4.732603973672512288e-01 7.153095532488764619e-01 9.175280196411161882e-02 0.000000000000000000e+00 4.634790231959617923e-02
4.981239829963268750e-01 8.522175837165757439e-02 7.975664078302491244e-02 8.511279892270637859e-01 8.875881534018237318e-02 7.418814746887038014e-01 7.722496486196798182e-01 4.825879836079738361e-01 2.762773674467472462e-01 2.618935913598718912e-02 8.826375331124195478e-01 2.423014734006448956e-01 3.585267773409268610e-01 6.602647227642580718e-01 2.508928350204424618e-01 9.974862844887257829e-01 4.324391612323384981e-01 1.690548978225632215e-01 5.113100630557905202e-01 5.963138086701047502e-01 6.535063002556928957e-01 1.342182335649655389e-02 5.837327006245327521e-01 4.634790231959617923e-02 0.000000000000000000e+00
