0.000000000000000000e+00 4.091321214835591524e-01 1.938843191498955676e-01 6.439789968318095914e-01 1.034459190905301362e-02 6.491145698729291480e-01 3.555678710451952718e-01 6.713338889756833572e-01 3.503371393766188113e-01 9.105419203960168906e-01 3.805597431861141855e-01 5.350147821679025473e-01 3.726845683283220856e-01 1.463287382849953744e-03 5.928481910427234602e-01 2.207983281725283131e-01 4.881318623604523621e-01 3.577066828595631964e-02 7.897071668791018073e-01 5.630229879657036030e-01 4.945356196573638119e-01 4.803276022110302135e-01 7.330448090735588451e-01 7.503796846684328559e-01 8.935859362544245066e-01
4.091321214835591524e-01 0.000000000000000000e+00 2.187505548808413858e-01 9.927034751504800747e-01 6.842268874666485035e-01 4.474097168860891038e-02 5.569994766010285536e-01 1.503874581829804935e-01 8.453177209238792456e-01 6.657447761179710044e-01 7.037858468032509585e-02 4.880554960679139853e-02 2.468315821981195146e-01 5.960645032254854314e-01 1.787244279453590323e-01 5.948289571071574411e-01 7.528621434397453349e-02 3.073433229990651938e-01 6.695308329626266097e-01 2.314989164141387779e-01 3.620314164110814970e-01 7.431396309435259750e-01 1.110601254272328697e-01 8.476988801863974965e-01 5.431449277426335653e-01
1.938843191498955676e-01 2.187505548808413858e-01 0.000000000000000000e+00 6.318171030410211220e-01 9.784328998400171340e-02 9.043766002303517126e-01 6.753999591088860610e-01 2.965680012685620870e-01 3.127397369820769102e-01 1.141751972622214728e-01 8.247916900866187895e-01 7.562657305164744992e-01 7.642625326643789352e-01 7.602246582187383028e-01 8.889301602365966559e-01 5.217055554699236986e-01 2.078675716416944486e-01 6.150675096984015155e-01 6.924826580177511071e-01 1.580883688695809974e-01 7.269821916916016091e-01 1.220031537234959051e-01 3.855903769099536804e-01 8.524482549730886261e-01 7.941259096800016293e-01
6.439789968318095914e-01 9.927034751504800747e-01 6.318171030410211220e-01 0.000000000000000000e+00 1.637308836953085267e-01 3.825435636563312425e-01 7.689048279141824649e-01 6.393059151255453543e-02 2.174072072027023461e-01 9.341421478348472807e-01 9.996349422558504783e-01 5.647235478467883540e-01 3.311637334851406100e-01 2.078542577027446825e-01 6.338617419545702347e-01 8.537913641455874281e-01 4.879138435154024567e-01 2.988371882592576467e-01 8.883652763320512014e-01 5.488549951660314230e-01 5.560120088241208292e-01 5.569702455856021528e-01 7.978448033058805899e-01 3.616407719724914482e-01 3.379660142091628350e-01
1.034459190905301362e-02 6.842268874666485035e-01 9.784328998400171340e-02 1.637308836953085267e-01 0.000000000000000000e+00 1.889681616712903800e-01 3.811366540834444372e-01 9.365276517040599380e-01 9.334036825404163906e-01 7.167012624394796250e-01 8.643543543292619979e-01 6.660995461195187151e-01 4.139515345488342657e-01 6.126965836530612330e-01 7.695236849827908898e-01 1.985266508592135049e-01 6.730246548423663988e-01 6.271917291491810875e-01 8.089081772875386100e-01 3.840274276187402025e-01 1.857849784109087965e-01 7.628295701702503262e-01 3.990499914932915670e-01 7.753640117269472443e-01 4.049855350166758905e-01
6.491145698729291480e-01 4.474097168860891038e-02 9.043766002303517126e-01 3.825435636563312425e-01 1.889681616712903800e-01 0.000000000000000000e+00 2.010384839488477127e-02 2.542164510614164374e-01 7.508034223433401877e-01 3.442840969945647478e-01 8.419722905238116173e-01 1.121433269236136177e-01 6.251267751612166190e-02 9.043835602010797947e-01 1.889165748184131743e-01 9.047182206472274002e-01 5.398640139259216486e-01 7.697749221545493459e-01 3.879070645318966060e-01 3.527262855092843097e-01 3.487905377470087442e-01 2.896654497049196975e-01 9.787052435448425625e-01 9.207039340003898564e-01 7.251119894782692699e-01
3.555678710451952718e-01 5.569994766010285536e-01 6.753999591088860610e-01 7.689048279141824649e-01 3.811366540834444372e-01 2.010384839488477127e-02 0.000000000000000000e+00 2.442405867513208761e-04 8.628453221471900081e-01 8.643053971395201485e-01 7.380287227328219402e-01 6.306634936707478101e-01 2.206469481984397740e-01 5.790189403704397719e-01 2.839543810686662173e-02 9.420927111685265531e-01 1.746837767806295183e-01 5.003293127142572905e-01 6.111814331471566719e-01 5.975397008758537298e-01 2.772336280039219281e-01 3.689414942473309145e-01 9.227241124783256421e-01 5.270200607173690655e-01 1.683916074581134348e-01
6.713338889756833572e-01 1.503874581829804935e-01 2.965680012685620870e-01 6.393059151255453543e-02 9.365276517040599380e-01 2.542164510614164374e-01 2.442405867513208761e-04 0.000000000000000000e+00 1.537139967528536877e-01 2.368444293296224634e-01 7.715526495480422575e-01 1.195002980217729771e-02 6.444376627770073140e-01 3.684503791331952272e-01 4.497743594328805772e-01 8.453323278682089992e-01 9.359333684296060607e-01 6.148965755286625035e-01 9.809706013928757296e-01 2.202217479752144325e-01 5.025949978271017082e-01 9.420362452364070549e-01 4.044659920585202961e-01 1.551142447864511942e-01 8.077086759934373195e-01
3.503371393766188113e-01 8.453177209238792456e-01 3.127397369820769102e-01 2.174072072027023461e-01 9.334036825404163906e-01 7.508034223433401877e-01 8.628453221471900081e-01 1.537139967528536877e-01 0.000000000000000000e+00 3.725290236713363345e-02 3.772743993710709898e-01 3.025296611964934934e-01 5.053651910716392415e-01 6.025251270255659319e-01 3.290457746629065205e-01 9.756770925897126912e-01 9.785603520149399603e-02 4.677073763727463973e-01 4.727432918253489103e-01 3.616718638221066984e-01 5.051919350098005301e-01 4.226333868871324784e-01 5.374982404663039004e-01 3.711362210458468702e-02 3.679179952878521842e-01
9.105419203960168906e-01 6.657447761179710044e-01 1.141751972622214728e-01 9.341421478348472807e-01 7.167012624394796250e-01 3.442840969945647478e-01 8.643053971395201485e-01 2.368444293296224634e-01 3.725290236713363345e-02 0.000000000000000000e+00 1.031279289844638791e-01 9.830112436847181501e-01 9.418145858342847898e-01 3.245486625166370542e-01 2.982552642533513598e-01 3.510737388514114654e-01 6.407718333647655085e-01 4.317427413054049090e-01 8.505417536696984193e-01 5.838264929471277398e-01 1.422981508849024967e-01 3.216073137036046248e-02 9.530283680778462996e-01 1.504513350998272214e-01 7.214133275594906136e-01
3.805597431861141855e-01 7.037858468032509585e-02 8.247916900866187895e-01 9.996349422558504783e-01 8.643543543292619979e-01 8.419722905238116173e-01 7.380287227328219402e-01 7.715526495480422575e-01 3.772743993710709898e-01 1.031279289844638791e-01 0.000000000000000000e+00 9.515557499996123436e-01 7.750675629472055794e-01 2.867375623335640666e-01 2.561636396877525756e-01 5.397347855971106334e-01 5.199374740228752678e-01 3.243662921450626291e-01 5.125734680179105940e-02 1.789306866236711757e-01 6.270656221296435628e-01 7.523256750797779890e-01 7.269899365640396516e-01 8.114110989819542930e-01 2.397520863233043587e-01
5.350147821679025473e-01 4.880554960679139853e-02 7.562657305164744992e-01 5.647235478467883540e-01 6.660995461195187151e-01 1.121433269236136177e-01 6.306634936707478101e-01 1.195002980217729771e-02 3.025296611964934934e-01 9.830112436847181501e-01 9.515557499996123436e-01 0.000000000000000000e+00 8.857140656325956929e-01 5.737122824389367937e-01 4.543987563164217924e-01 2.206146239417259292e-01 1.793046594936389404e-01 6.762012466157173440e-01 1.718673856740282613e-01 8.610704091197708410e-01 8.178851958779790321e-01 3.905290454188609095e-01 4.500783896649004356e-01 2.063291890634674219e-01 3.562840090000959359e-01
3.726845683283220856e-01 2.468315821981195146e-01 7.642625326643789352e-01 3.311637334851406100e-01 4.139515345488342657e-01 6.251267751612166190e-02 2.206469481984397740e-01 6.444376627770073140e-01 5.053651910716392415e-01 9.418145858342847898e-01 7.750675629472055794e-01 8.857140656325956929e-01 0.000000000000000000e+00 1.159986803741578365e-01 7.857580212903392258e-02 5.489869778028437786e-01 9.756894541494310902e-01 9.685460479901512043e-01 9.857276248340107738e-01 3.952890128479856768e-01 6.593384558278680974e-02 9.673388947828468476e-01 2.135328843819640499e-01 3.141632539198544460e-01 8.655357936157336285e-01
1.463287382849953744e-03 5.960645032254854314e-01 7.602246582187383028e-01 2.078542577027446825e-01 6.126965836530612330e-01 9.043835602010797947e-01 5.790189403704397719e-01 3.684503791331952272e-01 6.025251270255659319e-01 3.245486625166370542e-01 2.867375623335640666e-01 5.737122824389367937e-01 1.159986803741578365e-01 0.000000000000000000e+00 6.639300896592503776e-02 2.471558920750289712e-01 4.946795519202009661e-01 7.239374406744533141e-01 2.694395382121149707e-01 4.681769899314747185e-01 4.259759515573564581e-01 8.100417343874811715e-01 4.664849507947785856e-01 2.057584899711671911e-01 6.863449555580916073e-01
5.928481910427234602e-01 1.787244279453590323e-01 8.889301602365966559e-01 6.338617419545702347e-01 7.695236849827908898e-01 1.889165748184131743e-01 2.839543810686662173e-02 4.497743594328805772e-01 3.290457746629065205e-01 2.982552642533513598e-01 2.561636396877525756e-01 4.543987563164217924e-01 7.857580212903392258e-02 6.639300896592503776e-02 0.000000000000000000e+00 2.506230248729059973e-01 4.307425549079093585e-01 6.225404206421640829e-01 4.463864851728918115e-01 5.179132448841913261e-01 2.250442664340968069e-01 7.484062013707291072e-01 9.591860583094380388e-02 4.221716565538888855e-01 1.475779330391520094e-01
2.207983281725283131e-01 5.948289571071574411e-01 5.217055554699236986e-01 8.537913641455874281e-01 1.985266508592135049e-01 9.047182206472274002e-01 9.420927111685265531e-01 8.453323278682089992e-01 9.756770925897126912e-01 3.510737388514114654e-01 5.397347855971106334e-01 2.206146239417259292e-01 5.489869778028437786e-01 2.471558920750289712e-01 2.506230248729059973e-01 0.000000000000000000e+00 5.518502492585393160e-01 4.155300796134600017e-01 6.188115677501440093e-01 2.268466136657926180e-01 5.218649464693314588e-01 8.064233948083954218e-02 3.913367580973430293e-01 7.356084134895191085e-02 8.158027441709126970e-01
4.881318623604523621e-01 7.528621434397453349e-02 2.078675716416944486e-01 4.879138435154024567e-01 6.730246548423663988e-01 5.398640139259216486e-01 1.746837767806295183e-01 9.359333684296060607e-01 9.785603520149399603e-02 6.407718333647655085e-01 5.199374740228752678e-01 1.793046594936389404e-01 9.756894541494310902e-01 4.946795519202009661e-01 4.307425549079093585e-01 5.518502492585393160e-01 0.000000000000000000e+00 5.650776971194697573e-01 4.533706687964782489e-01 9.393399295813705807e-01 5.023750551144022802e-01 9.137422960043513065e-01 3.120376096899101226e-01 4.993290372573332414e-01 9.623695798807920809e-01
3.577066828595631964e-02 3.073433229990651938e-01 6.150675096984015155e-01 2.988371882592576467e-01 6.271917291491810875e-01 7.697749221545493459e-01 5.003293127142572905e-01 6.148965755286625035e-01 4.677073763727463973e-01 4.317427413054049090e-01 3.243662921450626291e-01 6.762012466157173440e-01 9.685460479901512043e-01 7.239374406744533141e-01 6.225404206421640829e-01 4.155300796134600017e-01 5.650776971194697573e-01 0.000000000000000000e+00 9.603702478505419249e-01 8.599000143435776566e-01 1.067513326823245068e-01 3.955046873133539753e-01 3.401983165804375320e-01 2.111523814033616775e-01 8.986098000906538319e-01
7.897071668791018073e-01 6.695308329626266097e-01 6.924826580177511071e-01 8.883652763320512014e-01 8.089081772875386100e-01 3.879070645318966060e-01 6.111814331471566719e-01 9.809706013928757296e-01 4.727432918253489103e-01 8.505417536696984193e-01 5.125734680179105940e-02 1.718673856740282613e-01 9.857276248340107738e-01 2.694395382121149707e-01 4.463864851728918115e-01 6.188115677501440093e-01 4.533706687964782489e-01 9.603702478505419249e-01 0.000000000000000000e+00 3.343691003026927344e-01 4.285154661183462332e-01 4.957272136728810841e-01 9.612714438142144768e-02 4.079173408665761613e-01 6.879132602251393225e-01
5.630229879657036030e-01 2.314989164141387779e-01 1.580883688695809974e-01 5.488549951660314230e-01 3.840274276187402025e-01 3.527262855092843097e-01 5.975397008758537298e-01 2.202217479752144325e-01 3.616718638221066984e-01 5.838264929471277398e-01 1.789306866236711757e-01 8.610704091197708410e-01 3.952890128479856768e-01 4.681769899314747185e-01 5.179132448841913261e-01 2.268466136657926180e-01 9.393399295813705807e-01 8.599000143435776566e-01 3.343691003026927344e-01 0.000000000000000000e+00 7.469770043361680933e-01 8.928243529996147121e-01 6.619540979434300754e-01 8.629380954152744421e-01 1.739192005878480440e-01
4.945356196573638119e-01 3.620314164110814970e-01 7.269821916916016091e-01 5.560120088241208292e-01 1.857849784109087965e-01 3.487905377470087442e-01 2.772336280039219281e-01 5.025949978271017082e-01 5.051919350098005301e-01 1.422981508849024967e-01 6.270656221296435628e-01 8.178851958779790321e-01 6.593384558278680974e-02 4.259759515573564581e-01 2.250442664340968069e-01 5.218649464693314588e-01 5.023750551144022802e-01 1.067513326823245068e-01 4.285154661183462332e-01 7.469770043361680933e-01 0.000000000000000000e+00 8.408743684271812180e-01 1.616200638218011632e-01 9.776579117786087236e-01 3.334367888424447646e-01
4.803276022110302135e-01 7.431396309435259750e-01 1.220031537234959051e-01 5.569702455856021528e-01 7.628295701702503262e-01 2.896654497049196975e-01 3.689414942473309145e-01 9.420362452364070549e-01 4.226333868871324784e-01 3.216073137036046248e-02 7.523256750797779890e-01 3.905290454188609095e-01 9.673388947828468476e-01 8.100417343874811715e-01 7.484062013707291072e-01 8.064233948083954218e-02 9.137422960043513065e-01 3.955046873133539753e-01 4.957272136728810841e-01 8.928243529996147121e-01 8.408743684271812180e-01 0.000000000000000000e+00 6.478001429566412339e-01 1.118662398941699943e-01 8.847904942755447921e-01
7.330448090735588451e-01 1.110601254272328697e-01 3.855903769099536804e-01 7.978448033058805899e-01 3.990499914932915670e-01 9.787052435448425625e-01 9.227241124783256421e-01 4.044659920585202961e-01 5.374982404663039004e-01 9.530283680778462996e-01 7.269899365640396516e-01 4.500783896649004356e-01 2.135328843819640499e-01 4.664849507947785856e-01 9.591860583094380388e-02 3.913367580973430293e-01 3.120376096899101226e-01 3.401983165804375320e-01 9.612714438142144768e-02 6.619540979434300754e-01 1.616200638218011632e-01 6.478001429566412339e-01 0.000000000000000000e+00 1.693519407813592892e-02 4.130625538341858860e-01
7.503796846684328559e-01 8.476988801863974965e-01 8.524482549730886261e-01 3.616407719724914482e-01 7.753640117269472443e-01 9.207039340003898564e-01 5.270200607173690655e-01 1.551142447864511942e-01 3.711362210458468702e-02 1.504513350998272214e-01 8.114110989819542930e-01 2.063291890634674219e-01 3.141632539198544460e-01 2.057584899711671911e-01 4.221716565538888855e-01 7.356084134895191085e-02 4.993290372573332414e-01 2.111523814033616775e-01 4.079173408665761613e-01 8.629380954152744421e-01 9.776579117786087236e-01 1.118662398941699943e-01 1.693519407813592892e-02 0.000000000000000000e+00 2.422669133844495004e-01
8.935859362544245066e-01 5.431449277426335653e-01 7.941259096800016293e-01 3.379660142091628350e-01 4.049855350166758905e-01 7.251119894782692699e-01 1.683916074581134348e-01 8.077086759934373195e-01 3.679179952878521842e-01 7.214133275594906136e-01 2.397520863233043587e-01 3.562840090000959359e-01 8.655357936157336285e-01 6.863449555580916073e-01 1.475779330391520094e-01 8.158027441709126970e-01 9.623695798807920809e-01 8.986098000906538319e-01 6.879132602251393225e-01 1.739192005878480440e-01 3.334367888424447646e-01 8.847904942755447921e-01 4.130625538341858860e-01 2.422669133844495004e-01 0.000000000000000000e+00
