0.000000000000000000e+00 8.332437575207762848e-02 7.467835445545555340e-01 8.580399825052723584e-01 3.642141954912516688e-01 8.229280319063717597e-01 2.066381776039891704e-01 7.244099327341053662e-01 2.736523888741205779e-01 7.128529280422736258e-01 5.780996508466673678e-02 4.606213239291778727e-03 2.001125349160240985e-01 3.991414491360976147e-01 6.164909150715803809e-01 5.389832737295916498e-01 1.578803767503997868e-01 5.890795817651430788e-01 5.749993974561516952e-01 3.668944938029025105e-01 1.641461057844584293e-01 4.566846720247048630e-01 2.379524896565137215e-01 1.935581432940046698e-01 7.482243943287772980e-01
8.332437575207762848e-02 0.000000000000000000e+00 8.326693756744254493e-01 8.884348279236781165e-01 4.512166377270171447e-01 6.946117780052585289e-02 6.262780610896856448e-02 3.215229793095223387e-01 6.752158620747932272e-01 5.345827032750742891e-01 2.066267220268838134e-01 1.268998235999875268e-01 6.806600445951158651e-01 4.787185178616741865e-01 2.476410959093293673e-01 3.956905609086764919e-01 6.588591850119929205e-01 3.652907299691366960e-01 4.771341492915426308e-02 7.264487349111681258e-02 8.088510437196120284e-01 9.490450433898933724e-02 8.526410648496226541e-01 2.372357715610921014e-01 5.808972764754722906e-01
7.467835445545555340e-01 8.326693756744254493e-01 0.000000000000000000e+00 5.708479232024319394e-01 1.445256669143267780e-01 5.405071497104863010e-02 7.957793395601957531e-01 1.031255514880335955e-01 5.579584830218342617e-01 8.054084518287084604e-01 6.151892640479775798e-01 5.211527902602680618e-01 2.045809329114294250e-01 1.633124970797694697e-01 6.014481964303486361e-02 1.818214085532183777e-01 2.468043982300551775e-01 7.392650950590572423e-01 2.198273786704154631e-01 7.886997939563237248e-01 2.197656879465256230e-01 5.278065362632865520e-01 4.963860075971661123e-01 6.954237042781964417e-01 5.418386057375874643e-01
8.580399825052723584e-01 8.884348279236781165e-01 5.708479232024319394e-01 0.000000000000000000e+00 4.020055618513006523e-01 5.550946340374600663e-01 6.488582373530356051e-01 2.578442829246085921e-01 6.517563327563220543e-01 3.008358996592486179e-01 5.059631351696396440e-01 8.160504294121314617e-01 1.733312128563688770e-01 8.533987850871310732e-01 5.790342741798101267e-01 9.664491751088822857e-01 5.615351154323148242e-01 9.628087432884413488e-02 2.770667875494372545e-01 7.834875911196087506e-01 7.321825874563214764e-02 9.741181395647950936e-01 8.048542368431038652e-01 8.491374723490223708e-01 7.041213642038625098e-01
3.642141954912516688e-01 4.512166377270171447e-01 1.445256669143267780e-01 4.020055618513006523e-01 0.000000000000000000e+00 6.615478082268040350e-01 3.857687384581613976e-01 8.675666928883650764e-01 1.300136789467536413e-01 8.326192644161034551e-01 7.863419159022022598e-01 2.300602575292287622e-02 4.293302701501260366e-01 9.053324567427148972e-01 7.149538332370140026e-01 3.144700659158561340e-01 8.354953133279078292e-01 3.068275507446660555e-01 5.524137352482872965e-01 6.055912977661632723e-01 2.784182580553684616e-01 7.078396940807017979e-01 4.903416953102113229e-01 6.985255573416757624e-01 5.714699341107338793e-01
8.229280319063717597e-01 6.946117780052585289e-02 5.405071497104863010e-02 5.550946340374600663e-01 6.615478082268040350e-01 0.000000000000000000e+00 4.409499718860951933e-01 3.472105538460512619e-02 8.672888801640507017e-01 1.817401429682341529e-02 8.119610434549284772e-02 1.206716877438049895e-01 5.339805890110541631e-01 3.745754047102314299e-01 7.015916383177219773e-01 3.713511306030188308e-01 1.528191401311528308e-01 4.925781319518487411e-01 3.436423557923805605e-01 3.557168928447234091e-01 7.395406048118527975e-01 8.636309685039476047e-01 8.134233101568121294e-01 4.916069337103895487e-01 5.749743561354299093e-01
2.066381776039891704e-01 6.262780610896856448e-02 7.957793395601957531e-01 6.488582373530356051e-01 3.857687384581613976e-01 4.409499718860951933e-01 0.000000000000000000e+00 4.338013878034467918e-01 3.082661231096418541e-01 6.848897116020224995e-01 8.184641150516662744e-01 9.938722599481369935e-01 9.661892313940559918e-01 6.943859580794055075e-01 5.658886586440527999e-01 2.291720280655415998e-01 1.531747088174213456e-01 2.569393389105788517e-01 2.918317913179527823e-01 2.510257187963881309e-01 4.748782248675705864e-01 4.639637102334105423e-01 9.081867915610278841e-01 9.394899123843736266e-01 3.244770833955904488e-01
7.244099327341053662e-01 3.215229793095223387e-01 1.031255514880335955e-01 2.578442829246085921e-01 8.675666928883650764e-01 3.472105538460512619e-02 4.338013878034467918e-01 0.000000000000000000e+00 9.805314181735037549e-01 2.574835311289314088e-02 3.716858352368160867e-01 2.496024314947394851e-01 6.279696304525457240e-01 5.125810720123936681e-01 1.463603184992001705e-01 3.805724974787196846e-01 8.080448409271696608e-01 7.094536809745807249e-01 6.627373016626419977e-01 3.601378479093897411e-02 2.587608536105686641e-01 7.552974946120858402e-01 5.025139310989867880e-02 1.554110408847353408e-02 2.046000977107541585e-01
2.736523888741205779e-01 6.752158620747932272e-01 5.579584830218342617e-01 6.517563327563220543e-01 1.300136789467536413e-01 8.672888801640507017e-01 3.082661231096418541e-01 9.805314181735037549e-01 0.000000000000000000e+00 1.804221846819098474e-02 2.506245554071141468e-01 5.267695749988321463e-01 7.962117372780698199e-01 1.295338720631362683e-01 3.906471831503288694e-01 6.689954828747524118e-01 8.462889945193076136e-01 5.838657893935660370e-01 8.422297971197180155e-01 6.696158353673481445e-01 2.564400227841460156e-01 9.278488804201238116e-01 5.469985934045094034e-01 8.877441087464110758e-02 7.964302862878457345e-01
7.128529280422736258e-01 5.345827032750742891e-01 8.054084518287084604e-01 3.008358996592486179e-01 8.326192644161034551e-01 1.817401429682341529e-02 6.848897116020224995e-01 2.574835311289314088e-02 1.804221846819098474e-02 0.000000000000000000e+00 6.612657622559109383e-01 8.974986963432729503e-01 1.255613064223448649e-01 2.884953760263606615e-01 6.145049553530227415e-01 9.570574416282173758e-04 3.423661830139009821e-01 8.900426664718754655e-01 7.158776394726518166e-02 5.943832671210079743e-01 7.730744179590061105e-01 7.655208905116666074e-01 1.982437423708993673e-02 1.130722513985316091e-02 5.626388162668511939e-01
5.780996508466673678e-02 2.066267220268838134e-01 6.151892640479775798e-01 5.059631351696396440e-01 7.863419159022022598e-01 8.119610434549284772e-02 8.184641150516662744e-01 3.716858352368160867e-01 2.506245554071141468e-01 6.612657622559109383e-01 0.000000000000000000e+00 3.544154230972561548e-01 5.841617030516776943e-01 6.110053560417783025e-01 9.230087388719128150e-01 9.492505304506522190e-01 3.759393823290650971e-01 7.951521919564419338e-01 5.200254337166375640e-01 1.445524986714394888e-01 9.004219469979338752e-01 3.987074049027875544e-01 3.989467538371593847e-01 7.498541655339276968e-01 3.013624737846477553e-01
4.606213239291778727e-03 1.268998235999875268e-01 5.211527902602680618e-01 8.160504294121314617e-01 2.300602575292287622e-02 1.206716877438049895e-01 9.938722599481369935e-01 2.496024314947394851e-01 5.267695749988321463e-01 8.974986963432729503e-01 3.544154230972561548e-01 0.000000000000000000e+00 2.480496454477955082e-01 5.078820307867674133e-01 5.232221454774288460e-02 1.227367655409126179e-01 3.668761051201450130e-01 1.942524694537189900e-01 7.741942279568506668e-01 1.764283647813703615e-01 2.322969099354833533e-01 2.718748869753293551e-01 4.480634171950625966e-02 4.503261694335893850e-01 7.548024284318752830e-01
2.001125349160240985e-01 6.806600445951158651e-01 2.045809329114294250e-01 1.733312128563688770e-01 4.293302701501260366e-01 5.339805890110541631e-01 9.661892313940559918e-01 6.279696304525457240e-01 7.962117372780698199e-01 1.255613064223448649e-01 5.841617030516776943e-01 2.480496454477955082e-01 0.000000000000000000e+00 1.261262321792427921e-01 9.221146497927581454e-01 9.220031598040198118e-01 4.609964392164501712e-01 7.572556975818616198e-01 9.870694656322563931e-01 4.674085174754362138e-01 2.617705761653198460e-01 2.636946648241570434e-01 9.128100551826870968e-01 4.250261180770864566e-01 3.754665423138160429e-01
3.991414491360976147e-01 4.787185178616741865e-01 1.633124970797694697e-01 8.533987850871310732e-01 9.053324567427148972e-01 3.745754047102314299e-01 6.943859580794055075e-01 5.125810720123936681e-01 1.295338720631362683e-01 2.884953760263606615e-01 6.110053560417783025e-01 5.078820307867674133e-01 1.261262321792427921e-01 0.000000000000000000e+00 2.352696748881885069e-01 5.075818490788004400e-01 7.358756815635945081e-01 7.559237143612429488e-02 4.459624428208144309e-01 6.591249959995526542e-01 6.456557096633886994e-01 8.120179583566434767e-01 9.324470344378634756e-01 6.415767586064173855e-01 3.383471036857155223e-02
6.164909150715803809e-01 2.476410959093293673e-01 6.014481964303486361e-02 5.790342741798101267e-01 7.149538332370140026e-01 7.015916383177219773e-01 5.658886586440527999e-01 1.463603184992001705e-01 3.906471831503288694e-01 6.145049553530227415e-01 9.230087388719128150e-01 5.232221454774288460e-02 9.221146497927581454e-01 2.352696748881885069e-01 0.000000000000000000e+00 1.364106866740745216e-01 5.126426654055599164e-01 5.990490123510451292e-01 2.714778665126837964e-01 3.219569358820656424e-01 3.599693386824396324e-01 5.642774529130732963e-01 9.414205716025947357e-02 8.917462498654191716e-01 6.418372312975553218e-01
5.389832737295916498e-01 3.956905609086764919e-01 1.818214085532183777e-01 9.664491751088822857e-01 3.144700659158561340e-01 3.713511306030188308e-01 2.291720280655415998e-01 3.805724974787196846e-01 6.689954828747524118e-01 9.570574416282173758e-04 9.492505304506522190e-01 1.227367655409126179e-01 9.220031598040198118e-01 5.075818490788004400e-01 1.364106866740745216e-01 0.000000000000000000e+00 4.059584826308062500e-01 9.722383308512203559e-01 8.931349972804106807e-01 8.749781132837025632e-01 9.562141822980838590e-01 5.263065407564382348e-02 5.354852115592060313e-01 5.050443496794750908e-01 7.939637239821311088e-01
1.578803767503997868e-01 6.588591850119929205e-01 2.468043982300551775e-01 5.615351154323148242e-01 8.354953133279078292e-01 1.528191401311528308e-01 1.531747088174213456e-01 8.080448409271696608e-01 8.462889945193076136e-01 3.423661830139009821e-01 3.759393823290650971e-01 3.668761051201450130e-01 4.609964392164501712e-01 7.358756815635945081e-01 5.126426654055599164e-01 4.059584826308062500e-01 0.000000000000000000e+00 5.298096731259320791e-01 5.905846960926541822e-02 7.106316951514355384e-01 4.798500037698983922e-01 8.679242978797055974e-01 7.160291185988514329e-01 7.710616034568268384e-01 2.699642539584512502e-01
5.890795817651430788e-01 3.652907299691366960e-01 7.392650950590572423e-01 9.628087432884413488e-02 3.068275507446660555e-01 4.925781319518487411e-01 2.569393389105788517e-01 7.094536809745807249e-01 5.838657893935660370e-01 8.900426664718754655e-01 7.951521919564419338e-01 1.942524694537189900e-01 7.572556975818616198e-01 7.559237143612429488e-02 5.990490123510451292e-01 9.722383308512203559e-01 5.298096731259320791e-01 0.000000000000000000e+00 3.995773871140965161e-01 7.546767177235279567e-01 1.920950171699504772e-01 3.078580607255290147e-01 4.269010504740272660e-01 7.019690221671370800e-03 9.028216506583750522e-01
5.749993974561516952e-01 4.771341492915426308e-02 2.198273786704154631e-01 2.770667875494372545e-01 5.524137352482872965e-01 3.436423557923805605e-01 2.918317913179527823e-01 6.627373016626419977e-01 8.422297971197180155e-01 7.158776394726518166e-02 5.200254337166375640e-01 7.741942279568506668e-01 9.870694656322563931e-01 4.459624428208144309e-01 2.714778665126837964e-01 8.931349972804106807e-01 5.905846960926541822e-02 3.995773871140965161e-01 0.000000000000000000e+00 4.984869309256356740e-02 9.627425494827945851e-01 6.454795851461937461e-01 6.161068629088897186e-01 1.327642763765013445e-02 2.396590984872037922e-01
3.668944938029025105e-01 7.264487349111681258e-02 7.886997939563237248e-01 7.834875911196087506e-01 6.055912977661632723e-01 3.557168928447234091e-01 2.510257187963881309e-01 3.601378479093897411e-02 6.696158353673481445e-01 5.943832671210079743e-01 1.445524986714394888e-01 1.764283647813703615e-01 4.674085174754362138e-01 6.591249959995526542e-01 3.219569358820656424e-01 8.749781132837025632e-01 7.106316951514355384e-01 7.546767177235279567e-01 4.984869309256356740e-02 0.000000000000000000e+00 3.600398281981431747e-01 6.059066243989634781e-01 6.507736259388767763e-01 7.911058320593573612e-01 8.496761241621137994e-01
1.641461057844584293e-01 8.088510437196120284e-01 2.197656879465256230e-01 7.321825874563214764e-02 2.784182580553684616e-01 7.395406048118527975e-01 4.748782248675705864e-01 2.587608536105686641e-01 2.564400227841460156e-01 7.730744179590061105e-01 9.004219469979338752e-01 2.322969099354833533e-01 2.617705761653198460e-01 6.456557096633886994e-01 3.599693386824396324e-01 9.562141822980838590e-01 4.798500037698983922e-01 1.920950171699504772e-01 9.627425494827945851e-01 3.600398281981431747e-01 0.000000000000000000e+00 5.610056401689661465e-01 4.716518423891212786e-01 6.031757722977451053e-01 2.673409273871987235e-01
4.566846720247048630e-01 9.490450433898933724e-02 5.278065362632865520e-01 9.741181395647950936e-01 7.078396940807017979e-01 8.636309685039476047e-01 4.639637102334105423e-01 7.552974946120858402e-01 9.278488804201238116e-01 7.655208905116666074e-01 3.987074049027875544e-01 2.718748869753293551e-01 2.636946648241570434e-01 8.120179583566434767e-01 5.642774529130732963e-01 5.263065407564382348e-02 8.679242978797055974e-01 3.078580607255290147e-01 6.454795851461937461e-01 6.059066243989634781e-01 5.610056401689661465e-01 0.000000000000000000e+00 2.985433429094032087e-01 2.805976415376276734e-02 9.679613594805760446e-01
2.379524896565137215e-01 8.526410648496226541e-01 4.963860075971661123e-01 8.048542368431038652e-01 4.903416953102113229e-01 8.134233101568121294e-01 9.081867915610278841e-01 5.025139310989867880e-02 5.469985934045094034e-01 1.982437423708993673e-02 3.989467538371593847e-01 4.480634171950625966e-02 9.128100551826870968e-01 9.324470344378634756e-01 9.414205716025947357e-02 5.354852115592060313e-01 7.160291185988514329e-01 4.269010504740272660e-01 6.161068629088897186e-01 6.507736259388767763e-01 4.716518423891212786e-01 2.985433429094032087e-01 0.000000000000000000e+00 7.203562338084605887e-01 7.317318719518314252e-01
1.935581432940046698e-01 2.372357715610921014e-01 6.954237042781964417e-01 8.491374723490223708e-01 6.985255573416757624e-01 4.916069337103895487e-01 9.394899123843736266e-01 1.554110408847353408e-02 8.877441087464110758e-02 1.130722513985316091e-02 7.498541655339276968e-01 4.503261694335893850e-01 4.250261180770864566e-01 6.415767586064173855e-01 8.917462498654191716e-01 5.050443496794750908e-01 7.710616034568268384e-01 7.019690221671370800e-03 1.327642763765013445e-02 7.911058320593573612e-01 6.031757722977451053e-01 2.805976415376276734e-02 7.203562338084605887e-01 0.000000000000000000e+00 7.470883259306623225e-01
7.482243943287772980e-01 5.808972764754722906e-01 5.418386057375874643e-01 7.041213642038625098e-01 5.714699341107338793e-01 5.749743561354299093e-01 3.244770833955904488e-01 2.046000977107541585e-01 7.964302862878457345e-01 5.626388162668511939e-01 3.013624737846477553e-01 7.548024284318752830e-01 3.754665423138160429e-01 3.383471036857155223e-02 6.418372312975553218e-01 7.939637239821311088e-01 2.699642539584512502e-01 9.028216506583750522e-01 2.396590984872037922e-01 8.496761241621137994e-01 2.673409273871987235e-01 9.679613594805760446e-01 7.317318719518314252e-01 7.470883259306623225e-01 0.000000000000000000e+00
