0.000000000000000000e+00 7.641864594739974370e-01 5.664183924090040456e-01 3.308310240663969726e-02 2.763525664241011093e-01 2.289672045655817278e-01 5.817037979947892179e-02 5.338589951433158065e-01 7.622360597027344475e-02 6.251473793592708939e-01 1.789396941671657082e-01 3.511377989149795376e-01 3.937752304400684578e-01 4.242717113406720975e-01 6.328252831344853835e-01 5.478500591813751930e-01 9.715692942950538979e-01 4.128092462117546324e-01 8.176412996621479357e-01 3.387312325904042742e-01 5.157295165611510690e-01 5.308646121190525591e-01 3.316303734511870660e-01 2.761454990342416815e-01 5.211070526272181258e-01
7.641864594739974370e-01 0.000000000000000000e+00 2.845818099410186708e-01 7.149719002280033875e-01 5.614576693781518912e-01 8.006665616363811688e-01 9.029790440887720537e-01 9.104234361830579880e-01 6.602067883795068592e-01 1.734841960507479408e-01 8.576703859265403240e-01 9.144381985201671670e-01 3.367563027362833195e-01 6.090076615713888586e-01 3.628013068958702014e-02 7.199218550256555327e-01 7.198607841841175858e-01 4.053407120136605091e-01 4.631293465800978559e-02 8.478957112502597537e-01 7.942577837590915069e-01 9.113075265291095128e-01 3.264473727581120865e-01 9.683232689734944110e-01 9.246636553547677995e-01
5.664183924090040456e-01 2.845818099410186708e-01 0.000000000000000000e+00 7.886747106158594756e-01 9.131602324497476442e-01 7.804410339130936070e-01 4.253143066387328197e-01 9.158847109130421327e-01 3.128897836287111156e-01 6.553722228170065778e-01 2.907196074566452682e-01 9.326885409952359041e-01 9.258955633456302792e-01 6.253001064017551514e-01 5.614835010578546060e-01 3.809114233888339918e-01 5.503091957759899122e-01 2.235327536154281258e-01 2.736411515597403366e-01 8.708862061474293981e-01 3.647622814682879300e-01 1.834922474691740302e-01 4.988721222232567198e-01 2.161543996311591220e-01 4.266946491921372875e-01
3.308310240663969726e-02 7.149719002280033875e-01 7.886747106158594756e-01 0.000000000000000000e+00 2.277435212981954171e-01 6.136496022238202563e-03 9.931940399352643389e-01 3.340931593477387551e-01 9.599298808204335121e-01 5.617014042422319164e-02 6.257854160273772504e-01 4.397894065681547948e-01 8.637468118072750833e-01 2.641367083466700239e-01 9.905841246036724002e-01 2.677640182805934854e-01 7.158283303394729069e-01 6.188179349349474112e-01 4.775725867457077944e-01 5.517216616705122867e-01 2.206556072335534857e-01 1.892234113496036318e-01 7.013358345988482956e-01 8.961295166791376499e-01 6.687848999024275098e-01
2.763525664241011093e-01 5.614576693781518912e-01 9.131602324497476442e-01 2.277435212981954171e-01 0.000000000000000000e+00 1.056838080897620769e-01 9.097625245823830475e-01 3.729470862787761520e-01 9.313859073712846826e-01 4.865400574141046652e-01 5.532313274287313787e-01 1.033307749794886155e-01 5.622457377650997845e-01 1.363208469045787963e-01 8.694349219413958219e-01 6.552731850255140156e-01 4.639498706252176419e-02 6.021569843971750213e-01 4.821864991988917826e-01 8.615482657893291929e-02 6.526316955828760369e-01 9.630845115836350612e-02 9.593078223541211536e-01 9.527984931726648510e-01 4.471886257311838975e-01
2.289672045655817278e-01 8.006665616363811688e-01 7.804410339130936070e-01 6.136496022238202563e-03 1.056838080897620769e-01 0.000000000000000000e+00 1.951954568090148445e-01 5.994462470478718608e-01 9.049391556211098253e-01 6.361903793853106448e-01 8.968498531945910957e-01 9.988405875591135352e-01 5.311084737791145205e-01 3.217188117829890004e-01 9.697121781305315658e-01 5.103702909544651778e-01 6.747759143153919670e-02 6.962190582811800255e-02 3.253580058414426990e-01 9.933242858014343923e-01 1.932218535307544949e-01 4.746431561364189422e-01 6.459028831309119312e-01 4.933086253905314411e-01 5.518786448848851389e-01
5.817037979947892179e-02 9.029790440887720537e-01 4.253143066387328197e-01 9.931940399352643389e-01 9.097625245823830475e-01 1.951954568090148445e-01 0.000000000000000000e+00 7.883103473758369395e-01 5.242074431407133250e-01 7.017520221983084561e-01 3.958034341881341289e-01 7.078657825780609869e-02 8.961155907001627785e-02 4.451022298176310343e-02 8.942125357962650289e-01 2.254320346932996433e-01 2.504893265066292507e-01 9.080360545335486311e-01 5.764875976151586645e-01 7.115734107411216813e-01 6.342778178216781360e-01 4.550789598908877576e-02 5.143254300421880032e-01 4.658278496964991522e-01 6.558543369941594037e-02
5.338589951433158065e-01 9.104234361830579880e-01 9.158847109130421327e-01 3.340931593477387551e-01 3.729470862787761520e-01 5.994462470478718608e-01 7.883103473758369395e-01 0.000000000000000000e+00 8.528243925065662756e-01 7.520617490566535723e-01 1.141134590543855243e-01 2.307538681918210877e-01 1.244678321696193191e-01 3.843551195252441488e-01 4.468195400459175071e-01 8.720625191799017406e-01 1.835323651277062096e-01 4.167075008426109894e-01 8.060913249349260790e-01 2.772958286545892381e-01 9.497918691910312017e-02 3.769143475127906262e-01 5.650437007783845056e-01 4.002377552186791032e-01 7.723886015748324674e-01
7.622360597027344475e-02 6.602067883795068592e-01 3.128897836287111156e-01 9.599298808204335121e-01 9.313859073712846826e-01 9.049391556211098253e-01 5.242074431407133250e-01 8.528243925065662756e-01 0.000000000000000000e+00 6.644908936878161088e-01 5.162348472137600064e-01 4.832142784593248530e-01 3.891751346968048697e-01 9.995313883370032793e-01 8.065541043711410563e-01 9.588986666085635990e-01 6.504270787542173471e-01 9.512559324113488701e-01 8.855540569614073210e-02 7.447071290929307974e-01 8.292751479606996767e-02 7.427053712863673773e-01 6.248154967949605121e-01 3.644463153829882174e-01 5.434180947812650153e-01
6.251473793592708939e-01 1.734841960507479408e-01 6.553722228170065778e-01 5.617014042422319164e-02 4.865400574141046652e-01 6.361903793853106448e-01 7.017520221983084561e-01 7.520617490566535723e-01 6.644908936878161088e-01 0.000000000000000000e+00 3.680435318652460763e-01 1.411806372581428937e-01 7.715611497501172478e-01 9.812713891849711434e-01 7.601752173848876915e-01 8.558004693420557807e-01 7.000555921104070212e-01 4.607749421649116606e-01 6.769994106681023194e-01 8.133728004695914837e-01 6.322630641518517391e-01 8.073541193333578780e-01 4.115479166354927276e-01 6.352352815328159430e-01 7.292379048097459293e-01
1.789396941671657082e-01 8.576703859265403240e-01 2.907196074566452682e-01 6.257854160273772504e-01 5.532313274287313787e-01 8.968498531945910957e-01 3.958034341881341289e-01 1.141134590543855243e-01 5.162348472137600064e-01 3.680435318652460763e-01 0.000000000000000000e+00 4.971255815543598189e-01 5.211567969406417644e-01 1.276208912170273546e-02 4.592951004456854447e-01 6.744078171239444863e-01 9.510517423910438417e-01 9.964375131145113418e-01 3.114259295102197456e-01 3.459326379047635847e-01 8.708020675584267067e-01 7.718155564945944347e-01 2.615006064175239286e-01 6.987233765356939408e-01 1.704910974294410186e-01
3.511377989149795376e-01 9.144381985201671670e-01 9.326885409952359041e-01 4.397894065681547948e-01 1.033307749794886155e-01 9.988405875591135352e-01 7.078657825780609869e-02 2.307538681918210877e-01 4.832142784593248530e-01 1.411806372581428937e-01 4.971255815543598189e-01 0.000000000000000000e+00 5.575593138392704873e-01 8.130895648351036398e-01 6.109584268182930433e-01 9.927929853789990711e-01 2.788461569089839553e-02 5.731005268195978886e-01 4.304864565087666017e-01 9.438337056511948431e-01 5.830546697467721140e-01 7.407317608500219031e-02 3.592289352496900179e-01 4.084038711580327830e-01 8.023955257260152463e-01
3.937752304400684578e-01 3.367563027362833195e-01 9.258955633456302792e-01 8.637468118072750833e-01 5.622457377650997845e-01 5.311084737791145205e-01 8.961155907001627785e-02 1.244678321696193191e-01 3.891751346968048697e-01 7.715611497501172478e-01 5.211567969406417644e-01 5.575593138392704873e-01 0.000000000000000000e+00 4.660439308245872825e-01 6.637409828486185992e-01 5.630790316012541652e-01 3.279667321662467216e-01 4.839980270263011253e-02 1.717522185133733004e-01 9.606766388857015393e-01 3.920318822843684714e-01 6.560006979101007385e-01 1.785379332122957186e-01 2.389358811993536058e-02 3.709852199033603082e-02
4.242717113406720975e-01 6.090076615713888586e-01 6.253001064017551514e-01 2.641367083466700239e-01 1.363208469045787963e-01 3.217188117829890004e-01 4.451022298176310343e-02 3.843551195252441488e-01 9.995313883370032793e-01 9.812713891849711434e-01 1.276208912170273546e-02 8.130895648351036398e-01 4.660439308245872825e-01 0.000000000000000000e+00 2.742252737385318939e-01 2.030447606448770870e-03 5.385192307452245641e-01 4.527407962821583531e-01 7.946946526582854275e-01 2.518803877034173633e-01 6.245699989597432999e-01 1.703726811397976437e-02 7.127150148809054953e-01 4.546228712145692352e-01 3.714082778088054759e-01
6.328252831344853835e-01 3.628013068958702014e-02 5.614835010578546060e-01 9.905841246036724002e-01 8.694349219413958219e-01 9.697121781305315658e-01 8.942125357962650289e-01 4.468195400459175071e-01 8.065541043711410563e-01 7.601752173848876915e-01 4.592951004456854447e-01 6.109584268182930433e-01 6.637409828486185992e-01 2.742252737385318939e-01 0.000000000000000000e+00 4.859472512287030810e-01 3.696418110076593599e-03 2.703110944991686804e-01 1.162285851122792923e-01 6.787650963322442443e-01 4.865596675685506245e-01 3.146719365451282613e-01 6.755943267071512492e-01 1.408524874906225133e-01 8.035217890865253842e-02
5.478500591813751930e-01 7.199218550256555327e-01 3.809114233888339918e-01 2.677640182805934854e-01 6.552731850255140156e-01 5.103702909544651778e-01 2.254320346932996433e-01 8.720625191799017406e-01 9.588986666085635990e-01 8.558004693420557807e-01 6.744078171239444863e-01 9.927929853789990711e-01 5.630790316012541652e-01 2.030447606448770870e-03 4.859472512287030810e-01 0.000000000000000000e+00 5.933445551593312661e-01 6.729240562467015963e-01 2.286877864981253783e-01 6.094700060125496366e-01 2.541965401162804561e-03 6.154820941211162078e-01 4.136073026893413163e-01 7.497127383441444248e-01 7.005716641634918140e-01
9.715692942950538979e-01 7.198607841841175858e-01 5.503091957759899122e-01 7.158283303394729069e-01 4.639498706252176419e-02 6.747759143153919670e-02 2.504893265066292507e-01 1.835323651277062096e-01 6.504270787542173471e-01 7.000555921104070212e-01 9.510517423910438417e-01 2.788461569089839553e-02 3.279667321662467216e-01 5.385192307452245641e-01 3.696418110076593599e-03 5.933445551593312661e-01 0.000000000000000000e+00 7.885537346019788618e-01 6.742737117302618488e-01 3.586843183174992511e-02 8.907696323232656699e-01 2.898389475500195989e-02 7.533182576897825555e-01 4.949227966896948550e-01 9.416057433274638289e-02
4.128092462117546324e-01 4.053407120136605091e-01 2.235327536154281258e-01 6.188179349349474112e-01 6.021569843971750213e-01 6.962190582811800255e-02 9.080360545335486311e-01 4.167075008426109894e-01 9.512559324113488701e-01 4.607749421649116606e-01 9.964375131145113418e-01 5.731005268195978886e-01 4.839980270263011253e-02 4.527407962821583531e-01 2.703110944991686804e-01 6.729240562467015963e-01 7.885537346019788618e-01 0.000000000000000000e+00 1.620722901428088836e-01 3.241156937076189459e-01 3.834966729303185273e-01 8.078213593474520282e-01 9.052362979797001774e-02 6.518831364895916192e-01 5.742426974742593782e-01
8.176412996621479357e-01 4.631293465800978559e-02 2.736411515597403366e-01 4.775725867457077944e-01 4.821864991988917826e-01 3.253580058414426990e-01 5.764875976151586645e-01 8.060913249349260790e-01 8.855540569614073210e-02 6.769994106681023194e-01 3.114259295102197456e-01 4.304864565087666017e-01 1.717522185133733004e-01 7.946946526582854275e-01 1.162285851122792923e-01 2.286877864981253783e-01 6.742737117302618488e-01 1.620722901428088836e-01 0.000000000000000000e+00 9.592999267027123578e-01 3.719850640178388179e-01 4.726680642936801346e-01 7.720821317239292547e-01 3.412065852541534827e-01 2.206723179441926197e-01
3.387312325904042742e-01 8.478957112502597537e-01 8.708862061474293981e-01 5.517216616705122867e-01 8.615482657893291929e-02 9.933242858014343923e-01 7.115734107411216813e-01 2.772958286545892381e-01 7.447071290929307974e-01 8.133728004695914837e-01 3.459326379047635847e-01 9.438337056511948431e-01 9.606766388857015393e-01 2.518803877034173633e-01 6.787650963322442443e-01 6.094700060125496366e-01 3.586843183174992511e-02 3.241156937076189459e-01 9.592999267027123578e-01 0.000000000000000000e+00 5.641729240087678399e-02 7.974019661055140595e-01 4.462464968553042644e-01 8.193539976967647576e-01 1.037501916338102737e-01
5.157295165611510690e-01 7.942577837590915069e-01 3.647622814682879300e-01 2.206556072335534857e-01 6.526316955828760369e-01 1.932218535307544949e-01 6.342778178216781360e-01 9.497918691910312017e-02 8.292751479606996767e-02 6.322630641518517391e-01 8.708020675584267067e-01 5.830546697467721140e-01 3.920318822843684714e-01 6.245699989597432999e-01 4.865596675685506245e-01 2.541965401162804561e-03 8.907696323232656699e-01 3.834966729303185273e-01 3.719850640178388179e-01 5.641729240087678399e-02 0.000000000000000000e+00 5.734490906801684718e-01 6.618035374375542679e-01 2.491013456892221534e-01 2.370681398475011914e-01
5.308646121190525591e-01 9.113075265291095128e-01 1.834922474691740302e-01 1.892234113496036318e-01 9.630845115836350612e-02 4.746431561364189422e-01 4.550789598908877576e-02 3.769143475127906262e-01 7.427053712863673773e-01 8.073541193333578780e-01 7.718155564945944347e-01 7.407317608500219031e-02 6.560006979101007385e-01 1.703726811397976437e-02 3.146719365451282613e-01 6.154820941211162078e-01 2.898389475500195989e-02 8.078213593474520282e-01 4.726680642936801346e-01 7.974019661055140595e-01 5.734490906801684718e-01 0.000000000000000000e+00 2.528392920644517705e-01 2.489654849726099517e-01 8.780877227364637383e-01
3.316303734511870660e-01 3.264473727581120865e-01 4.988721222232567198e-01 7.013358345988482956e-01 9.593078223541211536e-01 6.459028831309119312e-01 5.143254300421880032e-01 5.650437007783845056e-01 6.248154967949605121e-01 4.115479166354927276e-01 2.615006064175239286e-01 3.592289352496900179e-01 1.785379332122957186e-01 7.127150148809054953e-01 6.755943267071512492e-01 4.136073026893413163e-01 7.533182576897825555e-01 9.052362979797001774e-02 7.720821317239292547e-01 4.462464968553042644e-01 6.618035374375542679e-01 2.528392920644517705e-01 0.000000000000000000e+00 5.303497902947943432e-01 1.782224602545715575e-01
2.761454990342416815e-01 9.683232689734944110e-01 2.161543996311591220e-01 8.961295166791376499e-01 9.527984931726648510e-01 4.933086253905314411e-01 4.658278496964991522e-01 4.002377552186791032e-01 3.644463153829882174e-01 6.352352815328159430e-01 6.987233765356939408e-01 4.084038711580327830e-01 2.389358811993536058e-02 4.546228712145692352e-01 1.408524874906225133e-01 7.497127383441444248e-01 4.949227966896948550e-01 6.518831364895916192e-01 3.412065852541534827e-01 8.193539976967647576e-01 2.491013456892221534e-01 2.489654849726099517e-01 5.303497902947943432e-01 0.000000000000000000e+00 9.783463631318399800e-01
5.211070526272181258e-01 9.246636553547677995e-01 4.266946491921372875e-01 6.687848999024275098e-01 4.471886257311838975e-01 5.518786448848851389e-01 6.558543369941594037e-02 7.723886015748324674e-01 5.434180947812650153e-01 7.292379048097459293e-01 1.704910974294410186e-01 8.023955257260152463e-01 3.709852199033603082e-02 3.714082778088054759e-01 8.035217890865253842e-02 7.005716641634918140e-01 9.416057433274638289e-02 5.742426974742593782e-01 2.206723179441926197e-01 1.037501916338102737e-01 2.370681398475011914e-01 8.780877227364637383e-01 1.782224602545715575e-01 9.783463631318399800e-01 0.000000000000000000e+00
