0.000000000000000000e+00 2.231453005666191869e-01 8.305357443160951147e-01 2.896690578176852604e-01 2.939745233742402375e-01 7.327391518246271218e-01 9.556231918352191546e-01 4.677581189334676370e-01 2.009829808914472826e-01 6.010850495662293236e-01 7.132652835520125745e-01 4.325221145281575863e-01 7.345565837166196932e-01 4.361324063241017734e-01 8.879893642954970190e-01 5.771549643396031160e-01 5.454399483079908073e-01 8.121269467020805211e-01 2.716851462485917468e-01 5.319079141739200267e-01 7.340262710426841419e-01 7.617627707931295955e-02 9.418819539568701327e-01 4.591306964623660392e-01 2.430251173237085727e-02
2.231453005666191869e-01 0.000000000000000000e+00 6.034645488212491138e-01 8.201528828185747910e-01 1.144639031181449162e-01 3.769354628967803711e-01 4.915622665532595192e-01 5.505018188203802953e-02 9.360855522529288875e-01 1.501070119449081641e-01 6.345512389773220185e-01 5.654622387317737031e-01 5.413939474520891304e-01 4.873809689781023469e-01 5.369347086860045692e-01 7.344916117000722666e-01 1.636747137588797640e-01 9.204666613665252184e-01 6.791035218809451379e-01 6.498314179902581200e-01 4.767663277922284948e-02 5.404300126239628410e-01 9.736675325737982334e-01 9.344830827038392851e-01 3.668326075487534643e-01
8.305357443160951147e-01 6.034645488212491138e-01 0.000000000000000000e+00 1.135201097177235274e-01 3.014057524939304233e-01 7.188237191402747639e-01 2.143885407473049565e-01 9.472839800801183818e-01 1.003041214496401823e-01 9.603014521117444469e-01 6.842910208068170297e-01 8.761735228179778900e-01 2.706183188516537719e-01 2.674617664466836242e-01 2.731516026880129733e-01 7.995500685510026351e-01 1.406849765997308932e-01 5.750141598172398005e-02 7.910923821052344707e-01 9.381933493167444738e-01 8.148048064493113030e-01 6.527371943904027862e-01 8.223938174741887153e-01 3.477471398373739309e-01 4.770851194960241681e-01
2.896690578176852604e-01 8.201528828185747910e-01 1.135201097177235274e-01 0.000000000000000000e+00 5.877796620603574773e-01 4.829605156628110629e-01 4.384359968825617404e-01 1.848130022056707622e-01 3.635026372464997824e-01 1.541820852164343947e-01 6.892507403498171481e-01 5.732686994906521782e-01 4.667703456474998625e-01 1.504845040752500474e-01 5.491308342353481420e-01 4.161097721851082509e-01 5.244955614397841526e-01 4.975638898434118218e-01 9.379274144117244472e-02 9.967345009488747243e-01 5.504349343098824399e-02 9.992651563464360898e-02 3.935948761699548104e-02 1.027332227152734090e-01 9.257671041137993662e-01
2.939745233742402375e-01 1.144639031181449162e-01 3.014057524939304233e-01 5.877796620603574773e-01 0.000000000000000000e+00 4.908886116242994202e-02 9.818440586515412294e-01 9.832388256532212933e-01 9.437460763701592814e-01 7.447372095354271027e-01 3.850873300178099257e-01 9.914520965255242402e-01 3.732974881915855914e-01 6.769556356224213367e-01 9.032276344315126604e-01 4.467556001938980392e-01 6.932249324679062852e-01 6.398928408820823144e-01 5.008677205981638680e-01 1.231347248951114581e-01 9.745228814453279487e-01 2.564677132289004957e-01 3.523016267992279404e-01 3.674342530997144474e-01 3.621790282875747558e-01
7.327391518246271218e-01 3.769354628967803711e-01 7.188237191402747639e-01 4.829605156628110629e-01 4.908886116242994202e-02 0.000000000000000000e+00 3.085864818386885311e-02 2.825257683808957143e-02 5.788904931960865419e-01 1.051851448632910024e-01 2.812168387284039728e-01 6.182945708758952330e-01 6.283860721315432940e-01 8.575786270620439078e-01 6.589534238206415928e-01 3.348641498848525799e-01 1.461778583375589191e-01 7.446306185181642556e-01 5.244208754942302209e-01 8.144940553588750909e-01 6.240592132993094676e-02 8.239434829789297199e-01 2.716773514695980385e-02 5.415370431651999050e-01 1.032458957703148439e-01
9.556231918352191546e-01 4.915622665532595192e-01 2.143885407473049565e-01 4.384359968825617404e-01 9.818440586515412294e-01 3.085864818386885311e-02 0.000000000000000000e+00 7.192603699363375735e-01 9.539842306411544515e-01 9.664983840428255091e-01 8.496094109894869462e-01 3.161013894717424888e-01 9.345085129723056383e-01 7.141797848045867703e-01 5.812900431570029447e-01 8.600327910306686530e-01 6.450362718938214002e-01 4.425323156864898744e-01 8.497783465632879896e-02 6.701395090610550165e-01 7.832688272051843148e-01 2.541589467325502394e-01 2.625937052761782020e-01 5.219495413501196168e-01 6.889311880506422403e-01
4.677581189334676370e-01 5.505018188203802953e-02 9.472839800801183818e-01 1.848130022056707622e-01 9.832388256532212933e-01 2.825257683808957143e-02 7.192603699363375735e-01 0.000000000000000000e+00 6.660729283861456240e-01 3.686471642169095730e-01 9.723522271501416903e-01 6.911582389276625937e-01 5.382552076864617341e-01 1.906873215705606750e-01 4.972176478760012008e-01 1.359201091523356553e-01 2.269542986083904479e-01 3.883002683922418541e-01 3.279716122668703271e-01 3.477473035975532367e-01 5.491899080619425666e-01 5.523310946581264647e-01 6.640188793774914888e-01 4.384648077937446375e-01 2.067079226625642141e-01
2.009829808914472826e-01 9.360855522529288875e-01 1.003041214496401823e-01 3.635026372464997824e-01 9.437460763701592814e-01 5.788904931960865419e-01 9.539842306411544515e-01 6.660729283861456240e-01 0.000000000000000000e+00 6.383726580400885808e-01 3.218652889516889770e-01 4.561210984341870223e-01 8.950700371137927380e-01 1.601155306058514860e-01 7.004501746752044289e-01 4.686980778256486513e-01 9.177137940828498097e-01 3.622466835601290125e-02 1.198748691644855313e-01 9.291458429410213160e-01 8.442822943927100754e-01 6.752847681259187551e-01 5.143390696646491511e-01 5.515946677752161520e-01 4.863113590141697751e-01
6.010850495662293236e-01 1.501070119449081641e-01 9.603014521117444469e-01 1.541820852164343947e-01 7.447372095354271027e-01 1.051851448632910024e-01 9.664983840428255091e-01 3.686471642169095730e-01 6.383726580400885808e-01 0.000000000000000000e+00 2.327196488721652301e-01 6.416059375408674770e-01 9.922366799856946473e-01 2.642374849710688034e-01 3.926039683605834218e-01 3.590022200534019881e-01 2.003637102616983023e-01 7.647848331481901241e-01 4.264265177795084627e-01 7.061731584406927276e-02 3.185259463961414017e-01 9.256808597311224629e-01 9.895566666943079737e-01 2.930943314333323002e-02 1.111444117885626026e-01
7.132652835520125745e-01 6.345512389773220185e-01 6.842910208068170297e-01 6.892507403498171481e-01 3.850873300178099257e-01 2.812168387284039728e-01 8.496094109894869462e-01 9.723522271501416903e-01 3.218652889516889770e-01 2.327196488721652301e-01 0.000000000000000000e+00 1.045196808353527906e-01 2.958334716739369208e-01 5.874452447690683421e-01 1.866168369288031537e-01 2.784928063159353151e-01 6.779694221909216001e-02 3.430821211110891555e-01 1.375717757696846011e-01 8.881163270130003617e-01 6.755861288376898699e-01 6.095566725000715058e-01 9.013547540306179329e-01 5.105930359566861476e-01 7.558521071484711751e-01
4.325221145281575863e-01 5.654622387317737031e-01 8.761735228179778900e-01 5.732686994906521782e-01 9.914520965255242402e-01 6.182945708758952330e-01 3.161013894717424888e-01 6.911582389276625937e-01 4.561210984341870223e-01 6.416059375408674770e-01 1.045196808353527906e-01 0.000000000000000000e+00 7.514666497286848212e-01 4.944281916327758486e-01 3.435664404885072631e-01 4.142033058020710978e-02 4.079236628860304359e-01 2.846104503959131504e-01 1.002471973667468097e-01 7.690071386765302552e-01 1.784596573489849458e-01 2.486060334839148567e-01 7.748767538578216207e-02 6.842408822991703499e-01 5.985178576619180069e-01
7.345565837166196932e-01 5.413939474520891304e-01 2.706183188516537719e-01 4.667703456474998625e-01 3.732974881915855914e-01 6.283860721315432940e-01 9.345085129723056383e-01 5.382552076864617341e-01 8.950700371137927380e-01 9.922366799856946473e-01 2.958334716739369208e-01 7.514666497286848212e-01 0.000000000000000000e+00 5.947799528674351244e-01 1.205923374096579126e-01 4.400842240216767953e-01 1.006693483666096789e-01 5.112382230481014034e-01 7.176627304561554732e-01 7.900231983572214567e-02 1.761501797571235484e-01 3.762212053814710799e-01 7.954073166522527272e-01 8.006234633411590806e-01 8.726006188372585903e-01
4.361324063241017734e-01 4.873809689781023469e-01 2.674617664466836242e-01 1.504845040752500474e-01 6.769556356224213367e-01 8.575786270620439078e-01 7.141797848045867703e-01 1.906873215705606750e-01 1.601155306058514860e-01 2.642374849710688034e-01 5.874452447690683421e-01 4.944281916327758486e-01 5.947799528674351244e-01 0.000000000000000000e+00 7.187701122238916440e-01 3.885094331011594848e-01 2.803995721256735685e-01 5.165058203250653124e-01 9.286034204626528732e-01 2.577626892546754922e-01 6.007101569405542962e-01 4.075933337514020538e-01 9.214293475843626791e-02 3.173233070381858978e-01 5.719894827830837025e-01
8.879893642954970190e-01 5.369347086860045692e-01 2.731516026880129733e-01 5.491308342353481420e-01 9.032276344315126604e-01 6.589534238206415928e-01 5.812900431570029447e-01 4.972176478760012008e-01 7.004501746752044289e-01 3.926039683605834218e-01 1.866168369288031537e-01 3.435664404885072631e-01 1.205923374096579126e-01 7.187701122238916440e-01 0.000000000000000000e+00 3.264964053113230680e-01 6.496379251585819858e-01 8.095400711687605888e-01 1.230537390840005241e-01 3.729470341879381756e-01 2.690019521981320549e-01 2.547781749889262981e-01 7.508977964886228706e-01 5.896113343215505509e-01 1.711413846744390677e-01
5.771549643396031160e-01 7.344916117000722666e-01 7.995500685510026351e-01 4.161097721851082509e-01 4.467556001938980392e-01 3.348641498848525799e-01 8.600327910306686530e-01 1.359201091523356553e-01 4.686980778256486513e-01 3.590022200534019881e-01 2.784928063159353151e-01 4.142033058020710978e-02 4.400842240216767953e-01 3.885094331011594848e-01 3.264964053113230680e-01 0.000000000000000000e+00 3.663402395130302969e-01 6.367320069984382380e-01 2.272622030152708916e-01 1.261456971109753411e-01 4.396337286431408753e-01 8.199420401230242961e-01 5.335122725113261577e-02 8.791838460605050365e-03 8.169287234449603696e-01
5.454399483079908073e-01 1.636747137588797640e-01 1.406849765997308932e-01 5.244955614397841526e-01 6.932249324679062852e-01 1.461778583375589191e-01 6.450362718938214002e-01 2.269542986083904479e-01 9.177137940828498097e-01 2.003637102616983023e-01 6.779694221909216001e-02 4.079236628860304359e-01 1.006693483666096789e-01 2.803995721256735685e-01 6.496379251585819858e-01 3.663402395130302969e-01 0.000000000000000000e+00 4.267636918331305651e-01 8.263705033418299317e-01 2.971037951396404697e-02 8.970216545757366822e-01 3.183836244755855471e-02 3.382651187303277185e-01 1.518889715196961587e-01 2.027911709364457193e-01
8.121269467020805211e-01 9.204666613665252184e-01 5.750141598172398005e-02 4.975638898434118218e-01 6.398928408820823144e-01 7.446306185181642556e-01 4.425323156864898744e-01 3.883002683922418541e-01 3.622466835601290125e-02 7.647848331481901241e-01 3.430821211110891555e-01 2.846104503959131504e-01 5.112382230481014034e-01 5.165058203250653124e-01 8.095400711687605888e-01 6.367320069984382380e-01 4.267636918331305651e-01 0.000000000000000000e+00 1.535376933529295496e-01 5.066648933246541420e-01 5.067555915075867556e-01 8.401674424078131587e-03 3.149024002969735836e-02 2.952796999140182566e-01 2.500029894197595137e-01
2.716851462485917468e-01 6.791035218809451379e-01 7.910923821052344707e-01 9.379274144117244472e-02 5.008677205981638680e-01 5.244208754942302209e-01 8.497783465632879896e-02 3.279716122668703271e-01 1.198748691644855313e-01 4.264265177795084627e-01 1.375717757696846011e-01 1.002471973667468097e-01 7.176627304561554732e-01 9.286034204626528732e-01 1.230537390840005241e-01 2.272622030152708916e-01 8.263705033418299317e-01 1.535376933529295496e-01 0.000000000000000000e+00 4.530264389668827718e-01 2.533963030919467174e-01 9.163054331087323590e-01 1.418083232697238127e-01 1.265807822787576864e-01 3.909398215661235021e-01
5.319079141739200267e-01 6.498314179902581200e-01 9.381933493167444738e-01 9.967345009488747243e-01 1.231347248951114581e-01 8.144940553588750909e-01 6.701395090610550165e-01 3.477473035975532367e-01 9.291458429410213160e-01 7.061731584406927276e-02 8.881163270130003617e-01 7.690071386765302552e-01 7.900231983572214567e-02 2.577626892546754922e-01 3.729470341879381756e-01 1.261456971109753411e-01 2.971037951396404697e-02 5.066648933246541420e-01 4.530264389668827718e-01 0.000000000000000000e+00 7.530970959686394961e-01 7.356508483988273284e-01 5.696903262564337878e-01 7.430997811728506930e-01 1.946818892919282007e-01
7.340262710426841419e-01 4.767663277922284948e-02 8.148048064493113030e-01 5.504349343098824399e-02 9.745228814453279487e-01 6.240592132993094676e-02 7.832688272051843148e-01 5.491899080619425666e-01 8.442822943927100754e-01 3.185259463961414017e-01 6.755861288376898699e-01 1.784596573489849458e-01 1.761501797571235484e-01 6.007101569405542962e-01 2.690019521981320549e-01 4.396337286431408753e-01 8.970216545757366822e-01 5.067555915075867556e-01 2.533963030919467174e-01 7.530970959686394961e-01 0.000000000000000000e+00 7.347624951863863663e-01 8.456379813147363311e-01 2.611643408280334144e-01 2.119337963362363242e-01
7.617627707931295955e-02 5.404300126239628410e-01 6.527371943904027862e-01 9.992651563464360898e-02 2.564677132289004957e-01 8.239434829789297199e-01 2.541589467325502394e-01 5.523310946581264647e-01 6.752847681259187551e-01 9.256808597311224629e-01 6.095566725000715058e-01 2.486060334839148567e-01 3.762212053814710799e-01 4.075933337514020538e-01 2.547781749889262981e-01 8.199420401230242961e-01 3.183836244755855471e-02 8.401674424078131587e-03 9.163054331087323590e-01 7.356508483988273284e-01 7.347624951863863663e-01 0.000000000000000000e+00 5.571852663550844742e-01 6.911663532340692750e-01 5.737001156066759977e-01
9.418819539568701327e-01 9.736675325737982334e-01 8.223938174741887153e-01 3.935948761699548104e-02 3.523016267992279404e-01 2.716773514695980385e-02 2.625937052761782020e-01 6.640188793774914888e-01 5.143390696646491511e-01 9.895566666943079737e-01 9.013547540306179329e-01 7.748767538578216207e-02 7.954073166522527272e-01 9.214293475843626791e-02 7.508977964886228706e-01 5.335122725113261577e-02 3.382651187303277185e-01 3.149024002969735836e-02 1.418083232697238127e-01 5.696903262564337878e-01 8.456379813147363311e-01 5.571852663550844742e-01 0.000000000000000000e+00 4.323639606790886658e-01 5.607434352703226654e-01
4.591306964623660392e-01 9.344830827038392851e-01 3.477471398373739309e-01 1.027332227152734090e-01 3.674342530997144474e-01 5.415370431651999050e-01 5.219495413501196168e-01 4.384648077937446375e-01 5.515946677752161520e-01 2.930943314333323002e-02 5.105930359566861476e-01 6.842408822991703499e-01 8.006234633411590806e-01 3.173233070381858978e-01 5.896113343215505509e-01 8.791838460605050365e-03 1.518889715196961587e-01 2.952796999140182566e-01 1.265807822787576864e-01 7.430997811728506930e-01 2.611643408280334144e-01 6.911663532340692750e-01 4.323639606790886658e-01 0.000000000000000000e+00 9.189559104219280350e-02
2.430251173237085727e-02 3.668326075487534643e-01 4.770851194960241681e-01 9.257671041137993662e-01 3.621790282875747558e-01 1.032458957703148439e-01 6.889311880506422403e-01 2.067079226625642141e-01 4.863113590141697751e-01 1.111444117885626026e-01 7.558521071484711751e-01 5.985178576619180069e-01 8.726006188372585903e-01 5.719894827830837025e-01 1.711413846744390677e-01 8.169287234449603696e-01 2.027911709364457193e-01 2.500029894197595137e-01 3.909398215661235021e-01 1.946818892919282007e-01 2.119337963362363242e-01 5.737001156066759977e-01 5.607434352703226654e-01 9.189559104219280350e-02 0.000000000000000000e+00
