0.000000000000000000e+00 3.547993813894710913e-01 5.140121678034068609e-01 8.844583946329692692e-01 3.727411596430163510e-02 7.314653417796121992e-01 1.377787363465942105e-01 3.008010780606973356e-02 1.660187334865687037e-01 6.293121955724070293e-01 7.492342263111202438e-01 8.563413544894730167e-01 1.995106858681113815e-01 5.896817232107876006e-02 5.652016693946996240e-01 3.362839144587158602e-01 8.179263499605992083e-01 3.468433820304116511e-01 6.414496344810858286e-01 3.151666629113010210e-01 3.278811904405141142e-01 3.391431768206365494e-01 7.782245569245638261e-02 4.481746659506843367e-01 2.580651687765744828e-02 2.242889468851622103e-01 9.420448418480956709e-01 7.998773652632533704e-01 1.323317351881079240e-01 5.071947865298745972e-01
3.547993813894710913e-01 0.000000000000000000e+00 8.597353142230953482e-01 9.662289633635960939e-01 5.012314034254232720e-01 8.698708392187927130e-01 2.245478260717859165e-01 6.073945887470061367e-01 9.272893006913298652e-01 6.603032960679556806e-01 6.961562143571359274e-01 2.115236931274349086e-01 3.453447073716299220e-01 8.405769488670314926e-01 5.152679741161884097e-01 9.361698678278154162e-01 1.053848670889104833e-01 2.595470432881166190e-01 3.504699471103893682e-01 7.431657030194906977e-01 3.330117165900876586e-01 3.603815783254894489e-01 3.243042974017937841e-01 4.656987084405073141e-01 6.873292062371083588e-02 7.349015210619814775e-01 5.140891899274491195e-01 8.400907094773694128e-01 3.161174955574524992e-01 8.329801609552234254e-02
5.140121678034068609e-01 8.597353142230953482e-01 0.000000000000000000e+00 4.221309254953576895e-01 4.800002881842359015e-01 6.159993223099912152e-01 9.259691516125910793e-01 3.754432357762786943e-01 4.711683467658105418e-01 1.704835296939518630e-01 9.001688154488619587e-01 7.665482566775772000e-01 4.243947544070507671e-01 1.828389561125964846e-03 8.448694510883509867e-01 4.806905258396603209e-01 5.804638671198121269e-01 7.504632175270465888e-01 7.051835494514990810e-02 5.364108090834696085e-01 9.279557162208895704e-01 4.978517237955227825e-01 1.317247965650274466e-01 8.056756712152066680e-01 1.945981722526511914e-01 3.647198088479056688e-01 6.079117000206585297e-01 2.825631264282554289e-01 2.591923879614510540e-01 8.917724942239080299e-01
8.844583946329692692e-01 9.662289633635960939e-01 4.221309254953576895e-01 0.000000000000000000e+00 8.723501723254883933e-01 1.234973424993165425e-01 9.200666855860412108e-01 1.491505291601467054e-01 8.953499813102236971e-01 4.110319572939381549e-01 8.134080747169535330e-01 9.728657428146471053e-01 5.032726814667010107e-01 5.274232048318712174e-01 6.092796879048251180e-01 4.327607825405821451e-02 4.986730976280088212e-01 9.788673098566734732e-01 1.019495490359727530e-01 7.387829931403853134e-01 7.442270117740522606e-01 4.170531986354018006e-01 1.187725198212846722e-01 6.298425254184516486e-01 5.186743111918171723e-01 7.545509569722155252e-01 3.464063498963219079e-01 7.310814300995006620e-01 5.381937263848738384e-01 3.372914308805070593e-01
3.727411596430163510e-02 5.012314034254232720e-01 4.800002881842359015e-01 8.723501723254883933e-01 0.000000000000000000e+00 1.738694330078183192e-02 6.295038340257419485e-01 1.337036917676537318e-02 9.002906252217791616e-01 7.758426965934193120e-01 2.085380253610578105e-01 8.302504288806102917e-01 4.327122915633785372e-01 5.991323753061851276e-01 1.157580678462252211e-01 3.170927576240415435e-01 3.347482168555026005e-01 2.373839184854141804e-01 1.617682049020986446e-01 3.434465763073882849e-01 3.414926584295668865e-01 3.575254731731173363e-01 5.433540219847928787e-01 9.852244903981766111e-02 6.850975475526607239e-01 8.985574785846877077e-01 9.837756562803402494e-01 6.041319412720072002e-01 3.751011706307140203e-01 8.465259303372977273e-01
7.314653417796121992e-01 8.698708392187927130e-01 6.159993223099912152e-01 1.234973424993165425e-01 1.738694330078183192e-02 0.000000000000000000e+00 7.264935359827376926e-01 6.041585654227753510e-01 2.643665471491144503e-01 8.251532140691982820e-01 6.680710383552376230e-01 9.300705280310727074e-01 2.365664992931254540e-01 2.634547975886534221e-01 2.318875262825226269e-02 9.307034441784389767e-01 7.956860495212658702e-01 8.008815491106546780e-02 4.521655021308523814e-01 3.750069465395778900e-01 1.911841873086728150e-02 8.761467392861760350e-01 5.786533491038662325e-01 6.831603901152609737e-01 5.141965327727407997e-01 3.785986901814778482e-01 8.636777950645191382e-01 3.776307485650618467e-01 3.473122535553204715e-01 1.730659732793071726e-02
1.377787363465942105e-01 2.245478260717859165e-01 9.259691516125910793e-01 9.200666855860412108e-01 6.295038340257419485e-01 7.264935359827376926e-01 0.000000000000000000e+00 8.785707795963317857e-01 2.964690122288753393e-01 4.445564668706436517e-02 7.124858593339700175e-02 9.050574841252536640e-01 2.521654854145373159e-01 1.637170654492492439e-02 4.137143437919152955e-01 2.348942718933779705e-01 2.661135609381464207e-01 9.536964681206463457e-01 1.308846121703909349e-01 5.776699406036369666e-01 2.220108472532528188e-01 3.496698451925809303e-01 2.897523700760419318e-01 6.500515151034880201e-01 2.628204130097261393e-01 6.127267983056485789e-01 4.859439428936322969e-01 3.262160405144282072e-01 6.491991149518707704e-01 3.086035267489647405e-01
3.008010780606973356e-02 6.073945887470061367e-01 3.754432357762786943e-01 1.491505291601467054e-01 1.337036917676537318e-02 6.041585654227753510e-01 8.785707795963317857e-01 0.000000000000000000e+00 8.634722771254608187e-01 2.919925584825807663e-01 2.432526162048587182e-01 4.847429831953316004e-01 7.139383484264505420e-02 1.912836629995573468e-02 8.119167099817903299e-02 4.565539173616487423e-01 3.145221073699372427e-01 4.006774066714383631e-01 9.187495207378649775e-01 9.437705976427002152e-01 2.179469006007962451e-01 6.481594432764646863e-01 4.813867857843977527e-01 5.218416442418479795e-01 5.171861171180391903e-01 6.021311730072125279e-01 8.269678531515404218e-01 3.632050955449935836e-01 4.833435008141487854e-01 3.894400283259414897e-01
1.660187334865687037e-01 9.272893006913298652e-01 4.711683467658105418e-01 8.953499813102236971e-01 9.002906252217791616e-01 2.643665471491144503e-01 2.964690122288753393e-01 8.634722771254608187e-01 0.000000000000000000e+00 4.662781651018024220e-01 3.313771040046000760e-01 6.317922823421026068e-01 8.562273717890411806e-02 8.935444794193164730e-01 4.030812429132659691e-01 8.332460557805668744e-01 2.895943618925223006e-01 8.273243610898544098e-01 8.942353937382726548e-01 8.315888976037661973e-01 8.039850160734031137e-01 6.882761756922639584e-01 4.842040840077591612e-01 5.476530216324141387e-01 2.164367831263016573e-01 7.496883305260710895e-01 4.617443723705894065e-02 6.914512188731575248e-01 4.108573534234707392e-01 4.437024994071910866e-01
6.293121955724070293e-01 6.603032960679556806e-01 1.704835296939518630e-01 4.110319572939381549e-01 7.758426965934193120e-01 8.251532140691982820e-01 4.445564668706436517e-02 2.919925584825807663e-01 4.662781651018024220e-01 0.000000000000000000e+00 5.907633687240675391e-01 3.869515568365062830e-01 1.508418684187878833e-01 3.722931887980588384e-01 7.044962083405732489e-01 3.388437032325519738e-01 2.095439515245223205e-02 9.064641044254541091e-01 4.439856983947317870e-01 7.160654018993424241e-01 1.769888785450226543e-01 2.327356000075009312e-02 8.068609921181413291e-03 9.229286575924583458e-01 1.459576873156092081e-01 1.985784293223136210e-01 9.406148680249718508e-01 5.056466141337033759e-01 8.526513767292464019e-01 8.177234486721948192e-01
7.492342263111202438e-01 6.961562143571359274e-01 9.001688154488619587e-01 8.134080747169535330e-01 2.085380253610578105e-01 6.680710383552376230e-01 7.124858593339700175e-02 2.432526162048587182e-01 3.313771040046000760e-01 5.907633687240675391e-01 0.000000000000000000e+00 4.308392678129242537e-01 5.710055656764069232e-01 6.884371620273214143e-01 7.730986006000092337e-01 3.405674042448703087e-01 8.931203112660212051e-01 6.567306386597479007e-01 9.062377136773326347e-01 2.917997101095405332e-01 2.160378429572973324e-01 6.402584336569080437e-01 5.215532051684664827e-01 3.293252514522724272e-01 5.677757718867404435e-02 2.297962328251067499e-01 2.381514135840586688e-01 4.961118629864718077e-01 9.572897894324868817e-01 9.887804540256273089e-02
8.563413544894730167e-01 2.115236931274349086e-01 7.665482566775772000e-01 9.728657428146471053e-01 8.302504288806102917e-01 9.300705280310727074e-01 9.050574841252536640e-01 4.847429831953316004e-01 6.317922823421026068e-01 3.869515568365062830e-01 4.308392678129242537e-01 0.000000000000000000e+00 9.882947057575297567e-02 1.761807831206755326e-01 9.391734860059495205e-01 1.243074913607117304e-01 2.925016483147760971e-01 1.461105887727893737e-01 4.339647890319483503e-01 7.873377081359806962e-01 6.561611027908039739e-01 2.301354480672102021e-02 5.582769581924927893e-01 6.560947289030771845e-02 9.177878070021396884e-01 7.477841606005105612e-01 7.918682643634539220e-01 5.239837590050738791e-01 8.047899984274209384e-01 3.780597007013097866e-02
1.995106858681113815e-01 3.453447073716299220e-01 4.243947544070507671e-01 5.032726814667010107e-01 4.327122915633785372e-01 2.365664992931254540e-01 2.521654854145373159e-01 7.139383484264505420e-02 8.562273717890411806e-02 1.508418684187878833e-01 5.710055656764069232e-01 9.882947057575297567e-02 0.000000000000000000e+00 5.892879222186476751e-01 5.330067799875359835e-02 6.462795133217617005e-01 5.041287288004656642e-01 8.260467955901719117e-01 2.385087797362029916e-01 6.104260132245142856e-01 5.602205515712866957e-01 6.720723569934092811e-01 4.537998395472963020e-01 4.502975450943051960e-01 1.313671693555160669e-01 3.069591306616892279e-02 7.816151798063565304e-01 3.190677295266465263e-01 1.088576838701338367e-02 9.851215476618291333e-01
5.896817232107876006e-02 8.405769488670314926e-01 1.828389561125964846e-03 5.274232048318712174e-01 5.991323753061851276e-01 2.634547975886534221e-01 1.637170654492492439e-02 1.912836629995573468e-02 8.935444794193164730e-01 3.722931887980588384e-01 6.884371620273214143e-01 1.761807831206755326e-01 5.892879222186476751e-01 0.000000000000000000e+00 7.929195605760994692e-01 7.217035436903742607e-01 9.617061957713822773e-01 8.374242606652082532e-01 1.838360866316468556e-02 7.778709519064864741e-01 3.559551143599478662e-01 6.776745249972182528e-03 4.968083215031967592e-01 5.264575073730670685e-01 2.965060138782804611e-01 1.171215300261204684e-01 7.397606542040413569e-02 4.685754357352154287e-01 6.930822139952841354e-02 2.241450307080296023e-01
5.652016693946996240e-01 5.152679741161884097e-01 8.448694510883509867e-01 6.092796879048251180e-01 1.157580678462252211e-01 2.318875262825226269e-02 4.137143437919152955e-01 8.119167099817903299e-02 4.030812429132659691e-01 7.044962083405732489e-01 7.730986006000092337e-01 9.391734860059495205e-01 5.330067799875359835e-02 7.929195605760994692e-01 0.000000000000000000e+00 8.313449835357826778e-01 5.852726178082560127e-01 2.845618854731299940e-01 3.756225314950270011e-01 9.418228756661478629e-01 6.053681400271431201e-01 9.627835145983741905e-01 5.635436738569183923e-01 6.603018241693836554e-01 7.085712897664525611e-01 1.818411013630577555e-01 8.037486344297045671e-01 1.726521529317767145e-01 6.494494636720971048e-02 1.254595857789686519e-01
3.362839144587158602e-01 9.361698678278154162e-01 4.806905258396603209e-01 4.327607825405821451e-02 3.170927576240415435e-01 9.307034441784389767e-01 2.348942718933779705e-01 4.565539173616487423e-01 8.332460557805668744e-01 3.388437032325519738e-01 3.405674042448703087e-01 1.243074913607117304e-01 6.462795133217617005e-01 7.217035436903742607e-01 8.313449835357826778e-01 0.000000000000000000e+00 2.541438665271589237e-01 1.069567867175824638e-02 2.540594078024771552e-02 2.145223295940700270e-01 3.462236899763271314e-01 5.080867804472247728e-01 4.529212487055590541e-01 8.254070123519352542e-01 7.804302261209583591e-01 5.900824986780028869e-01 3.889600649032411983e-01 4.485613250843865085e-01 9.642468649043581808e-01 8.531495692280629539e-01
8.179263499605992083e-01 1.053848670889104833e-01 5.804638671198121269e-01 4.986730976280088212e-01 3.347482168555026005e-01 7.956860495212658702e-01 2.661135609381464207e-01 3.145221073699372427e-01 2.895943618925223006e-01 2.095439515245223205e-02 8.931203112660212051e-01 2.925016483147760971e-01 5.041287288004656642e-01 9.617061957713822773e-01 5.852726178082560127e-01 2.541438665271589237e-01 0.000000000000000000e+00 4.613613627871009371e-01 5.222424988171622262e-01 2.689336031322461240e-01 2.182685318066115432e-01 6.941107394853109902e-01 2.548990477596475568e-01 7.496408947341167694e-01 4.233269283597954624e-01 4.342427383808519226e-01 4.361078882533200307e-01 3.226447684316624542e-02 3.166314626112698427e-02 8.244707212833701782e-02
3.468433820304116511e-01 2.595470432881166190e-01 7.504632175270465888e-01 9.788673098566734732e-01 2.373839184854141804e-01 8.008815491106546780e-02 9.536964681206463457e-01 4.006774066714383631e-01 8.273243610898544098e-01 9.064641044254541091e-01 6.567306386597479007e-01 1.461105887727893737e-01 8.260467955901719117e-01 8.374242606652082532e-01 2.845618854731299940e-01 1.069567867175824638e-02 4.613613627871009371e-01 0.000000000000000000e+00 3.527453770069312045e-01 4.468624564301841851e-01 1.304981299525095340e-01 5.701407111076507439e-01 8.882136960250698321e-01 8.806551188757916204e-01 1.745181525672089284e-01 7.599705409531630762e-01 7.135389101973835801e-01 1.499473893828836557e-01 8.206154650507061499e-01 3.755533880794337254e-01
6.414496344810858286e-01 3.504699471103893682e-01 7.051835494514990810e-02 1.019495490359727530e-01 1.617682049020986446e-01 4.521655021308523814e-01 1.308846121703909349e-01 9.187495207378649775e-01 8.942353937382726548e-01 4.439856983947317870e-01 9.062377136773326347e-01 4.339647890319483503e-01 2.385087797362029916e-01 1.838360866316468556e-02 3.756225314950270011e-01 2.540594078024771552e-02 5.222424988171622262e-01 3.527453770069312045e-01 0.000000000000000000e+00 3.624373414899307866e-01 9.606406933631796985e-01 4.817739579124671323e-01 2.175178415766774176e-01 3.954213870562727218e-01 2.361879825864785509e-01 6.903946216148816317e-01 2.685556470236749593e-02 8.050177671762763776e-01 2.856481520102868155e-01 7.073746249920566109e-01
3.151666629113010210e-01 7.431657030194906977e-01 5.364108090834696085e-01 7.387829931403853134e-01 3.434465763073882849e-01 3.750069465395778900e-01 5.776699406036369666e-01 9.437705976427002152e-01 8.315888976037661973e-01 7.160654018993424241e-01 2.917997101095405332e-01 7.873377081359806962e-01 6.104260132245142856e-01 7.778709519064864741e-01 9.418228756661478629e-01 2.145223295940700270e-01 2.689336031322461240e-01 4.468624564301841851e-01 3.624373414899307866e-01 0.000000000000000000e+00 4.844194799691193820e-01 6.201069876955177529e-01 7.445080607041842935e-01 6.938655726901733489e-01 1.425520680589618117e-01 5.816673620319543492e-01 6.066673758629818058e-01 3.716125679145164673e-01 3.771603571068679051e-01 2.464004186317092504e-03
3.278811904405141142e-01 3.330117165900876586e-01 9.279557162208895704e-01 7.442270117740522606e-01 3.414926584295668865e-01 1.911841873086728150e-02 2.220108472532528188e-01 2.179469006007962451e-01 8.039850160734031137e-01 1.769888785450226543e-01 2.160378429572973324e-01 6.561611027908039739e-01 5.602205515712866957e-01 3.559551143599478662e-01 6.053681400271431201e-01 3.462236899763271314e-01 2.182685318066115432e-01 1.304981299525095340e-01 9.606406933631796985e-01 4.844194799691193820e-01 0.000000000000000000e+00 9.222678446668496344e-01 6.802876707865467276e-01 8.188948496093394480e-01 9.387037041090567913e-01 8.505767581497384322e-01 5.279959714359578893e-01 4.875210116989640019e-01 8.290660916514640544e-01 3.548618775425076421e-01
3.391431768206365494e-01 3.603815783254894489e-01 4.978517237955227825e-01 4.170531986354018006e-01 3.575254731731173363e-01 8.761467392861760350e-01 3.496698451925809303e-01 6.481594432764646863e-01 6.882761756922639584e-01 2.327356000075009312e-02 6.402584336569080437e-01 2.301354480672102021e-02 6.720723569934092811e-01 6.776745249972182528e-03 9.627835145983741905e-01 5.080867804472247728e-01 6.941107394853109902e-01 5.701407111076507439e-01 4.817739579124671323e-01 6.201069876955177529e-01 9.222678446668496344e-01 0.000000000000000000e+00 1.790053611641306830e-01 6.377119038745624469e-01 3.760588429063058680e-01 8.301419416930488904e-01 9.382724308309884353e-01 1.706777434950592642e-01 4.872729496602479227e-01 1.414586008979006326e-01
7.782245569245638261e-02 3.243042974017937841e-01 1.317247965650274466e-01 1.187725198212846722e-01 5.433540219847928787e-01 5.786533491038662325e-01 2.897523700760419318e-01 4.813867857843977527e-01 4.842040840077591612e-01 8.068609921181413291e-03 5.215532051684664827e-01 5.582769581924927893e-01 4.537998395472963020e-01 4.968083215031967592e-01 5.635436738569183923e-01 4.529212487055590541e-01 2.548990477596475568e-01 8.882136960250698321e-01 2.175178415766774176e-01 7.445080607041842935e-01 6.802876707865467276e-01 1.790053611641306830e-01 0.000000000000000000e+00 3.525616096675066036e-01 2.132719376936076383e-01 5.055139547719477155e-01 2.694639676094147118e-01 8.461727314115630172e-01 3.079529695285324609e-01 2.047184471004518391e-01
4.481746659506843367e-01 4.656987084405073141e-01 8.056756712152066680e-01 6.298425254184516486e-01 9.852244903981766111e-02 6.831603901152609737e-01 6.500515151034880201e-01 5.218416442418479795e-01 5.476530216324141387e-01 9.229286575924583458e-01 3.293252514522724272e-01 6.560947289030771845e-02 4.502975450943051960e-01 5.264575073730670685e-01 6.603018241693836554e-01 8.254070123519352542e-01 7.496408947341167694e-01 8.806551188757916204e-01 3.954213870562727218e-01 6.938655726901733489e-01 8.188948496093394480e-01 6.377119038745624469e-01 3.525616096675066036e-01 0.000000000000000000e+00 9.400189900103576024e-01 3.121892443760773128e-01 7.345690082431874934e-01 8.699362567357094012e-02 2.101430111674353896e-01 2.769287172974667088e-01
2.580651687765744828e-02 6.873292062371083588e-02 1.945981722526511914e-01 5.186743111918171723e-01 6.850975475526607239e-01 5.141965327727407997e-01 2.628204130097261393e-01 5.171861171180391903e-01 2.164367831263016573e-01 1.459576873156092081e-01 5.677757718867404435e-02 9.177878070021396884e-01 1.313671693555160669e-01 2.965060138782804611e-01 7.085712897664525611e-01 7.804302261209583591e-01 4.233269283597954624e-01 1.745181525672089284e-01 2.361879825864785509e-01 1.425520680589618117e-01 9.387037041090567913e-01 3.760588429063058680e-01 2.132719376936076383e-01 9.400189900103576024e-01 0.000000000000000000e+00 6.581511714191040641e-01 6.689238155067293023e-01 2.830854935800866112e-01 4.780780109645018650e-01 4.104772362128372709e-02
2.242889468851622103e-01 7.349015210619814775e-01 3.647198088479056688e-01 7.545509569722155252e-01 8.985574785846877077e-01 3.785986901814778482e-01 6.127267983056485789e-01 6.021311730072125279e-01 7.496883305260710895e-01 1.985784293223136210e-01 2.297962328251067499e-01 7.477841606005105612e-01 3.069591306616892279e-02 1.171215300261204684e-01 1.818411013630577555e-01 5.900824986780028869e-01 4.342427383808519226e-01 7.599705409531630762e-01 6.903946216148816317e-01 5.816673620319543492e-01 8.505767581497384322e-01 8.301419416930488904e-01 5.055139547719477155e-01 3.121892443760773128e-01 6.581511714191040641e-01 0.000000000000000000e+00 1.453385703846485910e-01 7.807187928014380773e-02 1.752391554384512551e-01 4.103947098943639960e-01
9.420448418480956709e-01 5.140891899274491195e-01 6.079117000206585297e-01 3.464063498963219079e-01 9.837756562803402494e-01 8.636777950645191382e-01 4.859439428936322969e-01 8.269678531515404218e-01 4.617443723705894065e-02 9.406148680249718508e-01 2.381514135840586688e-01 7.918682643634539220e-01 7.816151798063565304e-01 7.397606542040413569e-02 8.037486344297045671e-01 3.889600649032411983e-01 4.361078882533200307e-01 7.135389101973835801e-01 2.685556470236749593e-02 6.066673758629818058e-01 5.279959714359578893e-01 9.382724308309884353e-01 2.694639676094147118e-01 7.345690082431874934e-01 6.689238155067293023e-01 1.453385703846485910e-01 0.000000000000000000e+00 6.279365288184808325e-01 8.743977894313892385e-01 8.490518437631257020e-01
7.998773652632533704e-01 8.400907094773694128e-01 2.825631264282554289e-01 7.310814300995006620e-01 6.041319412720072002e-01 3.776307485650618467e-01 3.262160405144282072e-01 3.632050955449935836e-01 6.914512188731575248e-01 5.056466141337033759e-01 4.961118629864718077e-01 5.239837590050738791e-01 3.190677295266465263e-01 4.685754357352154287e-01 1.726521529317767145e-01 4.485613250843865085e-01 3.226447684316624542e-02 1.499473893828836557e-01 8.050177671762763776e-01 3.716125679145164673e-01 4.875210116989640019e-01 1.706777434950592642e-01 8.461727314115630172e-01 8.699362567357094012e-02 2.830854935800866112e-01 7.807187928014380773e-02 6.279365288184808325e-01 0.000000000000000000e+00 8.880333658224615068e-02 7.642967710231417522e-01
1.323317351881079240e-01 3.161174955574524992e-01 2.591923879614510540e-01 5.381937263848738384e-01 3.751011706307140203e-01 3.473122535553204715e-01 6.491991149518707704e-01 4.833435008141487854e-01 4.108573534234707392e-01 8.526513767292464019e-01 9.572897894324868817e-01 8.047899984274209384e-01 1.088576838701338367e-02 6.930822139952841354e-02 6.494494636720971048e-02 9.642468649043581808e-01 3.166314626112698427e-02 8.206154650507061499e-01 2.856481520102868155e-01 3.771603571068679051e-01 8.290660916514640544e-01 4.872729496602479227e-01 3.079529695285324609e-01 2.101430111674353896e-01 4.780780109645018650e-01 1.752391554384512551e-01 8.743977894313892385e-01 8.880333658224615068e-02 0.000000000000000000e+00 4.073466724589263066e-01
5.071947865298745972e-01 8.329801609552234254e-02 8.917724942239080299e-01 3.372914308805070593e-01 8.465259303372977273e-01 1.730659732793071726e-02 3.086035267489647405e-01 3.894400283259414897e-01 4.437024994071910866e-01 8.177234486721948192e-01 9.887804540256273089e-02 3.780597007013097866e-02 9.851215476618291333e-01 2.241450307080296023e-01 1.254595857789686519e-01 8.531495692280629539e-01 8.244707212833701782e-02 3.755533880794337254e-01 7.073746249920566109e-01 2.464004186317092504e-03 3.548618775425076421e-01 1.414586008979006326e-01 2.047184471004518391e-01 2.769287172974667088e-01 4.104772362128372709e-02 4.103947098943639960e-01 8.490518437631257020e-01 7.642967710231417522e-01 4.073466724589263066e-01 0.000000000000000000e+00
