0.000000000000000000e+00 3.410354851748128580e-01 6.645484411652187173e-01 1.858594565216815653e-01 4.693074277022283303e-01 7.886690543479277782e-01 6.763353579393437398e-01 7.482201536698914746e-01 2.425983182373245839e-01 8.957033408129498886e-01 8.249511662423840708e-01 1.374739846893570094e-01 7.868059453230213940e-01 7.889773503465263849e-01 4.320594203601502148e-01 8.652835377936877181e-01 9.072375931185039377e-02 6.756987674068759553e-02 1.993994309494401262e-01 2.202115237782388268e-01 4.883512269460883459e-01 6.273747233753331765e-01 6.439502301799929773e-01 7.954866863895937446e-01 8.975957974192430022e-01 4.162529237223948630e-01 4.866634071306332743e-01 9.294173883482462761e-01 7.155500064808272276e-01 3.148729999940651503e-01
3.410354851748128580e-01 0.000000000000000000e+00 7.247214068781901997e-01 8.165493921740362149e-01 4.206701713981544355e-01 8.020795914916409863e-01 3.880249950241397849e-01 9.405841719018626090e-01 8.545647734697892073e-02 6.799164368628347610e-01 6.252674248767792209e-01 3.901962706008267334e-01 7.350605197369908250e-01 6.126298290961215143e-01 6.260024448339653880e-01 1.796595791192295843e-01 8.487652525593696318e-01 1.631556160927185584e-01 5.900424131538025696e-01 4.469783970404791473e-01 7.028989783048383844e-01 9.630977048017512754e-01 1.190192417804051273e-01 7.322314851335408603e-01 7.436080935643726297e-01 4.545274207307282710e-01 6.977256667200480988e-01 8.697670011863752881e-01 5.529373002289726946e-01 2.425860272039569443e-01
6.645484411652187173e-01 7.247214068781901997e-01 0.000000000000000000e+00 4.925120700774745508e-01 7.515911915963644496e-01 1.226477335500879562e-01 4.980143777275829464e-01 2.892096200218645663e-01 4.786625152385876047e-01 4.209665630808911985e-02 6.425776557911535569e-01 3.881880587213788480e-01 7.157341495671155629e-01 8.866026413793628436e-01 6.711916509083186710e-01 2.300259370125196101e-01 3.506746066434357489e-01 7.688246187328350301e-01 2.179650217540277657e-01 8.377660300887309619e-01 1.886591799799467450e-01 5.697670922933333326e-01 3.660860193556154663e-01 6.650468807147106309e-01 4.653913791635324593e-01 7.569791761630032534e-01 2.279855043483279831e-01 1.305119903475620013e-01 1.267134430973024806e-01 7.354358757366450394e-01
1.858594565216815653e-01 8.165493921740362149e-01 4.925120700774745508e-01 0.000000000000000000e+00 6.647912956075177071e-01 7.178064513822316473e-01 4.496931267340368299e-01 8.225118936781288248e-01 4.049618824131294703e-01 6.346398458114190788e-01 9.728942149589048238e-02 5.354878523532886625e-01 2.110317131893172382e-01 7.167156534136143176e-02 5.684620015847544616e-01 6.532163207604246846e-01 8.203938233105541045e-01 6.285247110324346798e-01 2.245273499179226695e-01 1.257520426491204324e-01 7.639405773638333619e-01 8.439036027833185516e-01 3.100898321493791299e-01 4.289278570351456876e-01 2.097043250712337104e-01 1.300521584535918596e-01 4.031612817614181887e-01 7.384888540763425713e-01 2.720057502974443375e-01 9.314360848618542521e-01
4.693074277022283303e-01 4.206701713981544355e-01 7.515911915963644496e-01 6.647912956075177071e-01 0.000000000000000000e+00 5.952567108027173592e-01 7.301699056308885716e-01 4.217872647070639580e-01 5.630322869212682768e-01 9.475285767819832117e-01 9.909232558835088245e-01 6.436057843828640879e-01 2.494721049383087363e-01 6.979502971335310724e-01 3.183645891723606569e-01 8.220563192715187872e-01 7.136719397492419237e-01 4.007866220347378050e-02 3.100988929485901657e-01 8.031043972278824050e-01 6.945423302576001490e-01 2.837984176793755253e-01 7.577024860888037505e-01 3.038514222690006372e-01 3.453242420192785822e-01 1.256782127575389874e-01 7.786870610800037396e-01 7.928955192648294847e-01 3.724354910122991136e-01 3.763729070122734388e-02
7.886690543479277782e-01 8.020795914916409863e-01 1.226477335500879562e-01 7.178064513822316473e-01 5.952567108027173592e-01 0.000000000000000000e+00 8.264866514203923487e-01 8.117415296881530518e-01 4.460764621269971419e-01 7.239897567312134630e-01 6.234244545929487069e-01 6.859457835049176389e-01 7.786074092785146838e-01 4.474485129459051524e-01 8.506428554585812041e-01 7.945098834154930012e-01 8.101536955130435036e-01 6.298533186796153593e-01 1.203031311265375658e-01 2.791030194477250870e-01 3.495286809406833450e-01 8.448653912374242125e-01 6.454406978092206426e-01 8.426975987174417648e-01 2.402221961188537591e-01 1.476814645658043323e-01 7.514173722018883117e-01 4.043920121521533684e-01 4.379200042794771930e-01 2.362928880982947399e-01
6.763353579393437398e-01 3.880249950241397849e-01 4.980143777275829464e-01 4.496931267340368299e-01 7.301699056308885716e-01 8.264866514203923487e-01 0.000000000000000000e+00 3.995645269399332733e-01 2.466136841884876141e-01 7.831390281715477908e-01 8.701386421082352163e-01 6.652883622529659480e-02 3.950975817257860179e-01 2.342274031399398382e-01 1.281842191675239828e-01 1.327032861763889349e-01 1.517665993959588233e-01 5.393904307187059599e-01 4.090434541777757671e-01 3.222070875122806655e-02 8.973820355882875521e-01 1.954916563719866218e-01 8.210626075253985023e-01 1.315266971213971958e-01 5.436537667438281485e-01 2.271070851112330091e-01 2.795060104420633573e-01 6.059736019794814688e-03 1.236972924134249752e-02 9.091270735799107383e-01
7.482201536698914746e-01 9.405841719018626090e-01 2.892096200218645663e-01 8.225118936781288248e-01 4.217872647070639580e-01 8.117415296881530518e-01 3.995645269399332733e-01 0.000000000000000000e+00 3.981719910289804876e-02 4.903245805706147875e-01 6.244204172701659505e-01 2.260606646556551080e-02 6.814131423790094066e-01 6.894626657798021974e-01 3.629919217690000810e-01 9.516615263297514282e-01 8.178440010277354677e-01 8.384029444246032803e-01 7.887198000663774300e-01 3.582034870228618662e-01 6.084823447322165180e-01 3.305387489578837101e-02 6.717441402292725350e-01 4.494949338275130435e-01 9.544989830549680532e-01 2.188033565746770881e-01 7.241695111028578768e-01 5.140280928282220385e-01 3.762582145566397696e-01 2.317738069256247702e-01
2.425983182373245839e-01 8.545647734697892073e-02 4.786625152385876047e-01 4.049618824131294703e-01 5.630322869212682768e-01 4.460764621269971419e-01 2.466136841884876141e-01 3.981719910289804876e-02 0.000000000000000000e+00 9.155627977159893627e-01 7.010454519263519257e-01 9.779755428675912521e-01 5.999546367542706315e-01 4.378622100305519238e-01 4.446246073192633430e-01 8.178053078060901759e-01 4.011904858234909277e-01 7.996976425792827747e-01 8.621752435215364052e-01 6.300264024747146419e-01 4.301677051533726592e-01 8.561325147347128572e-01 2.857537519222691502e-01 6.583035609208750527e-01 8.309499629099013074e-01 7.257027328882303951e-02 6.817286554370199925e-01 3.222864735761099553e-02 5.910418459813786551e-01 8.204018205274657971e-01
8.957033408129498886e-01 6.799164368628347610e-01 4.209665630808911985e-02 6.346398458114190788e-01 9.475285767819832117e-01 7.239897567312134630e-01 7.831390281715477908e-01 4.903245805706147875e-01 9.155627977159893627e-01 0.000000000000000000e+00 3.758657625030966676e-01 6.114665499404385862e-01 1.368736433377581996e-02 9.866765971233028010e-01 8.189710383826233064e-01 7.028695566412419549e-01 1.283813838287756193e-01 5.519934925899401268e-01 5.222060295964252585e-01 6.105170202926502032e-01 6.813077711037177631e-01 5.642874698563982161e-01 4.826385520000152640e-01 9.937188752678949299e-01 3.670597287173720247e-01 6.479733767436549607e-01 3.611765406300767589e-01 7.057209871925953504e-01 2.709276613935618361e-02 5.268225316681852677e-01
8.249511662423840708e-01 6.252674248767792209e-01 6.425776557911535569e-01 9.728942149589048238e-02 9.909232558835088245e-01 6.234244545929487069e-01 8.701386421082352163e-01 6.244204172701659505e-01 7.010454519263519257e-01 3.758657625030966676e-01 0.000000000000000000e+00 6.927436332373209105e-01 5.565467752587841543e-01 2.211902257523007398e-01 2.300404728370543106e-01 7.365153151349411731e-01 5.613439021896732273e-01 3.944253995021966830e-01 1.280787101216768198e-01 7.586316485448511004e-01 7.401185879981738713e-01 5.438578028530380859e-01 5.240603676300591429e-01 1.137236208720979747e-01 9.289791604837381866e-01 5.336999928014445338e-01 2.318768616610278333e-01 8.704829746305455807e-01 4.213501559502119687e-01 9.220170548071531247e-01
1.374739846893570094e-01 3.901962706008267334e-01 3.881880587213788480e-01 5.354878523532886625e-01 6.436057843828640879e-01 6.859457835049176389e-01 6.652883622529659480e-02 2.260606646556551080e-02 9.779755428675912521e-01 6.114665499404385862e-01 6.927436332373209105e-01 0.000000000000000000e+00 4.752785800939407501e-01 9.595835904418414941e-02 4.888683808418495813e-01 7.676671655365261415e-01 4.509975546478039998e-02 4.523131546454148832e-01 4.151158343489198543e-01 4.430659303399225868e-01 8.317477045130849955e-02 1.937810639090667975e-01 7.537442235750742014e-01 4.807042544628931102e-01 5.905644543403459901e-01 4.731170064661038843e-01 8.179185374644505346e-01 2.537005777762614267e-01 2.655240093742127216e-01 4.394640200529149610e-01
7.868059453230213940e-01 7.350605197369908250e-01 7.157341495671155629e-01 2.110317131893172382e-01 2.494721049383087363e-01 7.786074092785146838e-01 3.950975817257860179e-01 6.814131423790094066e-01 5.999546367542706315e-01 1.368736433377581996e-02 5.565467752587841543e-01 4.752785800939407501e-01 0.000000000000000000e+00 4.676624213051261414e-01 9.141527866262059154e-01 2.786787097347785958e-01 8.817829521757192257e-02 1.115749524642949408e-01 8.688022132127237729e-02 4.185135224089530093e-01 2.923371071495374229e-01 1.428270991905123966e-01 7.311912790933224882e-01 4.034430130973504225e-01 5.867521735735768962e-01 6.896825611265595679e-01 3.595409314765468656e-01 4.837790214579378301e-01 8.497717375079272273e-01 7.242654593856653333e-01
7.889773503465263849e-01 6.126298290961215143e-01 8.866026413793628436e-01 7.167156534136143176e-02 6.979502971335310724e-01 4.474485129459051524e-01 2.342274031399398382e-01 6.894626657798021974e-01 4.378622100305519238e-01 9.866765971233028010e-01 2.211902257523007398e-01 9.595835904418414941e-02 4.676624213051261414e-01 0.000000000000000000e+00 2.731334624120196342e-02 5.258322363087742923e-01 5.410967476022109368e-01 7.282087294462775695e-01 4.507013402475499309e-01 6.739609627353602139e-01 1.928700211583200819e-01 6.247389833192000808e-01 3.349605167792489846e-01 6.304935378158278425e-01 9.281960533595972063e-01 8.415073510837148829e-01 6.524188054211156329e-01 3.102876613447770326e-01 9.987827021486863632e-01 6.736293711770344750e-01
4.320594203601502148e-01 6.260024448339653880e-01 6.711916509083186710e-01 5.684620015847544616e-01 3.183645891723606569e-01 8.506428554585812041e-01 1.281842191675239828e-01 3.629919217690000810e-01 4.446246073192633430e-01 8.189710383826233064e-01 2.300404728370543106e-01 4.888683808418495813e-01 9.141527866262059154e-01 2.731334624120196342e-02 0.000000000000000000e+00 8.769547550141165715e-02 1.666979301009119396e-03 3.513640633009642578e-01 6.260628683566781261e-01 8.382163145705776586e-01 2.662247332949182477e-01 5.938317780073395502e-01 5.245392133872011087e-01 7.375684170305089049e-01 9.411928446436229612e-01 4.865273143292991875e-03 4.628487367807027075e-01 1.535133253906512119e-01 8.069181905487963213e-01 1.778196358868041616e-01
8.652835377936877181e-01 1.796595791192295843e-01 2.300259370125196101e-01 6.532163207604246846e-01 8.220563192715187872e-01 7.945098834154930012e-01 1.327032861763889349e-01 9.516615263297514282e-01 8.178053078060901759e-01 7.028695566412419549e-01 7.365153151349411731e-01 7.676671655365261415e-01 2.786787097347785958e-01 5.258322363087742923e-01 8.769547550141165715e-02 0.000000000000000000e+00 8.035285230705796478e-01 5.725533689480327704e-01 8.612396644067160656e-01 1.926308744121526528e-01 6.852212607143596257e-01 5.591129443373482610e-01 8.478364835428131574e-02 2.980387890803880557e-01 9.325663941885929953e-01 9.111604677588273082e-01 9.073234277254847990e-01 1.097869476122550481e-01 9.451012539160087433e-01 9.324694605515593260e-02
9.072375931185039377e-02 8.487652525593696318e-01 3.506746066434357489e-01 8.203938233105541045e-01 7.136719397492419237e-01 8.101536955130435036e-01 1.517665993959588233e-01 8.178440010277354677e-01 4.011904858234909277e-01 1.283813838287756193e-01 5.613439021896732273e-01 4.509975546478039998e-02 8.817829521757192257e-02 5.410967476022109368e-01 1.666979301009119396e-03 8.035285230705796478e-01 0.000000000000000000e+00 4.884962623208750632e-01 4.380739392271174593e-01 8.644218279235630353e-01 8.261680852282142773e-01 7.926495779162734401e-02 8.763787090002209679e-01 9.271058424988523061e-01 4.875550338683286578e-01 8.430771296979741036e-01 6.281509587888571833e-01 4.396978996079096147e-01 6.745669835501888478e-02 5.184071314840181799e-01
6.756987674068759553e-02 1.631556160927185584e-01 7.688246187328350301e-01 6.285247110324346798e-01 4.007866220347378050e-02 6.298533186796153593e-01 5.393904307187059599e-01 8.384029444246032803e-01 7.996976425792827747e-01 5.519934925899401268e-01 3.944253995021966830e-01 4.523131546454148832e-01 1.115749524642949408e-01 7.282087294462775695e-01 3.513640633009642578e-01 5.725533689480327704e-01 4.884962623208750632e-01 0.000000000000000000e+00 4.150304076881582427e-01 3.433479942878533420e-01 2.337069980110003664e-01 5.374272678030087569e-01 6.311146450926260476e-01 6.091065735838177009e-01 5.383561705218095073e-01 9.849220414561082881e-01 2.916244526475660903e-01 3.577352092819693352e-01 3.663675586857040312e-01 1.002265153768694406e-01
1.993994309494401262e-01 5.900424131538025696e-01 2.179650217540277657e-01 2.245273499179226695e-01 3.100988929485901657e-01 1.203031311265375658e-01 4.090434541777757671e-01 7.887198000663774300e-01 8.621752435215364052e-01 5.222060295964252585e-01 1.280787101216768198e-01 4.151158343489198543e-01 8.688022132127237729e-02 4.507013402475499309e-01 6.260628683566781261e-01 8.612396644067160656e-01 4.380739392271174593e-01 4.150304076881582427e-01 0.000000000000000000e+00 6.195791738204642352e-01 6.678949147083018678e-01 1.899205825013872140e-01 6.100089418139098552e-02 4.172508832178839500e-01 4.787398675811035398e-01 6.088876694583477134e-01 7.088628037547776151e-01 8.558721825090481738e-01 1.663578540571535314e-01 7.912145986357788097e-01
2.202115237782388268e-01 4.469783970404791473e-01 8.377660300887309619e-01 1.257520426491204324e-01 8.031043972278824050e-01 2.791030194477250870e-01 3.222070875122806655e-02 3.582034870228618662e-01 6.300264024747146419e-01 6.105170202926502032e-01 7.586316485448511004e-01 4.430659303399225868e-01 4.185135224089530093e-01 6.739609627353602139e-01 8.382163145705776586e-01 1.926308744121526528e-01 8.644218279235630353e-01 3.433479942878533420e-01 6.195791738204642352e-01 0.000000000000000000e+00 5.989354370006859662e-01 3.077857871931677369e-01 4.681391110266663880e-03 9.608444380570351218e-01 5.150250508037967911e-02 4.697185683629613306e-01 8.615861037614771512e-01 9.541936758207368863e-01 9.349704460133034800e-02 1.148117480054562378e-01
4.883512269460883459e-01 7.028989783048383844e-01 1.886591799799467450e-01 7.639405773638333619e-01 6.945423302576001490e-01 3.495286809406833450e-01 8.973820355882875521e-01 6.084823447322165180e-01 4.301677051533726592e-01 6.813077711037177631e-01 7.401185879981738713e-01 8.317477045130849955e-02 2.923371071495374229e-01 1.928700211583200819e-01 2.662247332949182477e-01 6.852212607143596257e-01 8.261680852282142773e-01 2.337069980110003664e-01 6.678949147083018678e-01 5.989354370006859662e-01 0.000000000000000000e+00 3.776804119938915738e-01 6.673535975726744285e-01 5.629010004336884032e-01 3.188713437088108726e-02 6.794666721626906325e-01 2.827168211142291332e-01 7.884117263411540844e-01 9.780790793432583285e-01 8.737706336290714804e-01
6.273747233753331765e-01 9.630977048017512754e-01 5.697670922933333326e-01 8.439036027833185516e-01 2.837984176793755253e-01 8.448653912374242125e-01 1.954916563719866218e-01 3.305387489578837101e-02 8.561325147347128572e-01 5.642874698563982161e-01 5.438578028530380859e-01 1.937810639090667975e-01 1.428270991905123966e-01 6.247389833192000808e-01 5.938317780073395502e-01 5.591129443373482610e-01 7.926495779162734401e-02 5.374272678030087569e-01 1.899205825013872140e-01 3.077857871931677369e-01 3.776804119938915738e-01 0.000000000000000000e+00 9.638843654126223459e-01 3.080264446517390065e-01 9.423993162946897595e-01 1.543387098912024635e-01 1.681115273973425861e-01 8.331647623562731253e-01 5.104658214308662734e-01 4.246275416339583275e-01
6.439502301799929773e-01 1.190192417804051273e-01 3.660860193556154663e-01 3.100898321493791299e-01 7.577024860888037505e-01 6.454406978092206426e-01 8.210626075253985023e-01 6.717441402292725350e-01 2.857537519222691502e-01 4.826385520000152640e-01 5.240603676300591429e-01 7.537442235750742014e-01 7.311912790933224882e-01 3.349605167792489846e-01 5.245392133872011087e-01 8.478364835428131574e-02 8.763787090002209679e-01 6.311146450926260476e-01 6.100089418139098552e-02 4.681391110266663880e-03 6.673535975726744285e-01 9.638843654126223459e-01 0.000000000000000000e+00 6.310266545350848855e-01 7.273153620199224179e-01 5.377803864476320417e-01 7.201314781817369504e-02 9.264946104892906042e-01 3.577372061631201028e-01 5.042847605536648903e-01
7.954866863895937446e-01 7.322314851335408603e-01 6.650468807147106309e-01 4.289278570351456876e-01 3.038514222690006372e-01 8.426975987174417648e-01 1.315266971213971958e-01 4.494949338275130435e-01 6.583035609208750527e-01 9.937188752678949299e-01 1.137236208720979747e-01 4.807042544628931102e-01 4.034430130973504225e-01 6.304935378158278425e-01 7.375684170305089049e-01 2.980387890803880557e-01 9.271058424988523061e-01 6.091065735838177009e-01 4.172508832178839500e-01 9.608444380570351218e-01 5.629010004336884032e-01 3.080264446517390065e-01 6.310266545350848855e-01 0.000000000000000000e+00 3.537288441334879296e-01 2.013987315272296463e-01 4.471668241133279764e-01 4.110563015805057674e-01 9.115725210938696588e-02 5.273709101084810280e-01
8.975957974192430022e-01 7.436080935643726297e-01 4.653913791635324593e-01 2.097043250712337104e-01 3.453242420192785822e-01 2.402221961188537591e-01 5.436537667438281485e-01 9.544989830549680532e-01 8.309499629099013074e-01 3.670597287173720247e-01 9.289791604837381866e-01 5.905644543403459901e-01 5.867521735735768962e-01 9.281960533595972063e-01 9.411928446436229612e-01 9.325663941885929953e-01 4.875550338683286578e-01 5.383561705218095073e-01 4.787398675811035398e-01 5.150250508037967911e-02 3.188713437088108726e-02 9.423993162946897595e-01 7.273153620199224179e-01 3.537288441334879296e-01 0.000000000000000000e+00 9.245115696077740308e-01 6.206969996648432630e-01 2.617874419794654628e-01 4.905731995383976196e-01 9.195537573114197505e-01
4.162529237223948630e-01 4.545274207307282710e-01 7.569791761630032534e-01 1.300521584535918596e-01 1.256782127575389874e-01 1.476814645658043323e-01 2.271070851112330091e-01 2.188033565746770881e-01 7.257027328882303951e-02 6.479733767436549607e-01 5.336999928014445338e-01 4.731170064661038843e-01 6.896825611265595679e-01 8.415073510837148829e-01 4.865273143292991875e-03 9.111604677588273082e-01 8.430771296979741036e-01 9.849220414561082881e-01 6.088876694583477134e-01 4.697185683629613306e-01 6.794666721626906325e-01 1.543387098912024635e-01 5.377803864476320417e-01 2.013987315272296463e-01 9.245115696077740308e-01 0.000000000000000000e+00 9.582795754466314486e-01 6.305030507940385665e-01 8.390943594693112129e-01 2.263078278403443111e-01
4.866634071306332743e-01 6.977256667200480988e-01 2.279855043483279831e-01 4.031612817614181887e-01 7.786870610800037396e-01 7.514173722018883117e-01 2.795060104420633573e-01 7.241695111028578768e-01 6.817286554370199925e-01 3.611765406300767589e-01 2.318768616610278333e-01 8.179185374644505346e-01 3.595409314765468656e-01 6.524188054211156329e-01 4.628487367807027075e-01 9.073234277254847990e-01 6.281509587888571833e-01 2.916244526475660903e-01 7.088628037547776151e-01 8.615861037614771512e-01 2.827168211142291332e-01 1.681115273973425861e-01 7.201314781817369504e-02 4.471668241133279764e-01 6.206969996648432630e-01 9.582795754466314486e-01 0.000000000000000000e+00 5.091541986926152452e-01 7.933884801547552712e-03 9.030248973257285483e-01
9.294173883482462761e-01 8.697670011863752881e-01 1.305119903475620013e-01 7.384888540763425713e-01 7.928955192648294847e-01 4.043920121521533684e-01 6.059736019794814688e-03 5.140280928282220385e-01 3.222864735761099553e-02 7.057209871925953504e-01 8.704829746305455807e-01 2.537005777762614267e-01 4.837790214579378301e-01 3.102876613447770326e-01 1.535133253906512119e-01 1.097869476122550481e-01 4.396978996079096147e-01 3.577352092819693352e-01 8.558721825090481738e-01 9.541936758207368863e-01 7.884117263411540844e-01 8.331647623562731253e-01 9.264946104892906042e-01 4.110563015805057674e-01 2.617874419794654628e-01 6.305030507940385665e-01 5.091541986926152452e-01 0.000000000000000000e+00 5.162758695472505766e-01 5.253541849594478563e-01
7.155500064808272276e-01 5.529373002289726946e-01 1.267134430973024806e-01 2.720057502974443375e-01 3.724354910122991136e-01 4.379200042794771930e-01 1.236972924134249752e-02 3.762582145566397696e-01 5.910418459813786551e-01 2.709276613935618361e-02 4.213501559502119687e-01 2.655240093742127216e-01 8.497717375079272273e-01 9.987827021486863632e-01 8.069181905487963213e-01 9.451012539160087433e-01 6.745669835501888478e-02 3.663675586857040312e-01 1.663578540571535314e-01 9.349704460133034800e-02 9.780790793432583285e-01 5.104658214308662734e-01 3.577372061631201028e-01 9.115725210938696588e-02 4.905731995383976196e-01 8.390943594693112129e-01 7.933884801547552712e-03 5.162758695472505766e-01 0.000000000000000000e+00 6.610481448366114510e-01
3.148729999940651503e-01 2.425860272039569443e-01 7.354358757366450394e-01 9.314360848618542521e-01 3.763729070122734388e-02 2.362928880982947399e-01 9.091270735799107383e-01 2.317738069256247702e-01 8.204018205274657971e-01 5.268225316681852677e-01 9.220170548071531247e-01 4.394640200529149610e-01 7.242654593856653333e-01 6.736293711770344750e-01 1.778196358868041616e-01 9.324694605515593260e-02 5.184071314840181799e-01 1.002265153768694406e-01 7.912145986357788097e-01 1.148117480054562378e-01 8.737706336290714804e-01 4.246275416339583275e-01 5.042847605536648903e-01 5.273709101084810280e-01 9.195537573114197505e-01 2.263078278403443111e-01 9.030248973257285483e-01 5.253541849594478563e-01 6.610481448366114510e-01 0.000000000000000000e+00
