0.000000000000000000e+00 5.573275641437415162e-01 7.102693643102918619e-01 2.870636175269795087e-01 8.485589370780330931e-01 7.456703190566162931e-01 3.997575473246498534e-01 3.953118022174552104e-01 9.636660655055188096e-01 9.920055240893409509e-01 3.459147151916416307e-01 3.918918120370212810e-01 4.800408891174998693e-01 9.823201803296471857e-01 5.873158284628667847e-01 3.021935772576007651e-01 1.101094184412944044e-01 7.480401591548441198e-01 5.909589725087306400e-01 4.871411404765914055e-01 4.430420289311854942e-01 1.416467370446720109e-01 6.114836294903525094e-02 7.262509991169034951e-01 3.759878267438488963e-01 3.526348669529922875e-01 4.643242534919473918e-01 3.878349984842568432e-01 3.597459948184806855e-01 6.029055202075445097e-01
5.573275641437415162e-01 0.000000000000000000e+00 2.541100511576583898e-01 8.660975989366510586e-01 1.692400562331826119e-01 8.486510005702241344e-01 2.376125664657606773e-01 9.629374283078852015e-01 2.947102435418873512e-01 5.376520733952585562e-01 2.896093902922745045e-01 3.378766228530065696e-01 4.361857314288386522e-02 3.806413563196127114e-01 1.935157472804254208e-01 6.453563314050753119e-01 4.222528490566873627e-01 6.609491887923335529e-01 4.900998986858489115e-01 9.419999570751484974e-01 6.276145498488949759e-01 9.199301022102479575e-01 4.860716444584172180e-01 2.045015994089860456e-02 4.937081874052740016e-01 8.363309638971778703e-01 4.770298237182735157e-02 2.129225049310801143e-01 1.024053265545488145e-02 5.883948129743862276e-01
7.102693643102918619e-01 2.541100511576583898e-01 0.000000000000000000e+00 1.475871848389525010e-01 1.917403638538650590e-01 9.299750221754753410e-01 4.175013417303339303e-01 9.817957631428342324e-04 6.420258269734547829e-01 3.298103933075391403e-01 4.537319030619473281e-01 3.540547657394146341e-01 7.337844465593885701e-01 2.124268851907903377e-01 4.033682710449573161e-01 3.632713930359113830e-01 6.666866823389703267e-01 5.443169913780951941e-01 1.981795604856557702e-01 1.178662733809288099e-03 1.650780626263560480e-01 4.120713440003770378e-01 2.642810022927638558e-01 4.709211101914886344e-01 3.246103194490936872e-01 2.581359037803476753e-01 5.663643533594985291e-01 3.250608725794190690e-02 8.094798233596497417e-01 7.637051919344619577e-01
2.870636175269795087e-01 8.660975989366510586e-01 1.475871848389525010e-01 0.000000000000000000e+00 9.325070230774903379e-01 9.268942208596819832e-01 4.904373171756202243e-01 3.737668878390443261e-03 9.776167042214567449e-02 3.289129172371573206e-01 3.886954455610969195e-01 3.719846079968401886e-01 1.863625530987356171e-01 4.367953988580930424e-01 5.494289734275331627e-01 4.726680601322978958e-01 4.562178509237517776e-01 8.130038195185560479e-01 1.050332103483675450e-02 9.866646082190866363e-02 5.638809388243923859e-01 7.348735273957257563e-01 4.221234848630067704e-01 5.357729128066018864e-01 7.875660703066057478e-01 8.046005745283869581e-01 7.610164770505251086e-01 7.768115423309096546e-01 6.416319760007034301e-01 3.952116379412464742e-01
8.485589370780330931e-01 1.692400562331826119e-01 1.917403638538650590e-01 9.325070230774903379e-01 0.000000000000000000e+00 9.818828069737550734e-02 8.922770296036938165e-01 4.088979604346842933e-01 1.628854791985631101e-01 3.126588275552638629e-01 9.594720034256332131e-02 9.134153852413251506e-02 5.994408794767680515e-01 4.517209711678999984e-01 5.238958197974430409e-01 5.996712556706467190e-01 1.489166653680499275e-01 5.092464426227849561e-02 6.456981726959132306e-01 6.552546847410947173e-01 4.033579931628699100e-01 7.411100837159834143e-02 7.307148324362702230e-01 4.638628410104888022e-01 7.776428613205403906e-01 6.881347991099571182e-01 9.058366405240139141e-01 8.222418556470826312e-01 8.958846659764494458e-01 6.837821937694521512e-01
7.456703190566162931e-01 8.486510005702241344e-01 9.299750221754753410e-01 9.268942208596819832e-01 9.818828069737550734e-02 0.000000000000000000e+00 8.838716999790887652e-01 4.874852829794049658e-01 6.139248147371232367e-01 9.594643623758869477e-02 1.517494520458089191e-01 9.223561049591741945e-01 2.459205564127053822e-01 4.587806236529238246e-01 5.620632574848665186e-01 8.317001512860628942e-01 5.186267293714441617e-02 3.967780380873479062e-01 1.942281872337753290e-01 6.757774714097209978e-01 7.013732710909252877e-01 3.674831137226397537e-01 4.632516289510498764e-01 4.115038404552054940e-01 4.206822471352373860e-01 6.545492653343818468e-01 3.016030079717010315e-01 3.927576757840870458e-01 6.773794888729138819e-01 2.667346886797051786e-01
3.997575473246498534e-01 2.376125664657606773e-01 4.175013417303339303e-01 4.904373171756202243e-01 8.922770296036938165e-01 8.838716999790887652e-01 0.000000000000000000e+00 3.163074248760449070e-01 5.988615053172814395e-01 7.737601665881717050e-01 7.328611852412014738e-02 9.621551360776564588e-01 9.199189513421471842e-01 2.384413175224366910e-01 9.773771919249182316e-01 8.949816827036140010e-01 8.385358618452602997e-01 7.180112376799749896e-01 8.711571498873741382e-01 2.379372002290862653e-01 7.189161919174779092e-01 7.112245711961024952e-01 2.392859216301689296e-01 6.135772672657557880e-01 8.591156692697581310e-01 6.389465331300286932e-01 9.601810967866524216e-01 3.714195173388457061e-01 5.802262040225159012e-02 9.057417488121149995e-01
3.953118022174552104e-01 9.629374283078852015e-01 9.817957631428342324e-04 3.737668878390443261e-03 4.088979604346842933e-01 4.874852829794049658e-01 3.163074248760449070e-01 0.000000000000000000e+00 5.785374639318786594e-01 6.976299095373813541e-01 1.682837877396250459e-01 9.485256967713205922e-01 1.090701751445183332e-01 5.114393334817232128e-01 5.670026729297849011e-01 5.941930906822940894e-01 2.873809903833648427e-01 7.155865369002146759e-01 3.025585569907378591e-01 9.549067402373040414e-01 4.969551814030055414e-01 6.245066381924099241e-01 2.876219186161791397e-01 9.556960819131192775e-01 5.426043242006942657e-01 2.864081837566880839e-01 4.357192060583604531e-01 1.662572251198149997e-01 1.757570677915534230e-01 9.245257950786228696e-01
9.636660655055188096e-01 2.947102435418873512e-01 6.420258269734547829e-01 9.776167042214567449e-02 1.628854791985631101e-01 6.139248147371232367e-01 5.988615053172814395e-01 5.785374639318786594e-01 0.000000000000000000e+00 1.823579175288370102e-02 1.145130305097941115e-02 9.787486540260643686e-01 6.918262251266273921e-01 4.190964457461110459e-01 4.498633468743424846e-01 7.049930353634589197e-01 2.481975646629354104e-01 4.556547346179742330e-01 6.178956516036420155e-01 7.375668673799784525e-02 5.296427486093607806e-01 3.446638975169169505e-03 8.902615422561612757e-01 9.636487682045338232e-01 9.209083855504224259e-01 8.175323638793093872e-01 8.108124433932210051e-01 2.198665943081790086e-01 3.915476247926363840e-02 2.110347497630493674e-01
9.920055240893409509e-01 5.376520733952585562e-01 3.298103933075391403e-01 3.289129172371573206e-01 3.126588275552638629e-01 9.594643623758869477e-02 7.737601665881717050e-01 6.976299095373813541e-01 1.823579175288370102e-02 0.000000000000000000e+00 8.610273674324331328e-02 3.844559719662133945e-01 4.116992343140973842e-01 2.698741939403050960e-01 7.583218214780385047e-01 3.905978164089539684e-01 9.570026705802070488e-01 1.281757292896235079e-02 4.329189281011159851e-01 7.580701397935420971e-01 6.608036246470171404e-01 5.356558335852293906e-01 5.717366076826219112e-01 3.356873627603190746e-01 6.290594723913039976e-01 8.300833410999849393e-01 6.645034992149498887e-01 5.011377055468503317e-01 4.503929318800750092e-01 1.421151823342231557e-01
3.459147151916416307e-01 2.896093902922745045e-01 4.537319030619473281e-01 3.886954455610969195e-01 9.594720034256332131e-02 1.517494520458089191e-01 7.328611852412014738e-02 1.682837877396250459e-01 1.145130305097941115e-02 8.610273674324331328e-02 0.000000000000000000e+00 2.259871518836077398e-01 1.119997584228787924e-01 8.683438732279056271e-01 5.152529297235248773e-01 1.566425913368133527e-01 8.089512050197157356e-01 7.654477340998792068e-01 5.234766494950484628e-01 8.226507575465012989e-01 1.978980004486825539e-01 6.779294897769287953e-01 6.830482002102272743e-01 3.936053426372351227e-01 9.245140708837006338e-01 9.127063880537189533e-01 6.707505653688109470e-01 3.848399122247871951e-01 7.680817360990143117e-01 8.999961638466059677e-01
3.918918120370212810e-01 3.378766228530065696e-01 3.540547657394146341e-01 3.719846079968401886e-01 9.134153852413251506e-02 9.223561049591741945e-01 9.621551360776564588e-01 9.485256967713205922e-01 9.787486540260643686e-01 3.844559719662133945e-01 2.259871518836077398e-01 0.000000000000000000e+00 5.534079036521687422e-01 5.773242494737185204e-01 9.825613254152740783e-01 5.292490337882287399e-01 4.499869073234742389e-01 5.086555495099506219e-01 9.731386195806090988e-01 8.350923120280416834e-01 5.441786869429635631e-01 6.028468189516122955e-02 8.603889716035778568e-01 7.638322546578927286e-01 1.033327839764259792e-01 4.843994398983197947e-03 4.682584238276165101e-01 3.598327768908712310e-01 5.786253099738519756e-01 3.087378322592012614e-01
4.800408891174998693e-01 4.361857314288386522e-02 7.337844465593885701e-01 1.863625530987356171e-01 5.994408794767680515e-01 2.459205564127053822e-01 9.199189513421471842e-01 1.090701751445183332e-01 6.918262251266273921e-01 4.116992343140973842e-01 1.119997584228787924e-01 5.534079036521687422e-01 0.000000000000000000e+00 8.205713815620374607e-02 8.425609311739379326e-02 6.945112475638101079e-01 6.868617365485185644e-01 2.461511578785304799e-01 3.737439728040081732e-01 2.760607402623159734e-01 2.114607030598188997e-01 4.526508829525710542e-02 3.648874957523531304e-01 8.959441129922371960e-01 7.696495288146014691e-01 1.660656446902177841e-01 3.328415135955866688e-01 1.893626760477857829e-01 1.215511741093402431e-01 6.465190489338612512e-02
9.823201803296471857e-01 3.806413563196127114e-01 2.124268851907903377e-01 4.367953988580930424e-01 4.517209711678999984e-01 4.587806236529238246e-01 2.384413175224366910e-01 5.114393334817232128e-01 4.190964457461110459e-01 2.698741939403050960e-01 8.683438732279056271e-01 5.773242494737185204e-01 8.205713815620374607e-02 0.000000000000000000e+00 8.209861405873286611e-01 2.632675088880747083e-01 2.689764046915997797e-01 2.875453457495189546e-01 9.264269650871864714e-01 2.571016024019334711e-02 5.776293015762991034e-01 6.910899299076925795e-01 8.265597810842484350e-01 8.599118357628190434e-01 4.637944087113381464e-01 3.496831892681581122e-01 2.769274369495604571e-01 7.730459237630782354e-01 7.501229605874906170e-01 5.016139720957403236e-01
5.873158284628667847e-01 1.935157472804254208e-01 4.033682710449573161e-01 5.494289734275331627e-01 5.238958197974430409e-01 5.620632574848665186e-01 9.773771919249182316e-01 5.670026729297849011e-01 4.498633468743424846e-01 7.583218214780385047e-01 5.152529297235248773e-01 9.825613254152740783e-01 8.425609311739379326e-02 8.209861405873286611e-01 0.000000000000000000e+00 8.360869399224307719e-01 9.246556191839256922e-01 7.297195933004955171e-01 7.714386471430896286e-01 2.994119476924504974e-01 9.583479435134838464e-01 9.852374061987778653e-01 4.194476355746078466e-01 6.518409783502169264e-01 5.473573095355882545e-01 6.092225647000535371e-01 4.422331186695032113e-01 5.167331535694309474e-01 1.008332616487738198e-01 5.895949058309195578e-01
3.021935772576007651e-01 6.453563314050753119e-01 3.632713930359113830e-01 4.726680601322978958e-01 5.996712556706467190e-01 8.317001512860628942e-01 8.949816827036140010e-01 5.941930906822940894e-01 7.049930353634589197e-01 3.905978164089539684e-01 1.566425913368133527e-01 5.292490337882287399e-01 6.945112475638101079e-01 2.632675088880747083e-01 8.360869399224307719e-01 0.000000000000000000e+00 8.009579741021173316e-01 8.595813032369035156e-01 1.330735117895553987e-01 2.757825051206103106e-01 6.423370459308108682e-02 2.709186812820353341e-01 7.002344363599699584e-02 6.460565783845970689e-01 5.409180676760210194e-01 4.637471960283542360e-01 6.363923847990748950e-02 5.405044103363176866e-03 5.464656560998796264e-01 2.024333833875651134e-01
1.101094184412944044e-01 4.222528490566873627e-01 6.666866823389703267e-01 4.562178509237517776e-01 1.489166653680499275e-01 5.186267293714441617e-02 8.385358618452602997e-01 2.873809903833648427e-01 2.481975646629354104e-01 9.570026705802070488e-01 8.089512050197157356e-01 4.499869073234742389e-01 6.868617365485185644e-01 2.689764046915997797e-01 9.246556191839256922e-01 8.009579741021173316e-01 0.000000000000000000e+00 7.284740425572644451e-02 9.649025178306455119e-01 4.134214003286194039e-01 7.846085395649382566e-02 7.866937325272166381e-01 2.300996017541696581e-01 9.634360781314077471e-03 6.635465496771618676e-01 4.637656398553494652e-01 5.794271386023265302e-01 6.511553292611145238e-01 7.392438915853446479e-01 4.349967094377549248e-02
7.480401591548441198e-01 6.609491887923335529e-01 5.443169913780951941e-01 8.130038195185560479e-01 5.092464426227849561e-02 3.967780380873479062e-01 7.180112376799749896e-01 7.155865369002146759e-01 4.556547346179742330e-01 1.281757292896235079e-02 7.654477340998792068e-01 5.086555495099506219e-01 2.461511578785304799e-01 2.875453457495189546e-01 7.297195933004955171e-01 8.595813032369035156e-01 7.284740425572644451e-02 0.000000000000000000e+00 6.930228937792592969e-01 5.707491872072321115e-01 1.652418877895071025e-01 6.068931888535533670e-02 2.698152253659686917e-01 9.161253139745835217e-01 4.389445743877466999e-01 8.042593474114994034e-01 4.527446278422272430e-01 4.000329769995880635e-02 1.570618324435332225e-01 1.754869001740433365e-02
5.909589725087306400e-01 4.900998986858489115e-01 1.981795604856557702e-01 1.050332103483675450e-02 6.456981726959132306e-01 1.942281872337753290e-01 8.711571498873741382e-01 3.025585569907378591e-01 6.178956516036420155e-01 4.329189281011159851e-01 5.234766494950484628e-01 9.731386195806090988e-01 3.737439728040081732e-01 9.264269650871864714e-01 7.714386471430896286e-01 1.330735117895553987e-01 9.649025178306455119e-01 6.930228937792592969e-01 0.000000000000000000e+00 1.248696982584256432e-01 8.541895363487274073e-01 6.387780855854363615e-02 2.090294859301331520e-01 8.284982214837115500e-01 5.872376855431995502e-01 5.789022396898372280e-01 1.280294154923756755e-01 6.359634841313299702e-03 4.813131259762341019e-01 4.000741460834493779e-01
4.871411404765914055e-01 9.419999570751484974e-01 1.178662733809288099e-03 9.866646082190866363e-02 6.552546847410947173e-01 6.757774714097209978e-01 2.379372002290862653e-01 9.549067402373040414e-01 7.375668673799784525e-02 7.580701397935420971e-01 8.226507575465012989e-01 8.350923120280416834e-01 2.760607402623159734e-01 2.571016024019334711e-02 2.994119476924504974e-01 2.757825051206103106e-01 4.134214003286194039e-01 5.707491872072321115e-01 1.248696982584256432e-01 0.000000000000000000e+00 8.186083270009579804e-01 8.949648130542549040e-01 5.704515908755329878e-01 7.728902874355989550e-01 6.121196598595970428e-01 7.838853054507545215e-01 3.385986204059311389e-01 7.499494649532099100e-01 5.285714898676173723e-01 4.640246980760556195e-01
4.430420289311854942e-01 6.276145498488949759e-01 1.650780626263560480e-01 5.638809388243923859e-01 4.033579931628699100e-01 7.013732710909252877e-01 7.189161919174779092e-01 4.969551814030055414e-01 5.296427486093607806e-01 6.608036246470171404e-01 1.978980004486825539e-01 5.441786869429635631e-01 2.114607030598188997e-01 5.776293015762991034e-01 9.583479435134838464e-01 6.423370459308108682e-02 7.846085395649382566e-02 1.652418877895071025e-01 8.541895363487274073e-01 8.186083270009579804e-01 0.000000000000000000e+00 2.048483712812532165e-01 8.000465457241943135e-01 6.329598567214738125e-01 2.413453424020387539e-01 1.365022934757803563e-01 3.821208799577807680e-01 5.927573692072658496e-01 6.505174872283236986e-01 1.083027030834736726e-01
1.416467370446720109e-01 9.199301022102479575e-01 4.120713440003770378e-01 7.348735273957257563e-01 7.411100837159834143e-02 3.674831137226397537e-01 7.112245711961024952e-01 6.245066381924099241e-01 3.446638975169169505e-03 5.356558335852293906e-01 6.779294897769287953e-01 6.028468189516122955e-02 4.526508829525710542e-02 6.910899299076925795e-01 9.852374061987778653e-01 2.709186812820353341e-01 7.866937325272166381e-01 6.068931888535533670e-02 6.387780855854363615e-02 8.949648130542549040e-01 2.048483712812532165e-01 0.000000000000000000e+00 7.398470684486755378e-01 9.200291038473957794e-01 7.517925952471535833e-01 7.399382448263144285e-01 2.274699863623580454e-01 8.715440255396466052e-01 7.688104758229770130e-01 7.867280597976533674e-01
6.114836294903525094e-02 4.860716444584172180e-01 2.642810022927638558e-01 4.221234848630067704e-01 7.307148324362702230e-01 4.632516289510498764e-01 2.392859216301689296e-01 2.876219186161791397e-01 8.902615422561612757e-01 5.717366076826219112e-01 6.830482002102272743e-01 8.603889716035778568e-01 3.648874957523531304e-01 8.265597810842484350e-01 4.194476355746078466e-01 7.002344363599699584e-02 2.300996017541696581e-01 2.698152253659686917e-01 2.090294859301331520e-01 5.704515908755329878e-01 8.000465457241943135e-01 7.398470684486755378e-01 0.000000000000000000e+00 9.404287432598208429e-01 1.738461980209082824e-02 8.210601993326753778e-01 7.093130979901794975e-01 3.606028692749653208e-01 8.173944398419064061e-01 8.856768530776182313e-02
7.262509991169034951e-01 2.045015994089860456e-02 4.709211101914886344e-01 5.357729128066018864e-01 4.638628410104888022e-01 4.115038404552054940e-01 6.135772672657557880e-01 9.556960819131192775e-01 9.636487682045338232e-01 3.356873627603190746e-01 3.936053426372351227e-01 7.638322546578927286e-01 8.959441129922371960e-01 8.599118357628190434e-01 6.518409783502169264e-01 6.460565783845970689e-01 9.634360781314077471e-03 9.161253139745835217e-01 8.284982214837115500e-01 7.728902874355989550e-01 6.329598567214738125e-01 9.200291038473957794e-01 9.404287432598208429e-01 0.000000000000000000e+00 4.197866954351977542e-01 9.154875540494226138e-01 3.056003094699836220e-01 1.188829948087832822e-02 6.761926045079836856e-01 6.471347907395943455e-01
3.759878267438488963e-01 4.937081874052740016e-01 3.246103194490936872e-01 7.875660703066057478e-01 7.776428613205403906e-01 4.206822471352373860e-01 8.591156692697581310e-01 5.426043242006942657e-01 9.209083855504224259e-01 6.290594723913039976e-01 9.245140708837006338e-01 1.033327839764259792e-01 7.696495288146014691e-01 4.637944087113381464e-01 5.473573095355882545e-01 5.409180676760210194e-01 6.635465496771618676e-01 4.389445743877466999e-01 5.872376855431995502e-01 6.121196598595970428e-01 2.413453424020387539e-01 7.517925952471535833e-01 1.738461980209082824e-02 4.197866954351977542e-01 0.000000000000000000e+00 9.697037137522377392e-01 1.220395119569508413e-01 9.840028516934968827e-01 7.441013029242677934e-01 9.878998117648494226e-01
3.526348669529922875e-01 8.363309638971778703e-01 2.581359037803476753e-01 8.046005745283869581e-01 6.881347991099571182e-01 6.545492653343818468e-01 6.389465331300286932e-01 2.864081837566880839e-01 8.175323638793093872e-01 8.300833410999849393e-01 9.127063880537189533e-01 4.843994398983197947e-03 1.660656446902177841e-01 3.496831892681581122e-01 6.092225647000535371e-01 4.637471960283542360e-01 4.637656398553494652e-01 8.042593474114994034e-01 5.789022396898372280e-01 7.838853054507545215e-01 1.365022934757803563e-01 7.399382448263144285e-01 8.210601993326753778e-01 9.154875540494226138e-01 9.697037137522377392e-01 0.000000000000000000e+00 1.527960303160807998e-01 9.626941866204703491e-01 7.680358585016694439e-01 8.156079511851309638e-01
4.643242534919473918e-01 4.770298237182735157e-02 5.663643533594985291e-01 7.610164770505251086e-01 9.058366405240139141e-01 3.016030079717010315e-01 9.601810967866524216e-01 4.357192060583604531e-01 8.108124433932210051e-01 6.645034992149498887e-01 6.707505653688109470e-01 4.682584238276165101e-01 3.328415135955866688e-01 2.769274369495604571e-01 4.422331186695032113e-01 6.363923847990748950e-02 5.794271386023265302e-01 4.527446278422272430e-01 1.280294154923756755e-01 3.385986204059311389e-01 3.821208799577807680e-01 2.274699863623580454e-01 7.093130979901794975e-01 3.056003094699836220e-01 1.220395119569508413e-01 1.527960303160807998e-01 0.000000000000000000e+00 2.296552651372641973e-01 9.667755166406478695e-01 5.790096853780388741e-01
3.878349984842568432e-01 2.129225049310801143e-01 3.250608725794190690e-02 7.768115423309096546e-01 8.222418556470826312e-01 3.927576757840870458e-01 3.714195173388457061e-01 1.662572251198149997e-01 2.198665943081790086e-01 5.011377055468503317e-01 3.848399122247871951e-01 3.598327768908712310e-01 1.893626760477857829e-01 7.730459237630782354e-01 5.167331535694309474e-01 5.405044103363176866e-03 6.511553292611145238e-01 4.000329769995880635e-02 6.359634841313299702e-03 7.499494649532099100e-01 5.927573692072658496e-01 8.715440255396466052e-01 3.606028692749653208e-01 1.188829948087832822e-02 9.840028516934968827e-01 9.626941866204703491e-01 2.296552651372641973e-01 0.000000000000000000e+00 9.140156464080329002e-01 9.346136767646739951e-02
3.597459948184806855e-01 1.024053265545488145e-02 8.094798233596497417e-01 6.416319760007034301e-01 8.958846659764494458e-01 6.773794888729138819e-01 5.802262040225159012e-02 1.757570677915534230e-01 3.915476247926363840e-02 4.503929318800750092e-01 7.680817360990143117e-01 5.786253099738519756e-01 1.215511741093402431e-01 7.501229605874906170e-01 1.008332616487738198e-01 5.464656560998796264e-01 7.392438915853446479e-01 1.570618324435332225e-01 4.813131259762341019e-01 5.285714898676173723e-01 6.505174872283236986e-01 7.688104758229770130e-01 8.173944398419064061e-01 6.761926045079836856e-01 7.441013029242677934e-01 7.680358585016694439e-01 9.667755166406478695e-01 9.140156464080329002e-01 0.000000000000000000e+00 3.576457773360115500e-01
6.029055202075445097e-01 5.883948129743862276e-01 7.637051919344619577e-01 3.952116379412464742e-01 6.837821937694521512e-01 2.667346886797051786e-01 9.057417488121149995e-01 9.245257950786228696e-01 2.110347497630493674e-01 1.421151823342231557e-01 8.999961638466059677e-01 3.087378322592012614e-01 6.465190489338612512e-02 5.016139720957403236e-01 5.895949058309195578e-01 2.024333833875651134e-01 4.349967094377549248e-02 1.754869001740433365e-02 4.000741460834493779e-01 4.640246980760556195e-01 1.083027030834736726e-01 7.867280597976533674e-01 8.856768530776182313e-02 6.471347907395943455e-01 9.878998117648494226e-01 8.156079511851309638e-01 5.790096853780388741e-01 9.346136767646739951e-02 3.576457773360115500e-01 0.000000000000000000e+00
