0.000000000000000000e+00 2.511547902572732749e-01 1.136105348125426850e-02 1.040784794249849377e-01 6.679392493507352313e-02 6.749632798185819516e-01 3.225495708036358877e-01 2.400943007889184688e-01 8.923710574700794984e-01 6.094137124070950762e-01 5.567585371023205942e-01 5.257481891927721085e-01 1.116568321338266001e-01 6.007938602748907897e-01 8.299976263035530044e-01 3.696474316618157951e-01 4.354416896341334331e-01 9.236209720517979394e-01 4.230149999256407334e-01 5.648047618809624026e-01 3.803962871050587946e-01 5.700679868654879856e-01 9.075086049162081059e-01 5.347637108745685319e-01 4.977131429928151052e-01 3.628811817808323958e-01 7.244337588041229736e-01 7.775662169262167467e-01 8.958780339439187390e-01 6.444490329278729224e-01
2.511547902572732749e-01 0.000000000000000000e+00 7.963663792717331491e-01 9.671450159220810194e-01 9.400606313768931077e-01 7.441622592599905772e-01 9.964191349009213772e-01 6.650225546467835036e-01 9.722990492595706691e-02 5.700718783290703584e-03 6.935494781348615634e-01 8.810491877840944674e-01 1.010861292538368650e-01 6.573435718853192222e-01 9.692734393500360701e-01 7.411004927312863089e-01 6.562354484495995788e-01 6.426178381904045223e-01 2.574134330519155522e-01 9.462744611568770781e-01 6.175028465875292971e-01 2.365104205437548179e-01 9.727782481269470205e-01 2.479707284515445531e-01 9.946407897584746971e-01 1.669489673458924850e-01 7.057835777210463846e-01 8.219223768251583406e-01 7.210305658329340117e-01 7.696739877043815570e-01
1.136105348125426850e-02 7.963663792717331491e-01 0.000000000000000000e+00 5.510033935010031358e-01 6.294961433623584846e-01 8.310561520666115420e-03 9.473868718774522968e-01 6.900118941745650991e-01 2.619896224334262724e-01 2.570800431340698466e-01 3.272949579569717216e-01 5.099550918063436855e-01 9.554901686963318541e-01 5.615903183649765262e-01 6.229727006561884828e-01 6.149059844974340550e-01 3.929257746847637511e-01 9.199319165821818745e-01 7.084590357486144629e-01 7.734672270861950860e-01 1.921233307205605367e-02 1.888789627108030666e-01 3.351697580591056491e-01 7.247621914694912792e-01 6.590723790370776047e-01 4.504123840100606735e-01 8.574173637833659711e-01 4.020666956578468065e-01 1.484987237718472519e-01 8.980844126953070328e-01
1.040784794249849377e-01 9.671450159220810194e-01 5.510033935010031358e-01 0.000000000000000000e+00 6.637516774139844422e-01 6.742525593473109868e-01 9.520139145216355292e-01 4.302391679759067777e-01 4.181593628750664982e-01 3.547124840372051224e-02 2.135652821716028660e-01 5.768201592650169518e-01 9.851750314217490034e-01 6.065457547109969205e-01 3.879896506785852628e-01 1.303345585312442045e-01 4.142804098069985397e-01 8.954657043734344235e-01 7.933619050896214553e-01 7.550995054067549672e-01 1.015973141609737285e-01 4.317630876480842428e-01 1.738838435887531952e-01 4.044712709721451915e-01 4.526720870518924356e-01 9.236879470279667492e-01 1.336778374138509751e-01 5.159497259798891955e-01 4.543222340029633433e-01 2.265204069656695518e-01
6.679392493507352313e-02 9.400606313768931077e-01 6.294961433623584846e-01 6.637516774139844422e-01 0.000000000000000000e+00 9.322801039461345862e-01 4.962180408222598427e-01 4.113699743582941437e-01 3.303034724352990059e-01 4.872421075244016686e-01 4.058156000207453484e-01 9.596809238114908380e-01 6.762123549675002065e-01 7.379425117175857363e-01 7.534340936529858590e-01 4.924060492782584841e-01 3.836735002753982604e-01 8.874146369923251454e-01 5.822319663585358018e-01 8.867202566655947304e-01 1.344263825720021233e-01 2.590260390173584337e-01 2.798685654892274499e-06 5.263263053488034249e-01 2.250517238174007950e-01 9.315238221051156398e-01 9.376850755341037402e-02 4.602779594904520266e-01 2.423673289342178627e-01 5.122559721930968202e-01
6.749632798185819516e-01 7.441622592599905772e-01 8.310561520666115420e-03 6.742525593473109868e-01 9.322801039461345862e-01 0.000000000000000000e+00 1.271319051547193935e-01 7.951023831786185880e-02 5.077175259332108448e-01 8.512619161285317482e-01 7.680268555475198156e-01 7.779727603545673054e-01 2.548336078786870296e-01 6.430931453244584928e-01 2.629884541544225129e-01 3.020554851542783803e-01 7.896272799353537541e-01 3.641121191590728223e-01 7.694927466626182433e-01 9.772960115656168512e-01 9.447430797084933607e-01 7.719289454500111169e-01 8.587082527941020116e-01 4.140245521612138102e-01 9.748903865285378778e-01 3.889022790932680218e-01 8.391555337357902156e-01 4.089579306760606769e-01 3.142903735027157142e-01 5.272583938060949604e-01
3.225495708036358877e-01 9.964191349009213772e-01 9.473868718774522968e-01 9.520139145216355292e-01 4.962180408222598427e-01 1.271319051547193935e-01 0.000000000000000000e+00 5.382633666307192755e-01 8.050285495053016716e-01 6.223863668833050644e-01 9.913404545486534936e-01 2.639197515522709869e-01 3.509348832626246750e-02 6.177646158190249759e-01 7.904421529734266816e-01 5.403800501677681334e-01 1.659529085932429648e-01 2.421562303586579645e-01 2.575574016090553808e-01 1.408634506114331275e-01 3.264717114241127982e-01 6.388313507368394983e-01 1.252711401848694006e-01 4.206697840907233088e-01 1.258845314644362334e-01 8.394788713324441431e-03 3.708821223535644362e-01 4.983517132330251842e-01 6.507107783272171320e-01 8.150616612984813436e-01
2.400943007889184688e-01 6.650225546467835036e-01 6.900118941745650991e-01 4.302391679759067777e-01 4.113699743582941437e-01 7.951023831786185880e-02 5.382633666307192755e-01 0.000000000000000000e+00 2.197992541741057293e-01 9.018550467677954874e-01 8.621668287476152992e-01 6.854530598725661061e-01 7.897198409194567947e-01 2.139069239736826056e-01 6.950689803106198106e-01 7.430470663531463238e-01 3.540929928094999068e-01 9.592999071266553601e-01 3.159115811042614297e-01 9.549375432056956825e-01 4.494909945276330809e-01 9.860612716869154859e-02 4.999307569763044024e-01 3.819492601359650852e-01 4.099842758248772867e-02 1.119673099856910437e-01 7.244830689748722463e-01 8.359987591437533228e-01 3.699390261637504063e-01 3.303689881207170220e-01
8.923710574700794984e-01 9.722990492595706691e-02 2.619896224334262724e-01 4.181593628750664982e-01 3.303034724352990059e-01 5.077175259332108448e-01 8.050285495053016716e-01 2.197992541741057293e-01 0.000000000000000000e+00 1.440679104432023294e-01 8.448831656761982556e-01 7.850002356219890620e-01 2.114863901972177107e-01 1.235141052468352596e-01 2.878108841359434678e-01 5.588337613817073724e-02 6.462643343484749670e-01 8.430096535257662893e-01 7.185627454850179729e-01 5.065169240974787268e-01 1.703689513766729613e-01 6.774421363179294886e-01 9.139524478036762378e-01 4.420533153649783831e-01 8.850362488535519212e-01 7.666224310859156565e-01 4.688196126954464749e-01 7.536544368413622408e-02 5.768655780161592306e-01 3.648755837861953344e-01
6.094137124070950762e-01 5.700718783290703584e-03 2.570800431340698466e-01 3.547124840372051224e-02 4.872421075244016686e-01 8.512619161285317482e-01 6.223863668833050644e-01 9.018550467677954874e-01 1.440679104432023294e-01 0.000000000000000000e+00 9.436064260758890709e-01 7.733034137150663900e-01 3.341631152398542026e-01 7.564475786310153049e-01 1.954848201175063416e-02 6.368159919828600968e-01 8.563913066742966373e-01 2.416991500293225181e-01 6.344681974004034997e-01 1.744480538106196743e-01 1.331114346314189456e-01 3.504190960077024908e-01 7.661354964294917469e-01 6.976378212488645314e-01 1.660878917910841857e-01 9.756408737865748249e-01 5.076553829793913897e-01 4.814482083975610838e-01 2.749328653844230752e-01 1.974636184031124397e-01
5.567585371023205942e-01 6.935494781348615634e-01 3.272949579569717216e-01 2.135652821716028660e-01 4.058156000207453484e-01 7.680268555475198156e-01 9.913404545486534936e-01 8.621668287476152992e-01 8.448831656761982556e-01 9.436064260758890709e-01 0.000000000000000000e+00 4.598764492553442107e-01 1.089873303727260101e-01 2.182017943401692861e-02 2.249107947979653854e-01 5.004536699984447612e-01 9.238005572642361551e-01 1.817740205100525364e-01 5.174100725976582549e-02 4.182969083409570077e-01 2.970980792210846655e-01 5.810493576847082231e-01 3.177506562551606351e-01 7.696039857916744387e-01 2.416741435326194010e-01 9.007358790337706145e-01 6.387108922087103569e-02 9.384192294246902488e-01 3.553289177477529925e-01 3.491255992461634872e-01
5.257481891927721085e-01 8.810491877840944674e-01 5.099550918063436855e-01 5.768201592650169518e-01 9.596809238114908380e-01 7.779727603545673054e-01 2.639197515522709869e-01 6.854530598725661061e-01 7.850002356219890620e-01 7.733034137150663900e-01 4.598764492553442107e-01 0.000000000000000000e+00 9.356476152665900159e-01 9.601814322512759459e-01 3.177224328985412960e-01 8.596839387233626839e-01 4.403673006624868602e-01 2.904409923885326039e-01 4.075520839779682714e-01 8.679615941383458377e-01 6.051420873420003677e-01 1.894645527588622036e-01 4.332653935807005974e-01 6.044911273914321814e-01 3.695671447933677189e-01 1.754680087861533178e-01 9.725314785255168015e-01 4.776575940062899317e-01 6.014372389310385092e-02 1.213590991604220903e-01
1.116568321338266001e-01 1.010861292538368650e-01 9.554901686963318541e-01 9.851750314217490034e-01 6.762123549675002065e-01 2.548336078786870296e-01 3.509348832626246750e-02 7.897198409194567947e-01 2.114863901972177107e-01 3.341631152398542026e-01 1.089873303727260101e-01 9.356476152665900159e-01 0.000000000000000000e+00 2.915611133409996558e-01 7.321182258482133998e-01 7.654282553863079874e-01 7.070680594592997359e-01 2.714331100151734510e-02 5.758025957173895648e-03 4.062916358186606791e-01 2.330989274488645124e-01 1.001362006283790240e-02 2.610417601045127434e-01 5.851702273962645640e-01 7.895854001821701607e-01 4.966378509119186990e-01 8.278565341909468467e-01 1.197312924436969572e-01 3.866666683420233452e-01 7.006033166091372166e-01
6.007938602748907897e-01 6.573435718853192222e-01 5.615903183649765262e-01 6.065457547109969205e-01 7.379425117175857363e-01 6.430931453244584928e-01 6.177646158190249759e-01 2.139069239736826056e-01 1.235141052468352596e-01 7.564475786310153049e-01 2.182017943401692861e-02 9.601814322512759459e-01 2.915611133409996558e-01 0.000000000000000000e+00 1.311262483832179582e-01 2.808912374159000525e-02 8.710175154785915197e-02 7.096866335623450706e-01 3.784643543404536681e-01 7.100670491201434009e-01 3.531976003743997339e-02 4.164178655108206062e-01 9.747294857038700799e-01 6.325108073616803050e-02 3.971135012808928444e-01 8.279674829149160642e-01 8.920749476692113600e-01 7.684907381368161206e-01 9.507240871292882423e-01 9.275046676381777377e-01
8.299976263035530044e-01 9.692734393500360701e-01 6.229727006561884828e-01 3.879896506785852628e-01 7.534340936529858590e-01 2.629884541544225129e-01 7.904421529734266816e-01 6.950689803106198106e-01 2.878108841359434678e-01 1.954848201175063416e-02 2.249107947979653854e-01 3.177224328985412960e-01 7.321182258482133998e-01 1.311262483832179582e-01 0.000000000000000000e+00 3.972327310229428754e-02 7.112791243743806779e-01 1.632893036782548934e-01 8.935530180817002899e-01 6.965970743002776189e-01 7.078701441000477823e-01 4.208646331389177542e-01 1.586248867932990025e-01 8.101335649776580938e-01 5.583887269041217793e-01 6.445315248105648598e-01 8.829825222553946418e-01 4.497264838302779122e-01 2.354070373252725723e-02 6.394292859319616884e-01
3.696474316618157951e-01 7.411004927312863089e-01 6.149059844974340550e-01 1.303345585312442045e-01 4.924060492782584841e-01 3.020554851542783803e-01 5.403800501677681334e-01 7.430470663531463238e-01 5.588337613817073724e-02 6.368159919828600968e-01 5.004536699984447612e-01 8.596839387233626839e-01 7.654282553863079874e-01 2.808912374159000525e-02 3.972327310229428754e-02 0.000000000000000000e+00 8.049593046079138725e-01 2.666449485759820881e-01 3.342417358452496323e-01 6.023779429763010951e-01 9.242733342901529037e-01 6.173135460356959925e-01 4.510321076353607239e-02 6.027194048380501989e-02 6.635759067338449224e-01 2.728158577543039476e-01 2.012132029956428259e-01 1.369987263259495602e-01 1.393336754814028522e-01 2.301175087854956391e-02
4.354416896341334331e-01 6.562354484495995788e-01 3.929257746847637511e-01 4.142804098069985397e-01 3.836735002753982604e-01 7.896272799353537541e-01 1.659529085932429648e-01 3.540929928094999068e-01 6.462643343484749670e-01 8.563913066742966373e-01 9.238005572642361551e-01 4.403673006624868602e-01 7.070680594592997359e-01 8.710175154785915197e-02 7.112791243743806779e-01 8.049593046079138725e-01 0.000000000000000000e+00 8.372041922639618106e-01 6.365140189834270767e-01 1.596641670949757730e-01 7.694924550074911940e-01 2.773902159208173623e-01 8.813516622144601520e-01 9.780026815985404243e-01 6.039662575172889403e-01 4.704299387400934229e-02 1.402898098213778422e-01 9.728625639060197727e-01 5.560557525471775397e-01 9.699289395178722906e-02
9.236209720517979394e-01 6.426178381904045223e-01 9.199319165821818745e-01 8.954657043734344235e-01 8.874146369923251454e-01 3.641121191590728223e-01 2.421562303586579645e-01 9.592999071266553601e-01 8.430096535257662893e-01 2.416991500293225181e-01 1.817740205100525364e-01 2.904409923885326039e-01 2.714331100151734510e-02 7.096866335623450706e-01 1.632893036782548934e-01 2.666449485759820881e-01 8.372041922639618106e-01 0.000000000000000000e+00 3.137919378862532582e-01 5.764422206233983381e-01 2.889551875768332501e-01 5.801857044005034325e-01 3.225470494990084758e-01 8.798162940295336520e-01 5.776395591919403216e-01 4.975783275804922523e-01 5.099024871570156936e-02 8.195050040376388178e-01 1.172424338382545006e-01 1.619627303418265107e-01
4.230149999256407334e-01 2.574134330519155522e-01 7.084590357486144629e-01 7.933619050896214553e-01 5.822319663585358018e-01 7.694927466626182433e-01 2.575574016090553808e-01 3.159115811042614297e-01 7.185627454850179729e-01 6.344681974004034997e-01 5.174100725976582549e-02 4.075520839779682714e-01 5.758025957173895648e-03 3.784643543404536681e-01 8.935530180817002899e-01 3.342417358452496323e-01 6.365140189834270767e-01 3.137919378862532582e-01 0.000000000000000000e+00 9.117673381294307822e-01 5.571275992072109995e-01 5.431917662559918591e-01 2.216901633258355764e-01 7.748275709481975415e-01 2.821878887643054501e-01 6.304869851467765907e-01 9.016746423128518817e-02 3.573726890213240193e-01 4.368059300173935400e-01 3.665571971943716312e-01
5.648047618809624026e-01 9.462744611568770781e-01 7.734672270861950860e-01 7.550995054067549672e-01 8.867202566655947304e-01 9.772960115656168512e-01 1.408634506114331275e-01 9.549375432056956825e-01 5.065169240974787268e-01 1.744480538106196743e-01 4.182969083409570077e-01 8.679615941383458377e-01 4.062916358186606791e-01 7.100670491201434009e-01 6.965970743002776189e-01 6.023779429763010951e-01 1.596641670949757730e-01 5.764422206233983381e-01 9.117673381294307822e-01 0.000000000000000000e+00 8.645633609990830415e-01 4.571664662707642934e-01 6.608632174043416185e-02 7.606843301213396247e-01 2.791515753973342617e-01 3.672685167067268885e-01 4.806060193760715027e-01 2.404572424968292044e-01 6.646245367763851108e-01 2.319052010077059522e-01
3.803962871050587946e-01 6.175028465875292971e-01 1.921233307205605367e-02 1.015973141609737285e-01 1.344263825720021233e-01 9.447430797084933607e-01 3.264717114241127982e-01 4.494909945276330809e-01 1.703689513766729613e-01 1.331114346314189456e-01 2.970980792210846655e-01 6.051420873420003677e-01 2.330989274488645124e-01 3.531976003743997339e-02 7.078701441000477823e-01 9.242733342901529037e-01 7.694924550074911940e-01 2.889551875768332501e-01 5.571275992072109995e-01 8.645633609990830415e-01 0.000000000000000000e+00 8.854319153017986554e-01 2.718256319389963371e-01 7.758640862133326932e-01 7.094800950351654034e-01 3.987462087488680140e-01 4.459594381946411223e-01 7.364392905478408524e-01 3.902739340832762638e-01 9.941492028489783417e-01
5.700679868654879856e-01 2.365104205437548179e-01 1.888789627108030666e-01 4.317630876480842428e-01 2.590260390173584337e-01 7.719289454500111169e-01 6.388313507368394983e-01 9.860612716869154859e-02 6.774421363179294886e-01 3.504190960077024908e-01 5.810493576847082231e-01 1.894645527588622036e-01 1.001362006283790240e-02 4.164178655108206062e-01 4.208646331389177542e-01 6.173135460356959925e-01 2.773902159208173623e-01 5.801857044005034325e-01 5.431917662559918591e-01 4.571664662707642934e-01 8.854319153017986554e-01 0.000000000000000000e+00 7.917962300868390813e-01 4.684127993957969416e-01 8.481684105661305706e-01 9.548323822942131889e-01 9.572254421480922426e-01 3.055177499566608113e-01 1.709428039183331638e-01 1.531509246580342598e-01
9.075086049162081059e-01 9.727782481269470205e-01 3.351697580591056491e-01 1.738838435887531952e-01 2.798685654892274499e-06 8.587082527941020116e-01 1.252711401848694006e-01 4.999307569763044024e-01 9.139524478036762378e-01 7.661354964294917469e-01 3.177506562551606351e-01 4.332653935807005974e-01 2.610417601045127434e-01 9.747294857038700799e-01 1.586248867932990025e-01 4.510321076353607239e-02 8.813516622144601520e-01 3.225470494990084758e-01 2.216901633258355764e-01 6.608632174043416185e-02 2.718256319389963371e-01 7.917962300868390813e-01 0.000000000000000000e+00 6.918713817980080005e-01 9.067666238065379414e-01 6.259592844372328102e-01 3.680029110630093081e-01 8.031640797042058910e-01 3.037733217827098819e-02 7.470901796809419348e-01
5.347637108745685319e-01 2.479707284515445531e-01 7.247621914694912792e-01 4.044712709721451915e-01 5.263263053488034249e-01 4.140245521612138102e-01 4.206697840907233088e-01 3.819492601359650852e-01 4.420533153649783831e-01 6.976378212488645314e-01 7.696039857916744387e-01 6.044911273914321814e-01 5.851702273962645640e-01 6.325108073616803050e-02 8.101335649776580938e-01 6.027194048380501989e-02 9.780026815985404243e-01 8.798162940295336520e-01 7.748275709481975415e-01 7.606843301213396247e-01 7.758640862133326932e-01 4.684127993957969416e-01 6.918713817980080005e-01 0.000000000000000000e+00 2.710873483521863969e-01 1.897283898516229916e-01 2.589929056587456646e-01 2.951863953788581574e-01 8.448482333673426048e-01 5.765344325990150454e-01
4.977131429928151052e-01 9.946407897584746971e-01 6.590723790370776047e-01 4.526720870518924356e-01 2.250517238174007950e-01 9.748903865285378778e-01 1.258845314644362334e-01 4.099842758248772867e-02 8.850362488535519212e-01 1.660878917910841857e-01 2.416741435326194010e-01 3.695671447933677189e-01 7.895854001821701607e-01 3.971135012808928444e-01 5.583887269041217793e-01 6.635759067338449224e-01 6.039662575172889403e-01 5.776395591919403216e-01 2.821878887643054501e-01 2.791515753973342617e-01 7.094800950351654034e-01 8.481684105661305706e-01 9.067666238065379414e-01 2.710873483521863969e-01 0.000000000000000000e+00 2.489947843088800017e-01 8.547754128889277769e-01 3.428072408804877513e-01 9.257416834474702094e-01 3.805970926172458357e-01
3.628811817808323958e-01 1.669489673458924850e-01 4.504123840100606735e-01 9.236879470279667492e-01 9.315238221051156398e-01 3.889022790932680218e-01 8.394788713324441431e-03 1.119673099856910437e-01 7.666224310859156565e-01 9.756408737865748249e-01 9.007358790337706145e-01 1.754680087861533178e-01 4.966378509119186990e-01 8.279674829149160642e-01 6.445315248105648598e-01 2.728158577543039476e-01 4.704299387400934229e-02 4.975783275804922523e-01 6.304869851467765907e-01 3.672685167067268885e-01 3.987462087488680140e-01 9.548323822942131889e-01 6.259592844372328102e-01 1.897283898516229916e-01 2.489947843088800017e-01 0.000000000000000000e+00 8.081417664012549018e-01 4.538860689766550660e-01 9.887059631316708064e-02 3.908320680868557773e-01
7.244337588041229736e-01 7.057835777210463846e-01 8.574173637833659711e-01 1.336778374138509751e-01 9.376850755341037402e-02 8.391555337357902156e-01 3.708821223535644362e-01 7.244830689748722463e-01 4.688196126954464749e-01 5.076553829793913897e-01 6.387108922087103569e-02 9.725314785255168015e-01 8.278565341909468467e-01 8.920749476692113600e-01 8.829825222553946418e-01 2.012132029956428259e-01 1.402898098213778422e-01 5.099024871570156936e-02 9.016746423128518817e-02 4.806060193760715027e-01 4.459594381946411223e-01 9.572254421480922426e-01 3.680029110630093081e-01 2.589929056587456646e-01 8.547754128889277769e-01 8.081417664012549018e-01 0.000000000000000000e+00 9.353165425499134766e-01 2.025958617079707258e-01 6.004606090572432997e-01
7.775662169262167467e-01 8.219223768251583406e-01 4.020666956578468065e-01 5.159497259798891955e-01 4.602779594904520266e-01 4.089579306760606769e-01 4.983517132330251842e-01 8.359987591437533228e-01 7.536544368413622408e-02 4.814482083975610838e-01 9.384192294246902488e-01 4.776575940062899317e-01 1.197312924436969572e-01 7.684907381368161206e-01 4.497264838302779122e-01 1.369987263259495602e-01 9.728625639060197727e-01 8.195050040376388178e-01 3.573726890213240193e-01 2.404572424968292044e-01 7.364392905478408524e-01 3.055177499566608113e-01 8.031640797042058910e-01 2.951863953788581574e-01 3.428072408804877513e-01 4.538860689766550660e-01 9.353165425499134766e-01 0.000000000000000000e+00 9.903345922435505821e-01 9.048786111995673620e-01
8.958780339439187390e-01 7.210305658329340117e-01 1.484987237718472519e-01 4.543222340029633433e-01 2.423673289342178627e-01 3.142903735027157142e-01 6.507107783272171320e-01 3.699390261637504063e-01 5.768655780161592306e-01 2.749328653844230752e-01 3.553289177477529925e-01 6.014372389310385092e-02 3.866666683420233452e-01 9.507240871292882423e-01 2.354070373252725723e-02 1.393336754814028522e-01 5.560557525471775397e-01 1.172424338382545006e-01 4.368059300173935400e-01 6.646245367763851108e-01 3.902739340832762638e-01 1.709428039183331638e-01 3.037733217827098819e-02 8.448482333673426048e-01 9.257416834474702094e-01 9.887059631316708064e-02 2.025958617079707258e-01 9.903345922435505821e-01 0.000000000000000000e+00 8.183561065221377495e-01
6.444490329278729224e-01 7.696739877043815570e-01 8.980844126953070328e-01 2.265204069656695518e-01 5.122559721930968202e-01 5.272583938060949604e-01 8.150616612984813436e-01 3.303689881207170220e-01 3.648755837861953344e-01 1.974636184031124397e-01 3.491255992461634872e-01 1.213590991604220903e-01 7.006033166091372166e-01 9.275046676381777377e-01 6.394292859319616884e-01 2.301175087854956391e-02 9.699289395178722906e-02 1.619627303418265107e-01 3.665571971943716312e-01 2.319052010077059522e-01 9.941492028489783417e-01 1.531509246580342598e-01 7.470901796809419348e-01 5.765344325990150454e-01 3.805970926172458357e-01 3.908320680868557773e-01 6.004606090572432997e-01 9.048786111995673620e-01 8.183561065221377495e-01 0.000000000000000000e+00
