0.000000000000000000e+00 2.768102778626082561e-01 5.334590806688069842e-01 6.957932648948720322e-01 4.230105324007343848e-01 4.530898643173920659e-01 3.344691800254252501e-01 6.526617135224230815e-01 3.073496490160373407e-01 9.851201738102549621e-01 9.754111881700243680e-01 4.665961472640272056e-01 7.468038642901358992e-01 6.023083758430201051e-01 3.976293675654821724e-01 8.454021762307128984e-01 3.002945692371674635e-01 8.231557989567926947e-01 8.170476141254788827e-01 2.077452444617011729e-01 8.554256088554106352e-01 4.939887947271869306e-01 9.869220358201667986e-01 9.036292309153576285e-01 8.857956105778305167e-01 1.484338824412747559e-01 5.048855387699571207e-01 4.636922423350721134e-01 1.756850734105163125e-01 4.582157072045461854e-01
2.768102778626082561e-01 0.000000000000000000e+00 5.953004946347640880e-01 4.738658905018404699e-01 4.383624025723693585e-01 1.284828842863903198e-01 3.604348129628293096e-01 6.600572139712712616e-02 2.936396411894403036e-01 5.605112398601717061e-01 6.646260208346310705e-01 1.350118747470179237e-01 7.665372653799574776e-01 9.963317267128001253e-01 9.427983420813712545e-02 9.224375267025742842e-01 8.253684274408544796e-01 5.926739022475504548e-01 8.252037180386859738e-01 6.355233489457855489e-01 6.709117902676708933e-02 5.905254952919648526e-01 3.408432190994648003e-02 2.056997017695089136e-01 1.634213823748232874e-01 5.894540663475410502e-01 7.259911299428170040e-01 4.632187863179636489e-01 3.634638945302665070e-01 9.700390049425752226e-01
5.334590806688069842e-01 5.953004946347640880e-01 0.000000000000000000e+00 8.563918503500986823e-01 5.329102940019291301e-01 1.751948607322373341e-02 4.980982457953471165e-01 2.896075377803167816e-01 6.448961121596130663e-02 4.853906389462372406e-01 2.144792675097959567e-01 4.076372744467970932e-02 4.605759381144900466e-01 1.654308978104601646e-01 3.732127827358704408e-01 8.202059968839694459e-01 7.145087907182905429e-01 6.124465351195973462e-02 1.741488636566802528e-01 4.453463292375032800e-01 4.006200289340067222e-02 1.778296653610114131e-01 6.045255376085245658e-02 7.382633465542549622e-01 9.809227557065769432e-01 5.034724383160623651e-01 6.639713230074351102e-02 7.420921537926806755e-01 1.862914373141815183e-01 5.153883078223688852e-01
6.957932648948720322e-01 4.738658905018404699e-01 8.563918503500986823e-01 0.000000000000000000e+00 3.640334228344991319e-01 9.922167230445609887e-01 6.997337633404080437e-01 8.216478707184187158e-01 6.032128416468701682e-01 6.344069365387309256e-01 5.127726208945299069e-01 3.045381422375659231e-01 1.250735636420838848e-01 3.959405323609302974e-01 6.979533181722858970e-01 1.105978663931233008e-01 7.518318397812111531e-01 7.853994029461224269e-01 5.552505251256143470e-01 2.579388157473869736e-01 1.897288706762827459e-01 8.935577422787119861e-01 5.418211835443021984e-01 6.516952512432589995e-01 5.453832384062318184e-02 3.608279096903023175e-01 1.715073991382097818e-01 8.494943055066507265e-01 8.299906095132039141e-01 4.740484066617537406e-01
4.230105324007343848e-01 4.383624025723693585e-01 5.329102940019291301e-01 3.640334228344991319e-01 0.000000000000000000e+00 7.261922166248959698e-01 2.290171407243561941e-01 6.201409639427251097e-01 1.716581250267537051e-01 8.798146618963867960e-01 1.612951027700264550e-01 8.001069416108885779e-02 2.623123517926403414e-01 6.604952579355450881e-01 3.470198269289195281e-01 3.686760856379173168e-01 1.511917160090991974e-02 8.087393555968516168e-01 9.002207293706805391e-01 7.227944991811500186e-01 7.586829768078974245e-01 8.399359213025936466e-01 2.887804479069395747e-01 4.169676241682096496e-01 4.965107026036096327e-01 8.822877784953628844e-01 5.147443572122226696e-01 7.831542069041719234e-02 1.731556475974956877e-01 5.202826669050408803e-01
4.530898643173920659e-01 1.284828842863903198e-01 1.751948607322373341e-02 9.922167230445609887e-01 7.261922166248959698e-01 0.000000000000000000e+00 5.706834806206189104e-01 2.902780101961870418e-01 9.925865867998397984e-01 5.724279861669547831e-01 5.630378736538413920e-01 4.147762942849632095e-01 5.825942969492049484e-01 1.521652708231902018e-03 2.581589466344291761e-01 9.885343282447478508e-01 8.061277901795232959e-01 6.734379884298328234e-01 6.815199842852657230e-01 5.811496465437698822e-01 4.950183144748131481e-01 1.177325765825565362e-02 1.080250495586644321e-01 5.673674941283255446e-01 8.053663945800985102e-01 5.756945218384292851e-01 2.771261315856781149e-01 8.384157080360256087e-01 6.812590841451375834e-01 5.392087355670576176e-01
3.344691800254252501e-01 3.604348129628293096e-01 4.980982457953471165e-01 6.997337633404080437e-01 2.290171407243561941e-01 5.706834806206189104e-01 0.000000000000000000e+00 3.273105517864298708e-01 5.979588757831003631e-01 9.362395269672535436e-01 5.347264302918250944e-01 7.571556316344225657e-01 3.658254278123352909e-01 1.155301267807318233e-02 1.590792689301627760e-01 9.521604270203468667e-01 2.232656203740841505e-01 4.132273955792138409e-01 4.713493275310292052e-01 6.464691231463313148e-01 2.588180106806136083e-01 8.033682019843643163e-01 8.933161186818083799e-03 2.528288824085742625e-01 5.434705490634971214e-01 8.494958160504826328e-01 2.839337062443417770e-01 1.302236666714813307e-01 8.575114548462179354e-01 9.436114840395544157e-01
6.526617135224230815e-01 6.600572139712712616e-02 2.896075377803167816e-01 8.216478707184187158e-01 6.201409639427251097e-01 2.902780101961870418e-01 3.273105517864298708e-01 0.000000000000000000e+00 4.184012650872249717e-01 6.388841060001437810e-02 3.288785518900203542e-01 5.970479490613579410e-01 3.384950070408893064e-01 5.998153770734301338e-01 1.292340515822036906e-01 2.539429881167067915e-01 9.472990512270047514e-01 6.193218895845495897e-01 6.222447966112467643e-01 5.465827325228636013e-01 7.362171585725019174e-02 8.397449575259224863e-01 3.841627064349659726e-01 3.411363155397062474e-01 3.528609266488315077e-01 3.215242982122568094e-01 3.685426702082930106e-01 9.355017319062018943e-01 7.559608891211133663e-02 9.591285925688446401e-01
3.073496490160373407e-01 2.936396411894403036e-01 6.448961121596130663e-02 6.032128416468701682e-01 1.716581250267537051e-01 9.925865867998397984e-01 5.979588757831003631e-01 4.184012650872249717e-01 0.000000000000000000e+00 5.644880519403847607e-01 3.508107993883827769e-01 4.150938798186496470e-01 1.992828605611463022e-01 4.052597060820318786e-01 7.233121767617005649e-01 9.571715482268918773e-01 1.198585416152656569e-01 6.037649641300978365e-01 5.602783636729836703e-01 8.420891103958572099e-02 9.487561539050636261e-01 7.037035528416454300e-01 4.786615703352925522e-02 5.995758566135699352e-01 5.662714943374163035e-01 4.299410026373163829e-01 1.535277416908847892e-01 2.998292790676901909e-01 1.824375076861812772e-01 2.637712634167596049e-01
9.851201738102549621e-01 5.605112398601717061e-01 4.853906389462372406e-01 6.344069365387309256e-01 8.798146618963867960e-01 5.724279861669547831e-01 9.362395269672535436e-01 6.388841060001437810e-02 5.644880519403847607e-01 0.000000000000000000e+00 1.821453908863417404e-01 1.755775321073571593e-02 4.616344491524507765e-01 7.584050926060518227e-01 5.880786271505075158e-01 5.777982032716162397e-01 1.689717671902949414e-01 2.930258929673642543e-01 5.300201360511430648e-01 7.623252880958004685e-01 9.290344522020754781e-02 1.935196458509157447e-01 1.412827835857736192e-01 1.867381651458480674e-01 3.369929117740370073e-01 9.020667876265551222e-01 9.405683291879316510e-01 1.553952423306304009e-01 1.769934532040334796e-01 1.921911107131495378e-01
9.754111881700243680e-01 6.646260208346310705e-01 2.144792675097959567e-01 5.127726208945299069e-01 1.612951027700264550e-01 5.630378736538413920e-01 5.347264302918250944e-01 3.288785518900203542e-01 3.508107993883827769e-01 1.821453908863417404e-01 0.000000000000000000e+00 4.631282421794655768e-01 2.995662998417198963e-01 4.478901186952555236e-01 1.828467135418253564e-01 2.781952422962045146e-01 4.663432389061709094e-01 4.289647481669554008e-01 3.126842950028644319e-01 6.192342819002766285e-01 1.434628212854660578e-01 2.773970989003855525e-01 2.358834822857004410e-01 6.272164654958807262e-01 6.837888359664131555e-01 5.554832379794816255e-02 4.687212260877380299e-01 7.272924162272464965e-02 5.495860416460360831e-01 1.299263383327364796e-02
4.665961472640272056e-01 1.350118747470179237e-01 4.076372744467970932e-02 3.045381422375659231e-01 8.001069416108885779e-02 4.147762942849632095e-01 7.571556316344225657e-01 5.970479490613579410e-01 4.150938798186496470e-01 1.755775321073571593e-02 4.631282421794655768e-01 0.000000000000000000e+00 9.072251632195078574e-01 1.787134865071745571e-01 9.768443875946066779e-01 2.892322167354066664e-01 3.342468772005325883e-01 5.642130455491995988e-01 7.198943123265043598e-01 7.307647303612052614e-01 8.170729998735843935e-01 9.549872188292702901e-01 6.201107712989751830e-01 7.125189570146636120e-01 7.335444753914566185e-03 4.355857189301622912e-01 3.559899632965748406e-01 8.203539134807372735e-01 1.014335780897565042e-01 9.499208918202406426e-02
7.468038642901358992e-01 7.665372653799574776e-01 4.605759381144900466e-01 1.250735636420838848e-01 2.623123517926403414e-01 5.825942969492049484e-01 3.658254278123352909e-01 3.384950070408893064e-01 1.992828605611463022e-01 4.616344491524507765e-01 2.995662998417198963e-01 9.072251632195078574e-01 0.000000000000000000e+00 7.965878686025460453e-01 1.493781460163171593e-01 6.953722675009037513e-01 3.032239452168141725e-01 4.716974468335135562e-01 8.542186587290324651e-01 3.837235286735133366e-01 2.726601850489693835e-01 1.870131271636715775e-01 2.855025914262887543e-01 2.627828509973785254e-01 2.259882617068917909e-01 9.274068534298778310e-01 1.181523708751689439e-01 9.299495736026519577e-01 2.992760497576330003e-02 9.239072997930725117e-01
6.023083758430201051e-01 9.963317267128001253e-01 1.654308978104601646e-01 3.959405323609302974e-01 6.604952579355450881e-01 1.521652708231902018e-03 1.155301267807318233e-02 5.998153770734301338e-01 4.052597060820318786e-01 7.584050926060518227e-01 4.478901186952555236e-01 1.787134865071745571e-01 7.965878686025460453e-01 0.000000000000000000e+00 8.766751392127331011e-01 5.011112898806455718e-01 7.476683028756684335e-01 6.976406598655723323e-01 3.149152173675875410e-01 5.968620802865720609e-01 2.240134458661428019e-01 9.946347500550875020e-01 6.897511235880244840e-01 8.747115830255823843e-01 5.470220514454754435e-01 8.665331061127311552e-01 8.799211094020115143e-01 8.697858156964943799e-02 7.979718640625330650e-01 9.513944212831842995e-01
3.976293675654821724e-01 9.427983420813712545e-02 3.732127827358704408e-01 6.979533181722858970e-01 3.470198269289195281e-01 2.581589466344291761e-01 1.590792689301627760e-01 1.292340515822036906e-01 7.233121767617005649e-01 5.880786271505075158e-01 1.828467135418253564e-01 9.768443875946066779e-01 1.493781460163171593e-01 8.766751392127331011e-01 0.000000000000000000e+00 5.165158507556425471e-01 7.021019831687902446e-01 8.201319255100861794e-01 5.459277599738149300e-01 1.951542649988766698e-01 1.297451977991460614e-01 2.907294583163114732e-01 3.571241551586624707e-01 8.677042660334685076e-01 9.020119547480620614e-02 6.026932140062721821e-01 9.943648461606610089e-01 4.449827087743656318e-01 9.506235729306156124e-01 5.466667302125904904e-01
8.454021762307128984e-01 9.224375267025742842e-01 8.202059968839694459e-01 1.105978663931233008e-01 3.686760856379173168e-01 9.885343282447478508e-01 9.521604270203468667e-01 2.539429881167067915e-01 9.571715482268918773e-01 5.777982032716162397e-01 2.781952422962045146e-01 2.892322167354066664e-01 6.953722675009037513e-01 5.011112898806455718e-01 5.165158507556425471e-01 0.000000000000000000e+00 6.363488645897992235e-01 9.767783559799516624e-01 4.729656904558885433e-01 7.772426949588401301e-01 8.826565813632084589e-01 8.293646576729034603e-01 8.635614495667257584e-01 4.915941109808363851e-01 7.797218807979000577e-02 9.438687325459327315e-02 1.386044088041764599e-01 6.166612299590858992e-01 7.316530902977437245e-01 4.894897767143984169e-01
3.002945692371674635e-01 8.253684274408544796e-01 7.145087907182905429e-01 7.518318397812111531e-01 1.511917160090991974e-02 8.061277901795232959e-01 2.232656203740841505e-01 9.472990512270047514e-01 1.198585416152656569e-01 1.689717671902949414e-01 4.663432389061709094e-01 3.342468772005325883e-01 3.032239452168141725e-01 7.476683028756684335e-01 7.021019831687902446e-01 6.363488645897992235e-01 0.000000000000000000e+00 1.447889536369961760e-01 4.515304609923703749e-01 9.090340411549368005e-01 2.821039700342968803e-01 3.562572747155520192e-01 3.572908027978638490e-02 8.625949587666438267e-01 1.375607175259874193e-01 4.327711902976689728e-01 3.142814692508649754e-01 3.296821058615061473e-01 9.996085446559396237e-01 7.387363326736957614e-01
8.231557989567926947e-01 5.926739022475504548e-01 6.124465351195973462e-02 7.853994029461224269e-01 8.087393555968516168e-01 6.734379884298328234e-01 4.132273955792138409e-01 6.193218895845495897e-01 6.037649641300978365e-01 2.930258929673642543e-01 4.289647481669554008e-01 5.642130455491995988e-01 4.716974468335135562e-01 6.976406598655723323e-01 8.201319255100861794e-01 9.767783559799516624e-01 1.447889536369961760e-01 0.000000000000000000e+00 1.395958170285264144e-01 9.292707162713991220e-01 6.773434600814606243e-01 8.786522781658546721e-01 3.265280592446705432e-01 9.398513462354978198e-01 3.096990835180003510e-01 7.915817902551415264e-01 5.414413769430438395e-01 6.101946675634284389e-01 9.381155537787141396e-01 4.841249080396128335e-01
8.170476141254788827e-01 8.252037180386859738e-01 1.741488636566802528e-01 5.552505251256143470e-01 9.002207293706805391e-01 6.815199842852657230e-01 4.713493275310292052e-01 6.222447966112467643e-01 5.602783636729836703e-01 5.300201360511430648e-01 3.126842950028644319e-01 7.198943123265043598e-01 8.542186587290324651e-01 3.149152173675875410e-01 5.459277599738149300e-01 4.729656904558885433e-01 4.515304609923703749e-01 1.395958170285264144e-01 0.000000000000000000e+00 4.156884326950108788e-01 5.422686366213878006e-01 1.878681932480547045e-01 3.617455130785812711e-01 3.958620867197668591e-01 3.100248130929161849e-02 1.438474683165168466e-01 4.282135054748994474e-01 2.261651167258855732e-01 3.581232749875553623e-01 8.421005842436291022e-01
2.077452444617011729e-01 6.355233489457855489e-01 4.453463292375032800e-01 2.579388157473869736e-01 7.227944991811500186e-01 5.811496465437698822e-01 6.464691231463313148e-01 5.465827325228636013e-01 8.420891103958572099e-02 7.623252880958004685e-01 6.192342819002766285e-01 7.307647303612052614e-01 3.837235286735133366e-01 5.968620802865720609e-01 1.951542649988766698e-01 7.772426949588401301e-01 9.090340411549368005e-01 9.292707162713991220e-01 4.156884326950108788e-01 0.000000000000000000e+00 8.322771581572172561e-01 1.905542346639003126e-01 2.929846155689392884e-01 2.874207614668967681e-01 4.300791169164320804e-01 1.015461334082089495e-01 7.004569429617517606e-01 3.506101801674024188e-01 7.904277380871672642e-01 5.080211916179917520e-01
8.554256088554106352e-01 6.709117902676708933e-02 4.006200289340067222e-02 1.897288706762827459e-01 7.586829768078974245e-01 4.950183144748131481e-01 2.588180106806136083e-01 7.362171585725019174e-02 9.487561539050636261e-01 9.290344522020754781e-02 1.434628212854660578e-01 8.170729998735843935e-01 2.726601850489693835e-01 2.240134458661428019e-01 1.297451977991460614e-01 8.826565813632084589e-01 2.821039700342968803e-01 6.773434600814606243e-01 5.422686366213878006e-01 8.322771581572172561e-01 0.000000000000000000e+00 3.559160055551535695e-01 8.750739633566931852e-01 9.598997796171053754e-01 7.174925649684495976e-01 9.952358057539817393e-01 4.412043148373056001e-01 1.465292354590531643e-01 5.696249092768297384e-01 5.738048829540989271e-01
4.939887947271869306e-01 5.905254952919648526e-01 1.778296653610114131e-01 8.935577422787119861e-01 8.399359213025936466e-01 1.177325765825565362e-02 8.033682019843643163e-01 8.397449575259224863e-01 7.037035528416454300e-01 1.935196458509157447e-01 2.773970989003855525e-01 9.549872188292702901e-01 1.870131271636715775e-01 9.946347500550875020e-01 2.907294583163114732e-01 8.293646576729034603e-01 3.562572747155520192e-01 8.786522781658546721e-01 1.878681932480547045e-01 1.905542346639003126e-01 3.559160055551535695e-01 0.000000000000000000e+00 8.235812116299235930e-01 2.418352862989544549e-01 5.222291925326304485e-01 7.349035451106483707e-01 8.099357389037173949e-01 3.957956497330730183e-01 2.485312616366643912e-01 8.901464310924874779e-01
9.869220358201667986e-01 3.408432190994648003e-02 6.045255376085245658e-02 5.418211835443021984e-01 2.887804479069395747e-01 1.080250495586644321e-01 8.933161186818083799e-03 3.841627064349659726e-01 4.786615703352925522e-02 1.412827835857736192e-01 2.358834822857004410e-01 6.201107712989751830e-01 2.855025914262887543e-01 6.897511235880244840e-01 3.571241551586624707e-01 8.635614495667257584e-01 3.572908027978638490e-02 3.265280592446705432e-01 3.617455130785812711e-01 2.929846155689392884e-01 8.750739633566931852e-01 8.235812116299235930e-01 0.000000000000000000e+00 7.136198374143098988e-01 2.875782490283572690e-01 9.998408918784420507e-01 1.655531227240722991e-01 9.835930405779903518e-01 8.574091353494015522e-01 5.308152870854370153e-01
9.036292309153576285e-01 2.056997017695089136e-01 7.382633465542549622e-01 6.516952512432589995e-01 4.169676241682096496e-01 5.673674941283255446e-01 2.528288824085742625e-01 3.411363155397062474e-01 5.995758566135699352e-01 1.867381651458480674e-01 6.272164654958807262e-01 7.125189570146636120e-01 2.627828509973785254e-01 8.747115830255823843e-01 8.677042660334685076e-01 4.915941109808363851e-01 8.625949587666438267e-01 9.398513462354978198e-01 3.958620867197668591e-01 2.874207614668967681e-01 9.598997796171053754e-01 2.418352862989544549e-01 7.136198374143098988e-01 0.000000000000000000e+00 4.979594981181081348e-01 6.246067180053749279e-02 5.170355915369087008e-01 1.603827626201623779e-01 1.343493022170394458e-02 2.585526108722172589e-01
8.857956105778305167e-01 1.634213823748232874e-01 9.809227557065769432e-01 5.453832384062318184e-02 4.965107026036096327e-01 8.053663945800985102e-01 5.434705490634971214e-01 3.528609266488315077e-01 5.662714943374163035e-01 3.369929117740370073e-01 6.837888359664131555e-01 7.335444753914566185e-03 2.259882617068917909e-01 5.470220514454754435e-01 9.020119547480620614e-02 7.797218807979000577e-02 1.375607175259874193e-01 3.096990835180003510e-01 3.100248130929161849e-02 4.300791169164320804e-01 7.174925649684495976e-01 5.222291925326304485e-01 2.875782490283572690e-01 4.979594981181081348e-01 0.000000000000000000e+00 1.078584898053099872e-01 9.068923902912694457e-01 2.272375027614977894e-01 3.174936311947762491e-03 4.061359357029590278e-01
1.484338824412747559e-01 5.894540663475410502e-01 5.034724383160623651e-01 3.608279096903023175e-01 8.822877784953628844e-01 5.756945218384292851e-01 8.494958160504826328e-01 3.215242982122568094e-01 4.299410026373163829e-01 9.020667876265551222e-01 5.554832379794816255e-02 4.355857189301622912e-01 9.274068534298778310e-01 8.665331061127311552e-01 6.026932140062721821e-01 9.438687325459327315e-02 4.327711902976689728e-01 7.915817902551415264e-01 1.438474683165168466e-01 1.015461334082089495e-01 9.952358057539817393e-01 7.349035451106483707e-01 9.998408918784420507e-01 6.246067180053749279e-02 1.078584898053099872e-01 0.000000000000000000e+00 1.449736355938986421e-01 1.102660989538313263e-01 8.752083491477943289e-01 5.147658619138033576e-01
5.048855387699571207e-01 7.259911299428170040e-01 6.639713230074351102e-02 1.715073991382097818e-01 5.147443572122226696e-01 2.771261315856781149e-01 2.839337062443417770e-01 3.685426702082930106e-01 1.535277416908847892e-01 9.405683291879316510e-01 4.687212260877380299e-01 3.559899632965748406e-01 1.181523708751689439e-01 8.799211094020115143e-01 9.943648461606610089e-01 1.386044088041764599e-01 3.142814692508649754e-01 5.414413769430438395e-01 4.282135054748994474e-01 7.004569429617517606e-01 4.412043148373056001e-01 8.099357389037173949e-01 1.655531227240722991e-01 5.170355915369087008e-01 9.068923902912694457e-01 1.449736355938986421e-01 0.000000000000000000e+00 6.629390477044659891e-01 5.364528339407970137e-01 2.113460550918686565e-01
4.636922423350721134e-01 4.632187863179636489e-01 7.420921537926806755e-01 8.494943055066507265e-01 7.831542069041719234e-02 8.384157080360256087e-01 1.302236666714813307e-01 9.355017319062018943e-01 2.998292790676901909e-01 1.553952423306304009e-01 7.272924162272464965e-02 8.203539134807372735e-01 9.299495736026519577e-01 8.697858156964943799e-02 4.449827087743656318e-01 6.166612299590858992e-01 3.296821058615061473e-01 6.101946675634284389e-01 2.261651167258855732e-01 3.506101801674024188e-01 1.465292354590531643e-01 3.957956497330730183e-01 9.835930405779903518e-01 1.603827626201623779e-01 2.272375027614977894e-01 1.102660989538313263e-01 6.629390477044659891e-01 0.000000000000000000e+00 1.284156774644016341e-01 9.983789832506028139e-01
1.756850734105163125e-01 3.634638945302665070e-01 1.862914373141815183e-01 8.299906095132039141e-01 1.731556475974956877e-01 6.812590841451375834e-01 8.575114548462179354e-01 7.559608891211133663e-02 1.824375076861812772e-01 1.769934532040334796e-01 5.495860416460360831e-01 1.014335780897565042e-01 2.992760497576330003e-02 7.979718640625330650e-01 9.506235729306156124e-01 7.316530902977437245e-01 9.996085446559396237e-01 9.381155537787141396e-01 3.581232749875553623e-01 7.904277380871672642e-01 5.696249092768297384e-01 2.485312616366643912e-01 8.574091353494015522e-01 1.343493022170394458e-02 3.174936311947762491e-03 8.752083491477943289e-01 5.364528339407970137e-01 1.284156774644016341e-01 0.000000000000000000e+00 4.299593252022879675e-01
4.582157072045461854e-01 9.700390049425752226e-01 5.153883078223688852e-01 4.740484066617537406e-01 5.202826669050408803e-01 5.392087355670576176e-01 9.436114840395544157e-01 9.591285925688446401e-01 2.637712634167596049e-01 1.921911107131495378e-01 1.299263383327364796e-02 9.499208918202406426e-02 9.239072997930725117e-01 9.513944212831842995e-01 5.466667302125904904e-01 4.894897767143984169e-01 7.387363326736957614e-01 4.841249080396128335e-01 8.421005842436291022e-01 5.080211916179917520e-01 5.738048829540989271e-01 8.901464310924874779e-01 5.308152870854370153e-01 2.585526108722172589e-01 4.061359357029590278e-01 5.147658619138033576e-01 2.113460550918686565e-01 9.983789832506028139e-01 4.299593252022879675e-01 0.000000000000000000e+00
