0.000000000000000000e+00 8.725618890020280238e-01 3.421023260352440420e-01 1.725655140074265903e-01 5.816557418610444063e-01 7.028465671515174984e-01 9.670926980528621320e-01 4.964331663748509094e-01 7.257039634209426771e-01 9.542206976126129669e-01 4.022692785616288624e-02 3.364792830284545344e-01 7.711267977329109291e-01 6.034886532956769134e-01 2.460525795467997101e-01 1.073822546716929338e-01 4.732286653147971256e-01 1.470348115663371313e-01 2.244832994896658329e-01 6.306612229215615706e-01 7.271341240246067539e-01 2.878617560996710179e-02 2.258142737151902502e-02 7.671027545960501515e-01 6.526309538201755522e-01 6.812432838639008725e-01 8.851994903129822845e-01 8.368329816532349419e-03 6.755061933952186681e-01 7.249481130662497330e-01
8.725618890020280238e-01 0.000000000000000000e+00 6.408183185192576348e-01 5.886950890971451855e-01 9.453510009499616062e-01 4.679763952632143287e-02 7.302392009365185066e-01 6.083805665245581862e-01 6.386814325307395013e-01 4.224999707134666771e-01 7.440539572716887706e-01 3.806902003165724135e-01 9.364893430181087108e-01 1.466415874072984904e-01 5.178296017274031104e-02 5.158977179012649295e-01 6.690576760446609317e-02 9.302922410841563128e-01 6.311130859882030375e-02 5.047456365515063936e-01 5.556241831085373395e-02 2.218149321592753909e-01 6.452304644933406497e-01 5.409496893826092334e-01 9.786227393233465355e-01 9.027976202647227666e-01 2.521519775720767464e-01 9.948536738530906476e-01 5.701923199536695908e-02 4.331573193180543457e-01
3.421023260352440420e-01 6.408183185192576348e-01 0.000000000000000000e+00 8.240525575946877623e-01 8.456606752094105728e-01 4.756398849632494930e-01 1.584372215204229439e-01 6.225506743603979043e-01 5.681672013227291318e-01 1.527082747727612766e-01 3.819795177166037670e-01 5.025493306852573117e-01 1.813702895362847567e-01 8.574694661623860625e-04 1.042565167439336582e-01 1.071770445516724291e-01 9.082516919817306134e-01 6.190833259545653888e-01 2.127940250581673576e-01 4.956727846281707706e-01 2.840943535459025115e-01 9.833536622285132811e-01 7.460263642473374812e-01 7.663597335377420050e-01 7.701647246411431613e-01 7.373826366922264786e-01 8.892480458837692670e-02 2.631917290949777888e-01 4.115562628087341412e-01 7.340170323673844699e-02
1.725655140074265903e-01 5.886950890971451855e-01 8.240525575946877623e-01 0.000000000000000000e+00 7.255128171211469024e-01 8.479651751748320532e-01 9.281972891370796619e-01 2.872972774051112399e-01 4.373430453735520640e-01 1.263049105368940772e-02 2.981724129328927608e-01 9.472671046423348784e-01 5.286950234222542733e-02 5.012149321123856582e-01 7.264000034492179569e-02 6.429784871620650710e-01 7.657984107503124083e-02 4.429805992714850316e-01 8.495288960229622210e-01 6.331479667983732629e-01 5.663691275310792639e-01 3.357301992364358778e-01 6.392885009344188019e-01 4.139992516174938464e-01 8.015608937486584651e-01 5.461739628092499022e-02 5.027407912672238188e-01 8.430979894790570084e-01 9.922643694471653397e-01 7.083364201338334665e-01
5.816557418610444063e-01 9.453510009499616062e-01 8.456606752094105728e-01 7.255128171211469024e-01 0.000000000000000000e+00 8.010527283361863482e-01 4.412965023995284453e-01 5.237230781343957808e-01 7.142279767486088282e-01 6.909661924934644706e-01 5.314305997143762283e-01 6.333776617587664193e-01 9.684625793986872955e-01 6.511666907091095968e-02 2.167954771989085705e-01 2.072632742368050174e-01 1.126282029777152527e-01 7.960740516345304885e-01 8.192431647739034650e-01 7.999580236485409612e-01 1.761801019761708442e-01 4.124766762108575957e-01 1.953127743547432571e-01 6.579506820025493585e-02 1.665641286169943225e-01 5.778876169433768695e-01 4.328100145334419224e-01 4.678897404014529249e-01 7.770725790733110649e-01 5.651170429372626147e-01
7.028465671515174984e-01 4.679763952632143287e-02 4.756398849632494930e-01 8.479651751748320532e-01 8.010527283361863482e-01 0.000000000000000000e+00 7.641634910409120796e-01 6.546330750202075111e-01 6.919146356151182342e-01 6.327036812419687406e-01 8.180722427678234210e-01 1.698426338067747787e-01 8.569080053630379057e-01 9.166557749294043100e-01 6.014839760364466548e-01 3.152793291859189440e-01 2.176013690079160456e-01 4.299989776326039737e-01 2.943645542175018504e-01 6.653155605671682293e-01 1.167072486005509280e-01 4.115970638728890796e-01 9.151065461344356500e-01 9.922004215826296658e-02 8.408766638714383346e-01 7.854473501720649065e-01 1.917561880292529830e-01 7.362859526832643553e-01 2.022218612478051680e-01 5.383475918174934760e-01
9.670926980528621320e-01 7.302392009365185066e-01 1.584372215204229439e-01 9.281972891370796619e-01 4.412965023995284453e-01 7.641634910409120796e-01 0.000000000000000000e+00 3.094844793456330567e-02 3.574763959447956330e-01 3.211394212396272430e-01 5.125751349265406098e-02 9.051444918729367739e-01 3.883024163159629616e-01 9.705617998046068839e-01 5.879065972150844255e-01 7.181721514280754448e-01 7.738123266642479292e-01 3.032745155462288622e-01 2.119262387931079017e-01 1.730697538003248548e-01 9.320656788918261215e-01 7.179604776946667544e-01 9.972797030810420793e-02 7.769823721365758384e-01 7.953254290229577750e-01 5.449032424505867445e-01 2.444067170115878929e-01 8.723877262388162190e-01 7.469577079022521326e-01 3.610267331451814110e-01
4.964331663748509094e-01 6.083805665245581862e-01 6.225506743603979043e-01 2.872972774051112399e-01 5.237230781343957808e-01 6.546330750202075111e-01 3.094844793456330567e-02 0.000000000000000000e+00 5.756810513947238084e-01 3.218122411335271327e-01 6.516229279556531306e-01 3.584794477928443523e-01 6.927191496023401562e-01 5.411953342994529903e-01 7.092286509394710725e-01 2.197626386419335720e-01 1.004324349017162721e-01 6.962915898536958803e-02 1.805920507907233796e-01 2.371594604561486630e-01 8.875027448362012850e-01 9.814693866700411329e-01 2.622630871089440818e-01 8.931255855117256059e-01 9.155463279001258003e-01 1.020921466108225539e-01 4.007077327591371807e-01 8.672880362092953987e-01 3.457507724914736791e-01 3.309662257005903108e-01
7.257039634209426771e-01 6.386814325307395013e-01 5.681672013227291318e-01 4.373430453735520640e-01 7.142279767486088282e-01 6.919146356151182342e-01 3.574763959447956330e-01 5.756810513947238084e-01 0.000000000000000000e+00 3.044409707303048496e-01 2.473520631663506109e-02 7.939880765815459096e-01 8.166575349059684852e-01 1.113387373696816951e-03 2.336584107272521305e-01 4.626870252274805084e-01 2.571098199896915126e-01 7.841115251285470933e-01 1.996360931190107602e-01 5.726094184191765635e-01 7.524631981036904449e-01 9.547669978317223638e-01 1.711483014127719304e-01 5.514569989244362258e-01 2.310677208767065727e-01 4.520693245552006578e-01 5.579467500511900990e-01 1.028328048805462469e-01 1.238106793661539751e-01 8.851437881694214083e-01
9.542206976126129669e-01 4.224999707134666771e-01 1.527082747727612766e-01 1.263049105368940772e-02 6.909661924934644706e-01 6.327036812419687406e-01 3.211394212396272430e-01 3.218122411335271327e-01 3.044409707303048496e-01 0.000000000000000000e+00 2.662938707768570668e-01 6.781487078739052432e-01 3.101300823665253947e-02 2.900557341447840276e-02 1.080635493867204699e-01 2.781918669358444118e-01 6.267718070449687096e-01 2.501846564445725507e-01 7.493460865224710332e-02 4.217642805528317718e-01 5.050630216342286705e-01 4.138058855080116727e-01 9.077915870234366524e-01 3.310281888221462410e-01 5.832934775765434843e-01 8.225354951233719847e-01 2.734359291930210656e-02 6.695535936280642142e-01 3.770064149681029431e-01 2.407694633291829200e-01
4.022692785616288624e-02 7.440539572716887706e-01 3.819795177166037670e-01 2.981724129328927608e-01 5.314305997143762283e-01 8.180722427678234210e-01 5.125751349265406098e-02 6.516229279556531306e-01 2.473520631663506109e-02 2.662938707768570668e-01 0.000000000000000000e+00 9.373132989767137824e-01 4.901019665394358293e-01 4.708911338195391760e-01 1.160793649818816498e-01 6.996611001002739361e-02 6.729552488697072565e-01 2.836162830929778167e-01 2.641466774289138453e-01 3.854218245282394761e-01 9.000125871408788392e-01 8.059953411514824140e-01 7.616999534359124580e-01 3.288517710358750401e-01 8.299677970120573622e-01 5.916369879527824116e-01 1.345296885235270912e-01 8.385293502772044327e-01 6.879893815523117073e-01 2.686784619572454291e-01
3.364792830284545344e-01 3.806902003165724135e-01 5.025493306852573117e-01 9.472671046423348784e-01 6.333776617587664193e-01 1.698426338067747787e-01 9.051444918729367739e-01 3.584794477928443523e-01 7.939880765815459096e-01 6.781487078739052432e-01 9.373132989767137824e-01 0.000000000000000000e+00 2.161414416854000597e-01 8.369553579390673903e-01 7.788199671430688920e-01 3.482685365470615801e-01 9.916004241266650476e-01 6.859590111323732309e-02 7.293168859777541257e-01 4.060274255887050820e-01 2.712758651495393858e-01 7.478368405596391710e-02 3.510848701121583870e-01 4.495464488235650924e-01 1.505767126074012419e-01 8.380135817887046645e-02 1.816086244470527244e-01 2.669100298673754423e-02 2.400337547310786857e-01 1.398619025589898923e-01
7.711267977329109291e-01 9.364893430181087108e-01 1.813702895362847567e-01 5.286950234222542733e-02 9.684625793986872955e-01 8.569080053630379057e-01 3.883024163159629616e-01 6.927191496023401562e-01 8.166575349059684852e-01 3.101300823665253947e-02 4.901019665394358293e-01 2.161414416854000597e-01 0.000000000000000000e+00 6.116925470471936688e-01 1.451390039454678593e-01 2.747187976718857838e-01 3.635931672087500122e-01 5.407174591567598387e-02 2.568067874724395683e-01 3.685497467165212981e-01 4.292444241803531346e-01 1.307027841730272755e-01 7.527892326003977619e-01 8.338743791756251245e-01 8.502058841127034805e-01 8.514231923059150109e-01 3.676681008624586022e-01 8.951704650716408862e-01 9.855590450319455798e-01 9.104750033790163233e-01
6.034886532956769134e-01 1.466415874072984904e-01 8.574694661623860625e-04 5.012149321123856582e-01 6.511666907091095968e-02 9.166557749294043100e-01 9.705617998046068839e-01 5.411953342994529903e-01 1.113387373696816951e-03 2.900557341447840276e-02 4.708911338195391760e-01 8.369553579390673903e-01 6.116925470471936688e-01 0.000000000000000000e+00 2.814399609079931697e-01 3.325116260426594916e-01 6.943327943513544209e-01 2.894309024733209279e-01 2.990818484531406751e-01 4.930084474088965996e-01 4.219541307350584969e-01 1.450408567247674085e-01 2.474096814150483770e-01 8.393588886983225361e-01 2.970704466600354587e-01 8.741560324832579054e-01 1.694347928310889762e-01 8.605005939522977210e-01 9.569906152205766015e-01 8.408331914836982834e-01
2.460525795467997101e-01 5.178296017274031104e-02 1.042565167439336582e-01 7.264000034492179569e-02 2.167954771989085705e-01 6.014839760364466548e-01 5.879065972150844255e-01 7.092286509394710725e-01 2.336584107272521305e-01 1.080635493867204699e-01 1.160793649818816498e-01 7.788199671430688920e-01 1.451390039454678593e-01 2.814399609079931697e-01 0.000000000000000000e+00 8.621022101286015538e-01 2.232540032545609066e-01 1.005998787624482471e-01 1.450988099065847470e-01 4.613251023718982768e-01 8.475863331442653470e-01 4.401559468839176814e-01 8.214939491960784324e-01 8.481189277657497083e-02 5.978261547067498238e-02 4.003827817076587303e-01 3.983128705595450070e-01 3.206516745584563344e-01 8.918492756322222714e-01 7.572609637853378040e-01
1.073822546716929338e-01 5.158977179012649295e-01 1.071770445516724291e-01 6.429784871620650710e-01 2.072632742368050174e-01 3.152793291859189440e-01 7.181721514280754448e-01 2.197626386419335720e-01 4.626870252274805084e-01 2.781918669358444118e-01 6.996611001002739361e-02 3.482685365470615801e-01 2.747187976718857838e-01 3.325116260426594916e-01 8.621022101286015538e-01 0.000000000000000000e+00 8.805759656493872267e-02 2.094100768689375336e-01 9.676580742713343231e-01 4.043349037241574795e-01 8.050154247942302721e-01 3.567633964125327406e-02 7.762511213008583821e-01 7.296531966438880579e-01 8.769479368691416310e-01 6.381314084678295639e-01 3.995651091628807938e-01 6.959204711759943152e-01 4.998682366144777678e-01 8.210275515945579805e-01
4.732286653147971256e-01 6.690576760446609317e-02 9.082516919817306134e-01 7.657984107503124083e-02 1.126282029777152527e-01 2.176013690079160456e-01 7.738123266642479292e-01 1.004324349017162721e-01 2.571098199896915126e-01 6.267718070449687096e-01 6.729552488697072565e-01 9.916004241266650476e-01 3.635931672087500122e-01 6.943327943513544209e-01 2.232540032545609066e-01 8.805759656493872267e-02 0.000000000000000000e+00 2.976557995480523244e-01 2.684313161808168369e-01 8.996342324016738390e-01 6.860301387973115617e-01 8.960007445219316802e-01 2.845313362716098693e-01 7.947904639344981481e-01 6.359416559270425484e-02 1.579270505399651414e-01 9.075278486474434025e-01 1.147126135373249811e-01 9.494372354596944952e-01 7.298094671799743027e-01
1.470348115663371313e-01 9.302922410841563128e-01 6.190833259545653888e-01 4.429805992714850316e-01 7.960740516345304885e-01 4.299989776326039737e-01 3.032745155462288622e-01 6.962915898536958803e-02 7.841115251285470933e-01 2.501846564445725507e-01 2.836162830929778167e-01 6.859590111323732309e-02 5.407174591567598387e-02 2.894309024733209279e-01 1.005998787624482471e-01 2.094100768689375336e-01 2.976557995480523244e-01 0.000000000000000000e+00 8.268919958726022035e-01 3.121361736395016351e-01 2.674726558202411564e-02 6.561665198332179427e-01 8.895622854681974889e-01 5.551241687420027660e-01 6.985574578439160964e-01 7.769663060616691652e-01 9.442767498097504042e-01 4.228522414693761666e-01 5.021748167092699999e-01 6.324358066698418934e-01
2.244832994896658329e-01 6.311130859882030375e-02 2.127940250581673576e-01 8.495288960229622210e-01 8.192431647739034650e-01 2.943645542175018504e-01 2.119262387931079017e-01 1.805920507907233796e-01 1.996360931190107602e-01 7.493460865224710332e-02 2.641466774289138453e-01 7.293168859777541257e-01 2.568067874724395683e-01 2.990818484531406751e-01 1.450988099065847470e-01 9.676580742713343231e-01 2.684313161808168369e-01 8.268919958726022035e-01 0.000000000000000000e+00 3.820322334501241590e-01 7.767069269516275742e-01 4.128522900584846722e-01 2.026222265301834691e-01 3.516974186711085970e-01 6.450760805243876961e-01 7.619006219953583514e-01 4.885182145865791803e-01 7.108621520301880992e-01 8.943956883382548906e-01 2.957276386045036842e-01
6.306612229215615706e-01 5.047456365515063936e-01 4.956727846281707706e-01 6.331479667983732629e-01 7.999580236485409612e-01 6.653155605671682293e-01 1.730697538003248548e-01 2.371594604561486630e-01 5.726094184191765635e-01 4.217642805528317718e-01 3.854218245282394761e-01 4.060274255887050820e-01 3.685497467165212981e-01 4.930084474088965996e-01 4.613251023718982768e-01 4.043349037241574795e-01 8.996342324016738390e-01 3.121361736395016351e-01 3.820322334501241590e-01 0.000000000000000000e+00 5.662111565660480350e-01 3.798194262915137731e-01 9.732651188908919559e-01 5.087697219812551408e-01 3.616839866206368326e-01 5.490002722494644605e-01 8.499503859973002173e-01 2.084553879276916932e-01 9.320230027898082081e-01 7.580236875936925411e-01
7.271341240246067539e-01 5.556241831085373395e-02 2.840943535459025115e-01 5.663691275310792639e-01 1.761801019761708442e-01 1.167072486005509280e-01 9.320656788918261215e-01 8.875027448362012850e-01 7.524631981036904449e-01 5.050630216342286705e-01 9.000125871408788392e-01 2.712758651495393858e-01 4.292444241803531346e-01 4.219541307350584969e-01 8.475863331442653470e-01 8.050154247942302721e-01 6.860301387973115617e-01 2.674726558202411564e-02 7.767069269516275742e-01 5.662111565660480350e-01 0.000000000000000000e+00 9.621921224246602344e-01 3.874902564527051840e-01 9.151308894441665398e-01 9.626986865811528737e-01 1.219891048441601455e-02 7.274152745231994288e-01 8.786179090375713097e-01 4.739559182357122591e-02 3.617407641094493309e-01
2.878617560996710179e-02 2.218149321592753909e-01 9.833536622285132811e-01 3.357301992364358778e-01 4.124766762108575957e-01 4.115970638728890796e-01 7.179604776946667544e-01 9.814693866700411329e-01 9.547669978317223638e-01 4.138058855080116727e-01 8.059953411514824140e-01 7.478368405596391710e-02 1.307027841730272755e-01 1.450408567247674085e-01 4.401559468839176814e-01 3.567633964125327406e-02 8.960007445219316802e-01 6.561665198332179427e-01 4.128522900584846722e-01 3.798194262915137731e-01 9.621921224246602344e-01 0.000000000000000000e+00 2.939170391204011246e-01 7.840556684182603542e-01 4.529141844223305569e-02 1.236010529469645514e-01 5.029411049517776844e-01 7.563157069402650645e-01 3.139427716587847028e-01 5.864137989431630338e-01
2.258142737151902502e-02 6.452304644933406497e-01 7.460263642473374812e-01 6.392885009344188019e-01 1.953127743547432571e-01 9.151065461344356500e-01 9.972797030810420793e-02 2.622630871089440818e-01 1.711483014127719304e-01 9.077915870234366524e-01 7.616999534359124580e-01 3.510848701121583870e-01 7.527892326003977619e-01 2.474096814150483770e-01 8.214939491960784324e-01 7.762511213008583821e-01 2.845313362716098693e-01 8.895622854681974889e-01 2.026222265301834691e-01 9.732651188908919559e-01 3.874902564527051840e-01 2.939170391204011246e-01 0.000000000000000000e+00 4.364328734933705656e-01 5.287276282578119435e-01 5.798681920530043277e-01 7.535342629381992507e-01 7.207015781341463700e-02 8.642648446865102141e-01 9.592327919689770388e-01
7.671027545960501515e-01 5.409496893826092334e-01 7.663597335377420050e-01 4.139992516174938464e-01 6.579506820025493585e-02 9.922004215826296658e-02 7.769823721365758384e-01 8.931255855117256059e-01 5.514569989244362258e-01 3.310281888221462410e-01 3.288517710358750401e-01 4.495464488235650924e-01 8.338743791756251245e-01 8.393588886983225361e-01 8.481189277657497083e-02 7.296531966438880579e-01 7.947904639344981481e-01 5.551241687420027660e-01 3.516974186711085970e-01 5.087697219812551408e-01 9.151308894441665398e-01 7.840556684182603542e-01 4.364328734933705656e-01 0.000000000000000000e+00 3.555548554187180077e-01 4.519804700791368868e-01 5.856547894871657611e-01 6.778151149911848528e-02 8.198241692470910058e-01 1.290238158163167226e-01
6.526309538201755522e-01 9.786227393233465355e-01 7.701647246411431613e-01 8.015608937486584651e-01 1.665641286169943225e-01 8.408766638714383346e-01 7.953254290229577750e-01 9.155463279001258003e-01 2.310677208767065727e-01 5.832934775765434843e-01 8.299677970120573622e-01 1.505767126074012419e-01 8.502058841127034805e-01 2.970704466600354587e-01 5.978261547067498238e-02 8.769479368691416310e-01 6.359416559270425484e-02 6.985574578439160964e-01 6.450760805243876961e-01 3.616839866206368326e-01 9.626986865811528737e-01 4.529141844223305569e-02 5.287276282578119435e-01 3.555548554187180077e-01 0.000000000000000000e+00 2.917897837587984933e-01 2.232870614847988211e-01 3.304809621783977303e-01 8.724842085599159303e-01 7.513556061291537524e-02
6.812432838639008725e-01 9.027976202647227666e-01 7.373826366922264786e-01 5.461739628092499022e-02 5.778876169433768695e-01 7.854473501720649065e-01 5.449032424505867445e-01 1.020921466108225539e-01 4.520693245552006578e-01 8.225354951233719847e-01 5.916369879527824116e-01 8.380135817887046645e-02 8.514231923059150109e-01 8.741560324832579054e-01 4.003827817076587303e-01 6.381314084678295639e-01 1.579270505399651414e-01 7.769663060616691652e-01 7.619006219953583514e-01 5.490002722494644605e-01 1.219891048441601455e-02 1.236010529469645514e-01 5.798681920530043277e-01 4.519804700791368868e-01 2.917897837587984933e-01 0.000000000000000000e+00 2.758856897059405178e-01 1.300546504156337990e-01 1.357785243090882110e-01 7.078284667818312004e-01
8.851994903129822845e-01 2.521519775720767464e-01 8.892480458837692670e-02 5.027407912672238188e-01 4.328100145334419224e-01 1.917561880292529830e-01 2.444067170115878929e-01 4.007077327591371807e-01 5.579467500511900990e-01 2.734359291930210656e-02 1.345296885235270912e-01 1.816086244470527244e-01 3.676681008624586022e-01 1.694347928310889762e-01 3.983128705595450070e-01 3.995651091628807938e-01 9.075278486474434025e-01 9.442767498097504042e-01 4.885182145865791803e-01 8.499503859973002173e-01 7.274152745231994288e-01 5.029411049517776844e-01 7.535342629381992507e-01 5.856547894871657611e-01 2.232870614847988211e-01 2.758856897059405178e-01 0.000000000000000000e+00 8.494661870674394821e-01 5.506422765439741296e-01 8.226505045614722622e-01
8.368329816532349419e-03 9.948536738530906476e-01 2.631917290949777888e-01 8.430979894790570084e-01 4.678897404014529249e-01 7.362859526832643553e-01 8.723877262388162190e-01 8.672880362092953987e-01 1.028328048805462469e-01 6.695535936280642142e-01 8.385293502772044327e-01 2.669100298673754423e-02 8.951704650716408862e-01 8.605005939522977210e-01 3.206516745584563344e-01 6.959204711759943152e-01 1.147126135373249811e-01 4.228522414693761666e-01 7.108621520301880992e-01 2.084553879276916932e-01 8.786179090375713097e-01 7.563157069402650645e-01 7.207015781341463700e-02 6.778151149911848528e-02 3.304809621783977303e-01 1.300546504156337990e-01 8.494661870674394821e-01 0.000000000000000000e+00 6.257337737350923135e-01 2.643202704394238545e-01
6.755061933952186681e-01 5.701923199536695908e-02 4.115562628087341412e-01 9.922643694471653397e-01 7.770725790733110649e-01 2.022218612478051680e-01 7.469577079022521326e-01 3.457507724914736791e-01 1.238106793661539751e-01 3.770064149681029431e-01 6.879893815523117073e-01 2.400337547310786857e-01 9.855590450319455798e-01 9.569906152205766015e-01 8.918492756322222714e-01 4.998682366144777678e-01 9.494372354596944952e-01 5.021748167092699999e-01 8.943956883382548906e-01 9.320230027898082081e-01 4.739559182357122591e-02 3.139427716587847028e-01 8.642648446865102141e-01 8.198241692470910058e-01 8.724842085599159303e-01 1.357785243090882110e-01 5.506422765439741296e-01 6.257337737350923135e-01 0.000000000000000000e+00 3.528602686436032032e-01
7.249481130662497330e-01 4.331573193180543457e-01 7.340170323673844699e-02 7.083364201338334665e-01 5.651170429372626147e-01 5.383475918174934760e-01 3.610267331451814110e-01 3.309662257005903108e-01 8.851437881694214083e-01 2.407694633291829200e-01 2.686784619572454291e-01 1.398619025589898923e-01 9.104750033790163233e-01 8.408331914836982834e-01 7.572609637853378040e-01 8.210275515945579805e-01 7.298094671799743027e-01 6.324358066698418934e-01 2.957276386045036842e-01 7.580236875936925411e-01 3.617407641094493309e-01 5.864137989431630338e-01 9.592327919689770388e-01 1.290238158163167226e-01 7.513556061291537524e-02 7.078284667818312004e-01 8.226505045614722622e-01 2.643202704394238545e-01 3.528602686436032032e-01 0.000000000000000000e+00
