0.000000000000000000e+00 2.362693341769966926e-01 3.404364017274387200e-01 7.155647527478792291e-02 1.154868029206181923e-01 2.697179169943902943e-01 2.637931485065855286e-01 7.415375668764583317e-01 8.751171635422133610e-01 3.347084386752385843e-01 5.677275971102222485e-01 9.472320598181491746e-01 5.291731984377647802e-01 5.772543789625221855e-01 7.342861050349180907e-01 4.437883158729596378e-01 6.559512609738474831e-01 8.839450622867186524e-01 9.690841301511445849e-01 5.291161826924438705e-01 6.446512708963345606e-01 7.219700570089878644e-01 3.737264963613066149e-01 9.629709405415907142e-01 5.741158858017549882e-01 8.610537868593225452e-01 6.509293642915181533e-02 1.257540163597244964e-01 6.503427414584130872e-01 1.152226228849121403e-01
2.362693341769966926e-01 0.000000000000000000e+00 4.627720522339077158e-01 1.484049785279513145e-01 6.097751871740488827e-01 8.835603101187042840e-01 8.201981375779682226e-01 8.517503468446409043e-01 8.684547602890785312e-01 7.244921660376613115e-01 7.301147656103103012e-01 5.110542750161413128e-01 2.614766681116580394e-01 1.580143688858406392e-01 9.118906544549082449e-01 1.702791408651893601e-01 9.463022273871782852e-01 8.197567313057985139e-01 9.129239301203417867e-01 4.581594250048280914e-01 1.979146149524367848e-01 5.561300571019593963e-01 6.659806640396377375e-01 2.543878773080707756e-01 2.057458359736901166e-01 9.240026989671551449e-01 5.828556439222049024e-01 6.581737423369297124e-01 6.695563321796026424e-01 1.438099612829385476e-01
3.404364017274387200e-01 4.627720522339077158e-01 0.000000000000000000e+00 1.982673776192622750e-01 2.055886251096651351e-01 4.369603629834716285e-01 7.347632454333031804e-01 4.261970155917932379e-01 6.963708095113351204e-01 9.265701200174493168e-01 2.808737364652627022e-01 8.810337945468437182e-01 8.212469849078825046e-01 7.015547165086455372e-01 9.067496083770236748e-01 7.722450174748534124e-01 1.810038196983351222e-01 5.011470163477776962e-01 9.327841410204311678e-01 7.944677747398984913e-01 9.486485557011312686e-01 2.254862704815530083e-01 9.221678780908652007e-01 8.248436963038946468e-01 1.913295128740547524e-01 4.958948565324911018e-01 9.948724817906573481e-01 3.324061790619441403e-01 7.407037976305745897e-01 7.486706473075726009e-01
7.155647527478792291e-02 1.484049785279513145e-01 1.982673776192622750e-01 0.000000000000000000e+00 8.106536528102931127e-01 6.212004851329278043e-01 8.220700118759917130e-01 2.979026018238095652e-01 2.405415594665893941e-01 6.702929060241825665e-01 6.122448803507174464e-02 4.698640760630856672e-01 1.818586305935450120e-01 1.532153604114407930e-01 5.991950800418324175e-01 2.813291275995390972e-01 6.374215068341830825e-01 5.440915207790970598e-01 4.352168728789442831e-01 4.837269452437238382e-01 5.617580396807793086e-01 9.151313244918846124e-02 4.601140479224455904e-01 9.401654369920445786e-01 9.138271336842684889e-02 2.924083742394171237e-01 9.282854348562085134e-01 8.204788811784605729e-01 5.539685518122028363e-01 6.946962307650176305e-01
1.154868029206181923e-01 6.097751871740488827e-01 2.055886251096651351e-01 8.106536528102931127e-01 0.000000000000000000e+00 4.196695297337705854e-01 2.720186981029305562e-01 6.916348240968279715e-01 8.491151008433904801e-01 2.151062460543984312e-02 8.667401503021625597e-01 5.356290122107495444e-01 1.009596193463311309e-01 5.206937306441722368e-01 2.725942116229468359e-01 9.726909673863156636e-01 1.246799972478513929e-01 7.266581960180231725e-01 3.912578742417398558e-01 3.576641778513319769e-01 8.296453133714232209e-02 3.498373586336078755e-02 7.349180396448138364e-01 3.766384620149505480e-01 7.234930081086210496e-02 9.244166606756706317e-01 9.721040800784397362e-01 8.187268039877297898e-01 9.486087996734144934e-01 9.845323387033445561e-01
2.697179169943902943e-01 8.835603101187042840e-01 4.369603629834716285e-01 6.212004851329278043e-01 4.196695297337705854e-01 0.000000000000000000e+00 2.427030028073944301e-01 1.622432382022461761e-01 2.368949050539673751e-01 2.372683047631318765e-01 4.382793979288874819e-01 5.715358581790386250e-02 5.041231967593103880e-01 6.964116954073669152e-01 5.808836948736714190e-01 1.169078558677452140e-01 6.800692709362371469e-01 2.408687050050337675e-01 2.449071832743532351e-01 9.811233071398031136e-01 7.448988746577085429e-01 5.267477262588837750e-01 3.217694112524881467e-01 8.648077742219952846e-01 3.133660313447332868e-01 8.788836452984390979e-01 1.932280809491525586e-01 9.509869102105280581e-01 5.413334227979609281e-01 4.983470965679296372e-01
2.637931485065855286e-01 8.201981375779682226e-01 7.347632454333031804e-01 8.220700118759917130e-01 2.720186981029305562e-01 2.427030028073944301e-01 0.000000000000000000e+00 5.895162667938695922e-01 6.868078758669825534e-01 8.419012395514658964e-01 9.346568064539109155e-01 4.997890965195391777e-01 6.014073609606734871e-01 7.796946015479351288e-01 1.499227066503913131e-01 6.416306115995725756e-01 7.426033343294786704e-01 6.714271246450858044e-01 7.359452040997664923e-01 5.156803229623607709e-02 8.083660485128106865e-01 7.281327391716385655e-02 5.465108532210279924e-01 6.522489441944335775e-01 1.150060810436522862e-01 2.833423459526170918e-01 7.616037592952697999e-01 2.018148733602037614e-01 8.995304619345528829e-01 2.059771803043243255e-01
7.415375668764583317e-01 8.517503468446409043e-01 4.261970155917932379e-01 2.979026018238095652e-01 6.916348240968279715e-01 1.622432382022461761e-01 5.895162667938695922e-01 0.000000000000000000e+00 8.219353177204608008e-01 7.266463538706532388e-01 7.152052159665738262e-01 6.641004995055260762e-01 6.660153516403828355e-01 1.241868461790359701e-01 6.603851340835080741e-01 2.840112039899528318e-01 4.366035494208976298e-01 6.949939861003973096e-02 4.445602285439760326e-01 5.171682590644720579e-01 5.823570346719243451e-01 6.429673415653717194e-01 6.068346566620116400e-01 1.085928006540908264e-01 6.429456392665002795e-01 8.485179691141706559e-01 1.977531938701155845e-01 5.868463462973921851e-01 2.540797754859038804e-01 4.479304007621995876e-01
8.751171635422133610e-01 8.684547602890785312e-01 6.963708095113351204e-01 2.405415594665893941e-01 8.491151008433904801e-01 2.368949050539673751e-01 6.868078758669825534e-01 8.219353177204608008e-01 0.000000000000000000e+00 3.758032666447292947e-01 8.682542906937924521e-01 6.891823261114488064e-01 6.701597493882860412e-01 9.248200877875233372e-01 6.163080337971573730e-01 7.803211732256204458e-01 2.298000982129779768e-01 3.333342900511500062e-01 3.842604118651904432e-01 9.888786264879100285e-01 4.761387919433260896e-01 7.668125922450662602e-01 1.258445699643173654e-01 8.472478049252943899e-01 8.292506660176307554e-01 2.518248617993419369e-01 9.955680592266655804e-01 4.616683610148282213e-01 1.171086090957778048e-01 9.226097592503867961e-02
3.347084386752385843e-01 7.244921660376613115e-01 9.265701200174493168e-01 6.702929060241825665e-01 2.151062460543984312e-02 2.372683047631318765e-01 8.419012395514658964e-01 7.266463538706532388e-01 3.758032666447292947e-01 0.000000000000000000e+00 4.975159463955259875e-01 5.403963597364935811e-01 7.644733800827399062e-01 2.602785811768062452e-01 3.895039427212990679e-01 9.973004905783610097e-01 3.157330241496499879e-01 7.631031824768691463e-01 1.172550780277703542e-01 9.347554641265340969e-01 3.395905971528783152e-01 3.036536011006132352e-01 2.810489167325589399e-01 7.995857556243044506e-01 7.201956322250714360e-01 6.592760734033348280e-01 9.994953452825553475e-01 1.538799040869648360e-01 4.912304064000911907e-01 6.897973718350874917e-01
5.677275971102222485e-01 7.301147656103103012e-01 2.808737364652627022e-01 6.122448803507174464e-02 8.667401503021625597e-01 4.382793979288874819e-01 9.346568064539109155e-01 7.152052159665738262e-01 8.682542906937924521e-01 4.975159463955259875e-01 0.000000000000000000e+00 4.673771783707454386e-01 2.874198998232350144e-01 4.668864156301860691e-01 8.752209070114417289e-01 2.965924976157803261e-01 4.991952827361906264e-01 7.816441868266411630e-01 5.385124034431780782e-01 2.685983119669662633e-01 9.978863920182193814e-01 4.484310201300272247e-01 2.454998367927230252e-02 6.129449477129499391e-01 6.493745121646788965e-01 4.196005341129612765e-01 8.345649123249998524e-02 6.460059630934429364e-01 6.681492282779013525e-01 4.771946380339169291e-01
9.472320598181491746e-01 5.110542750161413128e-01 8.810337945468437182e-01 4.698640760630856672e-01 5.356290122107495444e-01 5.715358581790386250e-02 4.997890965195391777e-01 6.641004995055260762e-01 6.891823261114488064e-01 5.403963597364935811e-01 4.673771783707454386e-01 0.000000000000000000e+00 5.584444549442246775e-01 8.406083309066059162e-02 2.726895257051111798e-01 3.315234746640626229e-01 9.660757401508522912e-01 1.306352938734073321e-01 3.388454981776648500e-01 1.323494080622058533e-01 1.659712093494583041e-01 3.686478033249145358e-01 5.026629524939552063e-01 5.056378496753188845e-02 8.913060512552779535e-01 4.703727720325338035e-01 5.704431913979790547e-02 7.898946815423102397e-01 7.251203163227438742e-01 6.769195905129026247e-01
5.291731984377647802e-01 2.614766681116580394e-01 8.212469849078825046e-01 1.818586305935450120e-01 1.009596193463311309e-01 5.041231967593103880e-01 6.014073609606734871e-01 6.660153516403828355e-01 6.701597493882860412e-01 7.644733800827399062e-01 2.874198998232350144e-01 5.584444549442246775e-01 0.000000000000000000e+00 7.916167326406323701e-01 6.438829920297495235e-01 8.565311785243744369e-01 8.699527920934988501e-01 9.033407632238537044e-01 7.184796466915033264e-02 9.068752354895882606e-01 9.281057021946150787e-01 2.349059017713577280e-01 5.103848787181320956e-01 4.919831677869238584e-01 8.778583451841593943e-01 1.017763894447241135e-01 2.860211291074677975e-01 1.471228401756656812e-01 9.672406119739288544e-01 9.041878905842781755e-01
5.772543789625221855e-01 1.580143688858406392e-01 7.015547165086455372e-01 1.532153604114407930e-01 5.206937306441722368e-01 6.964116954073669152e-01 7.796946015479351288e-01 1.241868461790359701e-01 9.248200877875233372e-01 2.602785811768062452e-01 4.668864156301860691e-01 8.406083309066059162e-02 7.916167326406323701e-01 0.000000000000000000e+00 6.455666191095643658e-01 8.385584974112425538e-01 4.300267569993874162e-01 5.067532446668885360e-01 4.476404249693246573e-01 9.691747027235564360e-01 8.692581022198827556e-01 4.616268143987671824e-01 1.507996329470191466e-01 5.683809344923551610e-01 4.275566121367291306e-01 5.242631628914805608e-01 9.463579777662903814e-01 8.512922669156142153e-02 5.820124046436501164e-01 4.891322576882510820e-01
7.342861050349180907e-01 9.118906544549082449e-01 9.067496083770236748e-01 5.991950800418324175e-01 2.725942116229468359e-01 5.808836948736714190e-01 1.499227066503913131e-01 6.603851340835080741e-01 6.163080337971573730e-01 3.895039427212990679e-01 8.752209070114417289e-01 2.726895257051111798e-01 6.438829920297495235e-01 6.455666191095643658e-01 0.000000000000000000e+00 2.963281495670525567e-01 7.290237866582696125e-01 4.398794796449855271e-01 1.697744844587727453e-01 2.292385225916823144e-01 8.968424513633088679e-01 7.278187622855396555e-01 3.652219627736518204e-01 7.213365672168674525e-01 7.021911815587635886e-01 3.712506395307350049e-01 6.020903396815192599e-01 5.270483520449406045e-01 2.538602679937884687e-04 9.574802031745537345e-01
4.437883158729596378e-01 1.702791408651893601e-01 7.722450174748534124e-01 2.813291275995390972e-01 9.726909673863156636e-01 1.169078558677452140e-01 6.416306115995725756e-01 2.840112039899528318e-01 7.803211732256204458e-01 9.973004905783610097e-01 2.965924976157803261e-01 3.315234746640626229e-01 8.565311785243744369e-01 8.385584974112425538e-01 2.963281495670525567e-01 0.000000000000000000e+00 3.077704717903745335e-01 5.140964649387624874e-03 1.943549967795095146e-01 9.717527698026956484e-01 7.333033099736021576e-01 2.591205588156497708e-01 7.882447458401442564e-02 4.469513140740516421e-01 3.807649054182463688e-01 1.845018754274596606e-01 7.542501351165621370e-01 8.085981122469282356e-01 4.567487698228112070e-02 1.573480394969920537e-01
6.559512609738474831e-01 9.463022273871782852e-01 1.810038196983351222e-01 6.374215068341830825e-01 1.246799972478513929e-01 6.800692709362371469e-01 7.426033343294786704e-01 4.366035494208976298e-01 2.298000982129779768e-01 3.157330241496499879e-01 4.991952827361906264e-01 9.660757401508522912e-01 8.699527920934988501e-01 4.300267569993874162e-01 7.290237866582696125e-01 3.077704717903745335e-01 0.000000000000000000e+00 5.698782410693103984e-03 5.616048682053109697e-01 5.213744731957467016e-01 9.344373791310390809e-01 5.659266494300561057e-01 5.841650762899294191e-01 5.786239661076875151e-01 1.543700137201671208e-01 2.648043697562069143e-01 4.450916649947972425e-01 8.850985048418791301e-02 1.547838763807604101e-01 7.951633825958053237e-01
8.839450622867186524e-01 8.197567313057985139e-01 5.011470163477776962e-01 5.440915207790970598e-01 7.266581960180231725e-01 2.408687050050337675e-01 6.714271246450858044e-01 6.949939861003973096e-02 3.333342900511500062e-01 7.631031824768691463e-01 7.816441868266411630e-01 1.306352938734073321e-01 9.033407632238537044e-01 5.067532446668885360e-01 4.398794796449855271e-01 5.140964649387624874e-03 5.698782410693103984e-03 0.000000000000000000e+00 7.728311503074314359e-02 2.342963717453704353e-01 7.176915369338826567e-01 5.938657444176758116e-01 5.107281273994012105e-01 3.075230610752386351e-01 7.683447545820697444e-01 5.006030613074397007e-01 2.726510694958300673e-01 1.166181815156069890e-01 7.250131364973854131e-01 7.370957446721391193e-01
9.690841301511445849e-01 9.129239301203417867e-01 9.327841410204311678e-01 4.352168728789442831e-01 3.912578742417398558e-01 2.449071832743532351e-01 7.359452040997664923e-01 4.445602285439760326e-01 3.842604118651904432e-01 1.172550780277703542e-01 5.385124034431780782e-01 3.388454981776648500e-01 7.184796466915033264e-02 4.476404249693246573e-01 1.697744844587727453e-01 1.943549967795095146e-01 5.616048682053109697e-01 7.728311503074314359e-02 0.000000000000000000e+00 4.297993483013877736e-01 6.106064014080799796e-01 7.497880183520977404e-01 2.128437196484700422e-02 5.684344215372750808e-01 5.385880745135912528e-01 6.040346675943223387e-01 7.170565443111048820e-01 8.286861735874928581e-02 2.230029104439301690e-01 6.961189603978559237e-01
5.291161826924438705e-01 4.581594250048280914e-01 7.944677747398984913e-01 4.837269452437238382e-01 3.576641778513319769e-01 9.811233071398031136e-01 5.156803229623607709e-02 5.171682590644720579e-01 9.888786264879100285e-01 9.347554641265340969e-01 2.685983119669662633e-01 1.323494080622058533e-01 9.068752354895882606e-01 9.691747027235564360e-01 2.292385225916823144e-01 9.717527698026956484e-01 5.213744731957467016e-01 2.342963717453704353e-01 4.297993483013877736e-01 0.000000000000000000e+00 2.773180152000570553e-01 5.646566628927794929e-01 8.713494366867812202e-01 9.203323465551062066e-01 2.077363392836099054e-01 2.884430282784598010e-01 9.863135778065361681e-01 9.125406328176207671e-01 1.051717742529599819e-01 5.685201937239660053e-01
6.446512708963345606e-01 1.979146149524367848e-01 9.486485557011312686e-01 5.617580396807793086e-01 8.296453133714232209e-02 7.448988746577085429e-01 8.083660485128106865e-01 5.823570346719243451e-01 4.761387919433260896e-01 3.395905971528783152e-01 9.978863920182193814e-01 1.659712093494583041e-01 9.281057021946150787e-01 8.692581022198827556e-01 8.968424513633088679e-01 7.333033099736021576e-01 9.344373791310390809e-01 7.176915369338826567e-01 6.106064014080799796e-01 2.773180152000570553e-01 0.000000000000000000e+00 3.842407288438611790e-01 4.993797271740504362e-01 4.954780335254024282e-01 2.656273933558009892e-01 6.694026658303398047e-01 8.280410482052017462e-01 7.030959928562507955e-02 4.870510643461526401e-01 3.750801144359209305e-01
7.219700570089878644e-01 5.561300571019593963e-01 2.254862704815530083e-01 9.151313244918846124e-02 3.498373586336078755e-02 5.267477262588837750e-01 7.281327391716385655e-02 6.429673415653717194e-01 7.668125922450662602e-01 3.036536011006132352e-01 4.484310201300272247e-01 3.686478033249145358e-01 2.349059017713577280e-01 4.616268143987671824e-01 7.278187622855396555e-01 2.591205588156497708e-01 5.659266494300561057e-01 5.938657444176758116e-01 7.497880183520977404e-01 5.646566628927794929e-01 3.842407288438611790e-01 0.000000000000000000e+00 2.575015364593618017e-01 2.708786751054533815e-01 5.858318544388345650e-01 8.876547362886437753e-01 6.430674433708150062e-02 6.530055708358672995e-01 1.545906685797191482e-01 2.350611276195150312e-01
3.737264963613066149e-01 6.659806640396377375e-01 9.221678780908652007e-01 4.601140479224455904e-01 7.349180396448138364e-01 3.217694112524881467e-01 5.465108532210279924e-01 6.068346566620116400e-01 1.258445699643173654e-01 2.810489167325589399e-01 2.454998367927230252e-02 5.026629524939552063e-01 5.103848787181320956e-01 1.507996329470191466e-01 3.652219627736518204e-01 7.882447458401442564e-02 5.841650762899294191e-01 5.107281273994012105e-01 2.128437196484700422e-02 8.713494366867812202e-01 4.993797271740504362e-01 2.575015364593618017e-01 0.000000000000000000e+00 1.070030105702046708e-01 7.499617820896923304e-01 5.763858512186287308e-01 4.781518275590643796e-01 8.592357949530307071e-01 7.399512963761072371e-01 2.908667367937718407e-01
9.629709405415907142e-01 2.543878773080707756e-01 8.248436963038946468e-01 9.401654369920445786e-01 3.766384620149505480e-01 8.648077742219952846e-01 6.522489441944335775e-01 1.085928006540908264e-01 8.472478049252943899e-01 7.995857556243044506e-01 6.129449477129499391e-01 5.056378496753188845e-02 4.919831677869238584e-01 5.683809344923551610e-01 7.213365672168674525e-01 4.469513140740516421e-01 5.786239661076875151e-01 3.075230610752386351e-01 5.684344215372750808e-01 9.203323465551062066e-01 4.954780335254024282e-01 2.708786751054533815e-01 1.070030105702046708e-01 0.000000000000000000e+00 4.584449673453121488e-01 3.915801706891273160e-01 7.224240258881462484e-01 8.437123060836055899e-01 2.635053526008231950e-01 9.391518296287837408e-02
5.741158858017549882e-01 2.057458359736901166e-01 1.913295128740547524e-01 9.138271336842684889e-02 7.234930081086210496e-02 3.133660313447332868e-01 1.150060810436522862e-01 6.429456392665002795e-01 8.292506660176307554e-01 7.201956322250714360e-01 6.493745121646788965e-01 8.913060512552779535e-01 8.778583451841593943e-01 4.275566121367291306e-01 7.021911815587635886e-01 3.807649054182463688e-01 1.543700137201671208e-01 7.683447545820697444e-01 5.385880745135912528e-01 2.077363392836099054e-01 2.656273933558009892e-01 5.858318544388345650e-01 7.499617820896923304e-01 4.584449673453121488e-01 0.000000000000000000e+00 7.370391082354537104e-01 6.678278636340267971e-01 6.971825033321377152e-01 1.821781769563290965e-01 7.393588935990937916e-01
8.610537868593225452e-01 9.240026989671551449e-01 4.958948565324911018e-01 2.924083742394171237e-01 9.244166606756706317e-01 8.788836452984390979e-01 2.833423459526170918e-01 8.485179691141706559e-01 2.518248617993419369e-01 6.592760734033348280e-01 4.196005341129612765e-01 4.703727720325338035e-01 1.017763894447241135e-01 5.242631628914805608e-01 3.712506395307350049e-01 1.845018754274596606e-01 2.648043697562069143e-01 5.006030613074397007e-01 6.040346675943223387e-01 2.884430282784598010e-01 6.694026658303398047e-01 8.876547362886437753e-01 5.763858512186287308e-01 3.915801706891273160e-01 7.370391082354537104e-01 0.000000000000000000e+00 4.014131012481978455e-01 9.945492629300892728e-01 7.390030050576734677e-01 8.855012365737202629e-02
6.509293642915181533e-02 5.828556439222049024e-01 9.948724817906573481e-01 9.282854348562085134e-01 9.721040800784397362e-01 1.932280809491525586e-01 7.616037592952697999e-01 1.977531938701155845e-01 9.955680592266655804e-01 9.994953452825553475e-01 8.345649123249998524e-02 5.704431913979790547e-02 2.860211291074677975e-01 9.463579777662903814e-01 6.020903396815192599e-01 7.542501351165621370e-01 4.450916649947972425e-01 2.726510694958300673e-01 7.170565443111048820e-01 9.863135778065361681e-01 8.280410482052017462e-01 6.430674433708150062e-02 4.781518275590643796e-01 7.224240258881462484e-01 6.678278636340267971e-01 4.014131012481978455e-01 0.000000000000000000e+00 4.862854328443703134e-01 9.688354598560713349e-01 2.336475134180318047e-01
1.257540163597244964e-01 6.581737423369297124e-01 3.324061790619441403e-01 8.204788811784605729e-01 8.187268039877297898e-01 9.509869102105280581e-01 2.018148733602037614e-01 5.868463462973921851e-01 4.616683610148282213e-01 1.538799040869648360e-01 6.460059630934429364e-01 7.898946815423102397e-01 1.471228401756656812e-01 8.512922669156142153e-02 5.270483520449406045e-01 8.085981122469282356e-01 8.850985048418791301e-02 1.166181815156069890e-01 8.286861735874928581e-02 9.125406328176207671e-01 7.030959928562507955e-02 6.530055708358672995e-01 8.592357949530307071e-01 8.437123060836055899e-01 6.971825033321377152e-01 9.945492629300892728e-01 4.862854328443703134e-01 0.000000000000000000e+00 6.401249130972208601e-02 3.154051936336965678e-02
6.503427414584130872e-01 6.695563321796026424e-01 7.407037976305745897e-01 5.539685518122028363e-01 9.486087996734144934e-01 5.413334227979609281e-01 8.995304619345528829e-01 2.540797754859038804e-01 1.171086090957778048e-01 4.912304064000911907e-01 6.681492282779013525e-01 7.251203163227438742e-01 9.672406119739288544e-01 5.820124046436501164e-01 2.538602679937884687e-04 4.567487698228112070e-02 1.547838763807604101e-01 7.250131364973854131e-01 2.230029104439301690e-01 1.051717742529599819e-01 4.870510643461526401e-01 1.545906685797191482e-01 7.399512963761072371e-01 2.635053526008231950e-01 1.821781769563290965e-01 7.390030050576734677e-01 9.688354598560713349e-01 6.401249130972208601e-02 0.000000000000000000e+00 1.283428451840624707e-01
1.152226228849121403e-01 1.438099612829385476e-01 7.486706473075726009e-01 6.946962307650176305e-01 9.845323387033445561e-01 4.983470965679296372e-01 2.059771803043243255e-01 4.479304007621995876e-01 9.226097592503867961e-02 6.897973718350874917e-01 4.771946380339169291e-01 6.769195905129026247e-01 9.041878905842781755e-01 4.891322576882510820e-01 9.574802031745537345e-01 1.573480394969920537e-01 7.951633825958053237e-01 7.370957446721391193e-01 6.961189603978559237e-01 5.685201937239660053e-01 3.750801144359209305e-01 2.350611276195150312e-01 2.908667367937718407e-01 9.391518296287837408e-02 7.393588935990937916e-01 8.855012365737202629e-02 2.336475134180318047e-01 3.154051936336965678e-02 1.283428451840624707e-01 0.000000000000000000e+00
