0.000000000000000000e+00 7.862176133095172270e-01 9.126606449930354525e-01 1.886335161061802879e-01 6.359703091574128164e-01 8.531912073085444748e-01 9.604488365964085617e-01 3.629354633670663910e-01 4.163620302700874465e-01 8.448789321806200459e-01 5.958259691005762804e-01 3.938902847929689477e-01 2.338673661594014019e-01 2.494660852409991136e-02 9.469030084733053299e-01 6.138686071976456882e-01 8.673498478295196268e-01 2.950885469944364292e-01 6.779778495046786535e-01 9.260411847601678348e-01 3.548138761061708779e-01 9.638195331368613061e-01 3.866543240425065475e-01 5.949379045840901270e-01 5.582937636759602862e-01 1.389748490493875055e-01 9.297852955058824032e-01 8.291772894878373101e-01 8.690806188455445502e-01 6.863634663512611089e-01
7.862176133095172270e-01 0.000000000000000000e+00 8.561871524695362501e-01 8.090719200538145639e-01 9.472973707538736576e-01 9.916441647796604419e-01 3.644090274565505716e-01 2.101567347905100025e-01 4.903723270620157226e-01 9.868245171434683050e-01 4.363453454671325504e-01 8.649529296701163883e-02 7.294548321948296499e-01 1.494410042000344774e-01 9.161470613137295826e-01 9.309689603961703863e-01 2.186380213226122304e-01 1.222799767778027791e-01 4.706672972064490645e-01 5.303943695289744520e-01 5.692671743627591985e-01 4.500874144725118819e-01 6.237848016184491806e-01 9.541960912808002959e-01 2.247144132314977671e-01 4.183537105794461475e-01 5.010469363573065715e-01 5.682579559218019494e-01 7.521614597734037622e-01 2.548289454918792885e-01
9.126606449930354525e-01 8.561871524695362501e-01 0.000000000000000000e+00 3.918098280382390497e-01 7.524062204119594810e-01 7.284849336573007150e-01 1.526040241456000368e-01 1.404234481868839035e-01 6.111569466582839061e-01 4.642366150931337421e-01 3.350782595638361894e-01 6.027643080507272266e-01 5.870154906905639125e-01 4.251086643735384474e-01 6.930773501744081910e-01 3.395461583507924930e-01 7.156029477361470770e-01 3.686078491082108721e-01 3.327780217391974604e-01 6.015532102778503587e-01 3.716761644244930274e-01 9.655954233151294863e-01 6.965155822579754963e-01 6.645002956795668103e-01 4.719860016000690939e-01 8.308801480153280572e-01 7.853335759233817104e-01 9.536877113346328150e-01 6.462009089389857408e-01 5.591972537724049230e-01
1.886335161061802879e-01 8.090719200538145639e-01 3.918098280382390497e-01 0.000000000000000000e+00 1.850084202968785840e-01 4.312798587273466433e-01 6.191525492592521163e-01 4.954717657982570245e-01 4.178294391465456892e-01 5.450959393996044344e-01 4.865032310876835631e-01 8.873450251314902726e-01 1.372356348664937054e-01 7.359265446321894277e-01 8.413799106371536718e-01 3.372738678705688997e-02 2.874801277376938247e-01 3.299402657908967473e-01 2.540653996270795245e-01 1.118622326301896841e-01 4.985218875181953724e-01 7.285197676358879937e-01 4.161695625975858626e-02 1.147822241729057335e-01 6.133356432760345145e-01 6.030054607536396993e-01 6.449520214037469668e-01 4.206231823032583472e-01 4.635688970635759576e-01 3.282255330211196753e-01
6.359703091574128164e-01 9.472973707538736576e-01 7.524062204119594810e-01 1.850084202968785840e-01 0.000000000000000000e+00 5.006664127973187162e-01 7.510236229863792579e-01 4.108323772846145250e-01 7.216281184803496895e-02 6.329390245363472056e-01 1.436076232886848159e-01 8.634422806822296126e-01 2.300497605917994903e-01 5.017940428440184064e-01 9.482288587608626029e-01 2.938267708714459303e-02 5.449923170258909044e-01 5.906769023122331319e-01 7.159755989021396871e-01 3.964262801696877281e-01 6.328458089532355002e-01 7.765239420058076547e-01 9.751547206787745115e-01 4.647727742024643227e-01 4.460226865121692530e-01 2.726845840874106974e-01 9.437912981392412304e-01 4.012816984055540548e-01 6.355249662309297998e-01 1.133429955974623038e-01
8.531912073085444748e-01 9.916441647796604419e-01 7.284849336573007150e-01 4.312798587273466433e-01 5.006664127973187162e-01 0.000000000000000000e+00 7.972546554175792277e-01 9.682055193835809037e-01 6.489802003610093406e-01 2.249051317275807538e-01 3.833444817927245118e-01 2.981549387523919625e-01 1.749856617654210744e-02 5.821022540821307878e-01 8.390215796309294927e-01 1.372515940375143018e-01 7.939725388375009629e-01 7.189131894261328037e-01 5.569496064459501516e-01 1.869324675353857268e-01 3.940201286631563882e-01 3.733936345159509784e-01 1.104566406298215231e-01 9.924834170639383890e-01 5.634755219112493885e-01 9.671042583337436938e-01 4.233205054456670169e-01 1.032801480780793923e-01 9.686800573871220399e-01 2.071393606703672008e-01
9.604488365964085617e-01 3.644090274565505716e-01 1.526040241456000368e-01 6.191525492592521163e-01 7.510236229863792579e-01 7.972546554175792277e-01 0.000000000000000000e+00 2.876691125475642208e-01 1.944415573660256413e-01 2.358088560013926749e-02 6.758689090306339020e-01 7.697494821352729444e-01 5.094003173457137823e-01 3.735843689995831385e-01 2.929752577103152955e-01 1.625126305965122198e-01 3.486459484840206402e-01 6.292709135185745595e-01 2.938105521292913025e-01 8.141936100996786108e-01 9.256775478453938000e-02 8.277153245275815641e-01 5.634743511266816496e-01 7.274956221308530591e-01 1.187905907941962935e-01 9.902490303956633655e-01 5.209560338152452452e-03 4.576305556956384857e-01 3.581123694997467855e-01 4.277225871115121203e-01
3.629354633670663910e-01 2.101567347905100025e-01 1.404234481868839035e-01 4.954717657982570245e-01 4.108323772846145250e-01 9.682055193835809037e-01 2.876691125475642208e-01 0.000000000000000000e+00 5.818985433156836917e-01 3.744810214316388608e-01 4.300824903900363205e-01 8.203133929590048501e-01 2.210344263632857409e-02 9.404139161120582679e-01 4.590957476523540581e-01 2.640257459850499089e-01 4.829766841621859763e-01 9.752355103430498939e-01 5.594410650971770593e-02 7.938781801048310216e-01 9.997592863368593985e-01 4.219866183857720054e-01 6.793087871220319096e-01 3.110431313018280353e-01 5.811064098170879433e-01 5.263604379768049846e-01 3.308930836700093581e-01 7.112374891388906217e-02 4.836069319806005629e-01 8.665779706996682430e-01
4.163620302700874465e-01 4.903723270620157226e-01 6.111569466582839061e-01 4.178294391465456892e-01 7.216281184803496895e-02 6.489802003610093406e-01 1.944415573660256413e-01 5.818985433156836917e-01 0.000000000000000000e+00 5.809742267546785799e-01 7.013238675972630620e-01 7.459962344874168094e-01 3.563277956272233871e-01 2.044821485504874081e-01 6.724417989701565457e-01 3.409977059201148020e-01 1.894368984635937947e-01 1.793643005028116022e-01 7.515859990460377338e-01 5.380055070836710085e-01 4.967322230847988074e-01 3.669502482265232235e-01 6.127837846856021287e-02 4.944880551986980954e-01 1.323205327268206499e-01 4.087605438591943585e-01 6.301397828906701859e-01 4.218045846355455986e-01 8.987115071375741948e-01 4.389037196106543304e-01
8.448789321806200459e-01 9.868245171434683050e-01 4.642366150931337421e-01 5.450959393996044344e-01 6.329390245363472056e-01 2.249051317275807538e-01 2.358088560013926749e-02 3.744810214316388608e-01 5.809742267546785799e-01 0.000000000000000000e+00 2.216147054862092070e-01 6.991283531214753655e-01 8.155110902984202825e-01 3.454763348319425109e-01 1.980366906103965263e-01 4.229922521202622576e-01 2.996478133579013603e-01 8.424509123238543840e-02 6.809637966402145581e-01 7.479753206578798608e-01 7.941130617219129828e-01 2.666074617510060252e-01 1.686013191730563188e-01 1.837098496069521358e-01 3.931026905075366562e-01 1.255775947208934706e-01 2.380536764746037370e-01 5.677611907455630824e-01 6.763291191299025673e-01 8.829652900265618776e-01
5.958259691005762804e-01 4.363453454671325504e-01 3.350782595638361894e-01 4.865032310876835631e-01 1.436076232886848159e-01 3.833444817927245118e-01 6.758689090306339020e-01 4.300824903900363205e-01 7.013238675972630620e-01 2.216147054862092070e-01 0.000000000000000000e+00 1.368912293160104987e-01 9.632631427033748750e-01 4.218752305185885509e-01 7.663035348317008832e-01 7.424507711930372622e-03 4.232250676018488589e-01 7.291651681325448386e-01 1.603672636347558411e-01 7.856929007751667360e-02 1.863887173024130206e-01 2.688666584983103736e-01 1.758341760324483305e-01 3.984765635808862339e-02 3.676907798896749124e-01 7.120479192611203212e-01 3.352888777873451742e-01 5.242671247224937048e-01 9.464684194852432952e-01 9.960281448469087140e-01
3.938902847929689477e-01 8.649529296701163883e-02 6.027643080507272266e-01 8.873450251314902726e-01 8.634422806822296126e-01 2.981549387523919625e-01 7.697494821352729444e-01 8.203133929590048501e-01 7.459962344874168094e-01 6.991283531214753655e-01 1.368912293160104987e-01 0.000000000000000000e+00 7.585554682565431861e-01 5.783938717947046948e-01 6.152448399575218829e-01 5.583073110591807442e-03 7.587867072800944523e-01 3.120456293763985700e-01 3.895394483154054344e-01 3.193108625685471269e-01 8.309998590915527172e-01 3.652663018064119527e-01 3.086061627226498461e-01 3.358735592557959837e-01 5.025797221105349211e-01 6.247086994775622459e-01 9.802572154835824669e-01 5.252262782064202051e-01 6.224206162788936680e-01 9.404584651993678213e-01
2.338673661594014019e-01 7.294548321948296499e-01 5.870154906905639125e-01 1.372356348664937054e-01 2.300497605917994903e-01 1.749856617654210744e-02 5.094003173457137823e-01 2.210344263632857409e-02 3.563277956272233871e-01 8.155110902984202825e-01 9.632631427033748750e-01 7.585554682565431861e-01 0.000000000000000000e+00 5.462445345205289016e-01 7.161887613036272970e-01 2.745974746950309298e-01 1.894187555429033276e-01 4.231693084345473643e-01 3.058203568512042336e-01 5.462641641976392348e-01 9.184286688236237284e-01 1.333414137005807243e-01 5.202670699272952115e-01 6.932434078616033224e-01 7.515811559470410019e-01 7.675228301478566051e-01 6.072740853695112184e-01 9.052432329237585229e-01 2.088944778889433307e-01 4.926335007014471801e-01
2.494660852409991136e-02 1.494410042000344774e-01 4.251086643735384474e-01 7.359265446321894277e-01 5.017940428440184064e-01 5.821022540821307878e-01 3.735843689995831385e-01 9.404139161120582679e-01 2.044821485504874081e-01 3.454763348319425109e-01 4.218752305185885509e-01 5.783938717947046948e-01 5.462445345205289016e-01 0.000000000000000000e+00 8.914856590257295155e-01 9.796510197640077022e-01 5.831309903919932314e-01 9.995694317478871493e-01 5.400835455997189394e-01 4.635000974226243242e-01 8.615107368432969315e-01 3.460689918085371186e-01 9.315124755737632656e-01 6.901298184441366779e-01 1.171667071718708319e-01 2.311674636545947292e-01 4.919991929121793062e-01 5.295799235607087097e-01 2.119623062705431327e-01 1.010239568469959437e-01
9.469030084733053299e-01 9.161470613137295826e-01 6.930773501744081910e-01 8.413799106371536718e-01 9.482288587608626029e-01 8.390215796309294927e-01 2.929752577103152955e-01 4.590957476523540581e-01 6.724417989701565457e-01 1.980366906103965263e-01 7.663035348317008832e-01 6.152448399575218829e-01 7.161887613036272970e-01 8.914856590257295155e-01 0.000000000000000000e+00 4.405055322816074925e-01 8.332828575476789457e-01 6.585240626718971146e-01 6.226578569538510077e-02 9.837496662944209547e-01 7.353483593284976250e-01 6.404037903328897441e-01 3.128057694707074843e-01 1.018295167167897475e-01 3.356913568895874000e-01 9.046498683882084890e-01 9.354790073395991001e-02 9.604434274175531749e-01 6.123246120208437615e-01 1.566061959690802086e-01
6.138686071976456882e-01 9.309689603961703863e-01 3.395461583507924930e-01 3.372738678705688997e-02 2.938267708714459303e-02 1.372515940375143018e-01 1.625126305965122198e-01 2.640257459850499089e-01 3.409977059201148020e-01 4.229922521202622576e-01 7.424507711930372622e-03 5.583073110591807442e-03 2.745974746950309298e-01 9.796510197640077022e-01 4.405055322816074925e-01 0.000000000000000000e+00 4.564297094763658524e-02 7.162371332242818411e-01 3.739210033607931472e-02 7.078271733922635311e-01 3.219390951544925938e-01 9.469897715078248179e-01 6.456188849850071909e-01 8.062313541550770735e-01 1.015758622476459205e-02 1.853713323758686693e-01 5.539894580241414568e-01 4.648745596051130358e-01 5.072640341442595791e-01 5.131638027963528748e-01
8.673498478295196268e-01 2.186380213226122304e-01 7.156029477361470770e-01 2.874801277376938247e-01 5.449923170258909044e-01 7.939725388375009629e-01 3.486459484840206402e-01 4.829766841621859763e-01 1.894368984635937947e-01 2.996478133579013603e-01 4.232250676018488589e-01 7.587867072800944523e-01 1.894187555429033276e-01 5.831309903919932314e-01 8.332828575476789457e-01 4.564297094763658524e-02 0.000000000000000000e+00 8.727128176531500081e-01 5.263132821095711789e-01 3.809383081430534057e-01 5.287020500801309364e-02 8.344839425978741732e-01 8.317128766171463239e-01 3.395071374443576762e-01 6.806755588249061573e-01 2.533218055378350098e-01 2.259504012420940899e-01 9.800526195324449352e-01 4.808194642802523511e-01 6.082621922531387115e-01
2.950885469944364292e-01 1.222799767778027791e-01 3.686078491082108721e-01 3.299402657908967473e-01 5.906769023122331319e-01 7.189131894261328037e-01 6.292709135185745595e-01 9.752355103430498939e-01 1.793643005028116022e-01 8.424509123238543840e-02 7.291651681325448386e-01 3.120456293763985700e-01 4.231693084345473643e-01 9.995694317478871493e-01 6.585240626718971146e-01 7.162371332242818411e-01 8.727128176531500081e-01 0.000000000000000000e+00 2.933200684429309035e-01 4.342758943179607645e-01 8.875641595669134798e-01 9.702181836152846683e-01 2.071323945039802439e-01 3.550843973874884263e-01 7.228705735334629567e-01 1.715100431204407139e-01 7.969362184246322478e-01 9.523702208131979985e-01 9.697617225695007726e-01 9.831415142398044482e-01
6.779778495046786535e-01 4.706672972064490645e-01 3.327780217391974604e-01 2.540653996270795245e-01 7.159755989021396871e-01 5.569496064459501516e-01 2.938105521292913025e-01 5.594410650971770593e-02 7.515859990460377338e-01 6.809637966402145581e-01 1.603672636347558411e-01 3.895394483154054344e-01 3.058203568512042336e-01 5.400835455997189394e-01 6.226578569538510077e-02 3.739210033607931472e-02 5.263132821095711789e-01 2.933200684429309035e-01 0.000000000000000000e+00 3.314349823982566390e-01 3.043525178789907581e-02 7.679556911297756860e-01 2.225412403397415417e-01 6.675321048644212718e-01 4.531170485431851302e-01 2.933151155024221746e-01 3.103770651856253560e-01 5.606467992945802781e-01 2.275315506034841784e-01 1.944399845249678016e-02
9.260411847601678348e-01 5.303943695289744520e-01 6.015532102778503587e-01 1.118622326301896841e-01 3.964262801696877281e-01 1.869324675353857268e-01 8.141936100996786108e-01 7.938781801048310216e-01 5.380055070836710085e-01 7.479753206578798608e-01 7.856929007751667360e-02 3.193108625685471269e-01 5.462641641976392348e-01 4.635000974226243242e-01 9.837496662944209547e-01 7.078271733922635311e-01 3.809383081430534057e-01 4.342758943179607645e-01 3.314349823982566390e-01 0.000000000000000000e+00 9.524737424980789235e-02 6.267538345767944552e-01 1.790772628717802739e-01 9.020337865545283718e-01 7.997634982826092864e-01 1.757158353200178880e-01 4.337829228705358808e-01 6.812343284294801737e-01 3.146723153912067694e-03 7.635154196943211291e-01
3.548138761061708779e-01 5.692671743627591985e-01 3.716761644244930274e-01 4.985218875181953724e-01 6.328458089532355002e-01 3.940201286631563882e-01 9.256775478453938000e-02 9.997592863368593985e-01 4.967322230847988074e-01 7.941130617219129828e-01 1.863887173024130206e-01 8.309998590915527172e-01 9.184286688236237284e-01 8.615107368432969315e-01 7.353483593284976250e-01 3.219390951544925938e-01 5.287020500801309364e-02 8.875641595669134798e-01 3.043525178789907581e-02 9.524737424980789235e-02 0.000000000000000000e+00 7.161957098870853633e-01 7.457110208353414649e-01 3.566049227983534298e-01 5.678651707816338989e-01 7.914104453106021175e-01 5.697800150718478340e-01 5.379794040217308337e-01 6.739676379386805305e-01 5.688929432731821834e-01
9.638195331368613061e-01 4.500874144725118819e-01 9.655954233151294863e-01 7.285197676358879937e-01 7.765239420058076547e-01 3.733936345159509784e-01 8.277153245275815641e-01 4.219866183857720054e-01 3.669502482265232235e-01 2.666074617510060252e-01 2.688666584983103736e-01 3.652663018064119527e-01 1.333414137005807243e-01 3.460689918085371186e-01 6.404037903328897441e-01 9.469897715078248179e-01 8.344839425978741732e-01 9.702181836152846683e-01 7.679556911297756860e-01 6.267538345767944552e-01 7.161957098870853633e-01 0.000000000000000000e+00 6.185919140448270515e-02 8.194482037662839113e-01 9.446725659824664056e-01 3.571800296715582634e-01 5.065815261816941639e-02 9.757254038718179423e-01 9.628421731403563610e-01 8.158209391846674707e-01
3.866543240425065475e-01 6.237848016184491806e-01 6.965155822579754963e-01 4.161695625975858626e-02 9.751547206787745115e-01 1.104566406298215231e-01 5.634743511266816496e-01 6.793087871220319096e-01 6.127837846856021287e-02 1.686013191730563188e-01 1.758341760324483305e-01 3.086061627226498461e-01 5.202670699272952115e-01 9.315124755737632656e-01 3.128057694707074843e-01 6.456188849850071909e-01 8.317128766171463239e-01 2.071323945039802439e-01 2.225412403397415417e-01 1.790772628717802739e-01 7.457110208353414649e-01 6.185919140448270515e-02 0.000000000000000000e+00 3.561404536299050960e-02 7.858818790439435764e-01 6.092932072909300611e-01 5.608793902668334219e-01 5.000091084446312006e-01 3.328850662806435157e-01 6.365005007487379851e-01
5.949379045840901270e-01 9.541960912808002959e-01 6.645002956795668103e-01 1.147822241729057335e-01 4.647727742024643227e-01 9.924834170639383890e-01 7.274956221308530591e-01 3.110431313018280353e-01 4.944880551986980954e-01 1.837098496069521358e-01 3.984765635808862339e-02 3.358735592557959837e-01 6.932434078616033224e-01 6.901298184441366779e-01 1.018295167167897475e-01 8.062313541550770735e-01 3.395071374443576762e-01 3.550843973874884263e-01 6.675321048644212718e-01 9.020337865545283718e-01 3.566049227983534298e-01 8.194482037662839113e-01 3.561404536299050960e-02 0.000000000000000000e+00 1.131804247364506244e-01 1.166208031467051986e-01 5.634008344585940131e-01 9.815364608683223580e-01 9.990863451916336402e-01 3.958246337731289310e-01
5.582937636759602862e-01 2.247144132314977671e-01 4.719860016000690939e-01 6.133356432760345145e-01 4.460226865121692530e-01 5.634755219112493885e-01 1.187905907941962935e-01 5.811064098170879433e-01 1.323205327268206499e-01 3.931026905075366562e-01 3.676907798896749124e-01 5.025797221105349211e-01 7.515811559470410019e-01 1.171667071718708319e-01 3.356913568895874000e-01 1.015758622476459205e-02 6.806755588249061573e-01 7.228705735334629567e-01 4.531170485431851302e-01 7.997634982826092864e-01 5.678651707816338989e-01 9.446725659824664056e-01 7.858818790439435764e-01 1.131804247364506244e-01 0.000000000000000000e+00 2.538043079428846660e-01 8.843150406854949352e-01 3.608886340659500647e-01 8.015924639017495412e-01 4.005723353357488747e-01
1.389748490493875055e-01 4.183537105794461475e-01 8.308801480153280572e-01 6.030054607536396993e-01 2.726845840874106974e-01 9.671042583337436938e-01 9.902490303956633655e-01 5.263604379768049846e-01 4.087605438591943585e-01 1.255775947208934706e-01 7.120479192611203212e-01 6.247086994775622459e-01 7.675228301478566051e-01 2.311674636545947292e-01 9.046498683882084890e-01 1.853713323758686693e-01 2.533218055378350098e-01 1.715100431204407139e-01 2.933151155024221746e-01 1.757158353200178880e-01 7.914104453106021175e-01 3.571800296715582634e-01 6.092932072909300611e-01 1.166208031467051986e-01 2.538043079428846660e-01 0.000000000000000000e+00 7.763332871864114804e-02 6.549318316049919098e-01 5.746943059620535088e-02 1.619020040724505893e-01
9.297852955058824032e-01 5.010469363573065715e-01 7.853335759233817104e-01 6.449520214037469668e-01 9.437912981392412304e-01 4.233205054456670169e-01 5.209560338152452452e-03 3.308930836700093581e-01 6.301397828906701859e-01 2.380536764746037370e-01 3.352888777873451742e-01 9.802572154835824669e-01 6.072740853695112184e-01 4.919991929121793062e-01 9.354790073395991001e-02 5.539894580241414568e-01 2.259504012420940899e-01 7.969362184246322478e-01 3.103770651856253560e-01 4.337829228705358808e-01 5.697800150718478340e-01 5.065815261816941639e-02 5.608793902668334219e-01 5.634008344585940131e-01 8.843150406854949352e-01 7.763332871864114804e-02 0.000000000000000000e+00 6.423106317401761078e-01 9.146755411997591345e-01 4.199597648341393263e-01
8.291772894878373101e-01 5.682579559218019494e-01 9.536877113346328150e-01 4.206231823032583472e-01 4.012816984055540548e-01 1.032801480780793923e-01 4.576305556956384857e-01 7.112374891388906217e-02 4.218045846355455986e-01 5.677611907455630824e-01 5.242671247224937048e-01 5.252262782064202051e-01 9.052432329237585229e-01 5.295799235607087097e-01 9.604434274175531749e-01 4.648745596051130358e-01 9.800526195324449352e-01 9.523702208131979985e-01 5.606467992945802781e-01 6.812343284294801737e-01 5.379794040217308337e-01 9.757254038718179423e-01 5.000091084446312006e-01 9.815364608683223580e-01 3.608886340659500647e-01 6.549318316049919098e-01 6.423106317401761078e-01 0.000000000000000000e+00 6.735356045466855957e-01 2.721469715052187155e-01
8.690806188455445502e-01 7.521614597734037622e-01 6.462009089389857408e-01 4.635688970635759576e-01 6.355249662309297998e-01 9.686800573871220399e-01 3.581123694997467855e-01 4.836069319806005629e-01 8.987115071375741948e-01 6.763291191299025673e-01 9.464684194852432952e-01 6.224206162788936680e-01 2.088944778889433307e-01 2.119623062705431327e-01 6.123246120208437615e-01 5.072640341442595791e-01 4.808194642802523511e-01 9.697617225695007726e-01 2.275315506034841784e-01 3.146723153912067694e-03 6.739676379386805305e-01 9.628421731403563610e-01 3.328850662806435157e-01 9.990863451916336402e-01 8.015924639017495412e-01 5.746943059620535088e-02 9.146755411997591345e-01 6.735356045466855957e-01 0.000000000000000000e+00 2.894755144981614459e-01
6.863634663512611089e-01 2.548289454918792885e-01 5.591972537724049230e-01 3.282255330211196753e-01 1.133429955974623038e-01 2.071393606703672008e-01 4.277225871115121203e-01 8.665779706996682430e-01 4.389037196106543304e-01 8.829652900265618776e-01 9.960281448469087140e-01 9.404584651993678213e-01 4.926335007014471801e-01 1.010239568469959437e-01 1.566061959690802086e-01 5.131638027963528748e-01 6.082621922531387115e-01 9.831415142398044482e-01 1.944399845249678016e-02 7.635154196943211291e-01 5.688929432731821834e-01 8.158209391846674707e-01 6.365005007487379851e-01 3.958246337731289310e-01 4.005723353357488747e-01 1.619020040724505893e-01 4.199597648341393263e-01 2.721469715052187155e-01 2.894755144981614459e-01 0.000000000000000000e+00
