0.000000000000000000e+00 4.666597172542256144e-01 7.098342199730423019e-02 1.913219127920725571e-01 2.989784192063230650e-01 5.886133164678828411e-01 5.817651765414590948e-01 7.316487648052069082e-01 8.983197837858170054e-03 8.322427806429038011e-01 1.027837112588412261e-01 1.764340408583137121e-01 5.761950095974903707e-01 5.738669836571508309e-02 9.500596960898570753e-01 4.010345093964391427e-01 5.590205422611742581e-01 5.589858999460421973e-01 4.365719823008977762e-01 5.301689737260046886e-01 3.125222180742029954e-01 6.408437973215661554e-01 1.682836317432204742e-01 7.604521786031726016e-02 6.366011844852229595e-01 4.275362264805688817e-01 8.571939424906345195e-01 3.802384312264568411e-01 8.469377489251044278e-01 5.969693421278999823e-01
4.666597172542256144e-01 0.000000000000000000e+00 5.643845917774398258e-01 1.291857603663413290e-01 2.720819036037399608e-01 7.564624658179740502e-01 8.023060883691341960e-01 7.379665014548024704e-01 5.289545284950147863e-01 6.074843216788508027e-01 4.465004659870919212e-01 8.152685582653846907e-01 6.908653337243949588e-01 8.666106907777072488e-01 1.896773971392060609e-01 3.515308600260091954e-01 9.104084934604028678e-02 5.428716786763221336e-02 3.895353564766779186e-03 3.989810748017443842e-01 4.396635758322073873e-01 4.236468282512481087e-01 4.560080003147541916e-01 5.922393918617194775e-01 1.226203450184293331e-02 3.983025032397881082e-01 5.542775334872188653e-01 9.317814201814678121e-02 2.116315575887904865e-01 4.549314594725166749e-01
7.098342199730423019e-02 5.643845917774398258e-01 0.000000000000000000e+00 6.295056690888894968e-01 6.223733607491455100e-01 3.129152607389816820e-01 8.490872295479465759e-01 7.795879223859002449e-01 6.924019725971343187e-01 1.139917622150081744e-01 9.488722192115723875e-01 8.336799541036856720e-01 3.761428708601231019e-01 2.708160149832643526e-01 1.120661873664936525e-01 7.364024483206513816e-01 2.676817283531527369e-01 7.366707009616509927e-01 1.120069849749700808e-01 9.701879523051398779e-01 2.059231614744694294e-02 5.030202811363337911e-01 5.022025464670828443e-01 4.132916062252280920e-01 5.118761910906532986e-01 3.039117969829745469e-01 8.372272624792899132e-01 4.152293445061626675e-01 2.214623163918013615e-01 9.525059600206409183e-02
1.913219127920725571e-01 1.291857603663413290e-01 6.295056690888894968e-01 0.000000000000000000e+00 3.318244438116166872e-01 4.885028913496595182e-01 9.784237675909629450e-01 8.925224045067376988e-01 3.500888856590621545e-01 9.730522305333537680e-01 9.985225691964394468e-01 7.039238739851606530e-01 2.609505681857602344e-01 9.566510693767782403e-02 5.539907417376893628e-01 2.200155023983190183e-01 5.932328212664091938e-01 9.238685170447900052e-01 6.922846072063857381e-01 5.825857567162168182e-01 8.359265791287762148e-03 2.470001245948610924e-01 1.164648530853373831e-01 8.484036457226648009e-01 2.230670035978303822e-01 3.756202456464505790e-01 5.838032084860864668e-01 2.055943207211168300e-01 4.403679115386888165e-01 1.224954266378099899e-01
2.989784192063230650e-01 2.720819036037399608e-01 6.223733607491455100e-01 3.318244438116166872e-01 0.000000000000000000e+00 1.112718711454180331e-01 7.292013910936459009e-01 7.943596325038926320e-02 9.580016358481397987e-01 6.284179083602493554e-01 5.882892358296375468e-01 9.648289441141680856e-01 2.738079935858511726e-01 8.997606637163562127e-01 3.864863966151839136e-01 6.217100638653810796e-01 3.005732885655848508e-01 1.574372647205817266e-01 7.900297926379902247e-01 2.449538018741724832e-01 6.619589914949469689e-01 4.403088600749277548e-01 4.290923568509045216e-01 6.746865988624514143e-01 5.479001749241090291e-01 8.018575678559862752e-01 8.870157577867185950e-01 9.741489534271230433e-02 5.013236124988110776e-01 8.272185982204149912e-01
5.886133164678828411e-01 7.564624658179740502e-01 3.129152607389816820e-01 4.885028913496595182e-01 1.112718711454180331e-01 0.000000000000000000e+00 6.894556244092155950e-01 4.763439811756285946e-01 5.318190599413171737e-01 5.892593493350972711e-01 2.851149262510251914e-01 6.188969603052816293e-01 9.558009915030665216e-01 6.127460738999805923e-01 1.922738187116134201e-01 6.846189279845428244e-01 6.501282428383516887e-01 2.777385128635290190e-01 1.455922862933726192e-01 1.986747265969734944e-01 5.385077353402611955e-01 4.090939544539644590e-01 7.224708856993888872e-03 6.722341342041576739e-01 9.937391334884602134e-01 3.936799520623189830e-01 7.430777617216332009e-01 5.296528761705231458e-01 6.431392500670662926e-01 4.553540463111585002e-01
5.817651765414590948e-01 8.023060883691341960e-01 8.490872295479465759e-01 9.784237675909629450e-01 7.292013910936459009e-01 6.894556244092155950e-01 0.000000000000000000e+00 2.005470326412847060e-01 2.891975336394819740e-01 8.832843271087040815e-01 6.604628827504197552e-01 5.725679873357550909e-01 5.581842589096186469e-01 8.106918109785247184e-01 8.895326337557912799e-01 9.956976658112669520e-01 5.689248977644202343e-01 7.946853697618356804e-01 9.383353778518567223e-01 8.063949367567480042e-02 1.568701779026332455e-01 1.447896800838517350e-01 7.673948760190918428e-02 9.397805857081350522e-01 6.566896598932991935e-02 9.781889433210281259e-01 9.394951361361226772e-01 6.605524642089384280e-01 9.633794628707899044e-01 7.805196077816258793e-01
7.316487648052069082e-01 7.379665014548024704e-01 7.795879223859002449e-01 8.925224045067376988e-01 7.943596325038926320e-02 4.763439811756285946e-01 2.005470326412847060e-01 0.000000000000000000e+00 4.986756069157168847e-01 4.685765220191656644e-01 7.338072217790553298e-01 5.165676790535946861e-01 9.997763656253841891e-01 2.508640828622459296e-01 9.593218940615033663e-01 3.356185256768962066e-02 7.936226840841398289e-02 1.320613928065097475e-01 4.147377613581169076e-01 1.223985283004449531e-01 3.343150491612689734e-01 9.327536558927430610e-01 4.947906568065831845e-01 6.697418952600714404e-01 1.299228149399094256e-01 6.893565726773798197e-02 9.148047437971712492e-01 6.997824415979119195e-01 7.045779557321074638e-01 6.596821269047966618e-01
8.983197837858170054e-03 5.289545284950147863e-01 6.924019725971343187e-01 3.500888856590621545e-01 9.580016358481397987e-01 5.318190599413171737e-01 2.891975336394819740e-01 4.986756069157168847e-01 0.000000000000000000e+00 5.264175926115475246e-01 7.415913018872896112e-01 6.657352379951783083e-01 7.252912121054053696e-01 1.971158767189674643e-01 9.313116872295845727e-02 1.423366224046770379e-01 8.788741287300501082e-01 4.446500569599788344e-01 8.858052493405274008e-01 4.628299148844589039e-01 1.185804895822872851e-03 6.042351984044458391e-03 1.376627297740656841e-01 2.965184876820460280e-01 8.869418084666526036e-01 8.063137150287659205e-01 7.038266819804914753e-01 4.960365471736841725e-01 4.435562346527868183e-01 7.205966033918709268e-02
8.322427806429038011e-01 6.074843216788508027e-01 1.139917622150081744e-01 9.730522305333537680e-01 6.284179083602493554e-01 5.892593493350972711e-01 8.832843271087040815e-01 4.685765220191656644e-01 5.264175926115475246e-01 0.000000000000000000e+00 7.410049147718492657e-01 4.965263330049751733e-02 4.177622843129992214e-01 6.465630171990214281e-01 3.642865753339795676e-01 3.103382797778565516e-01 3.113447462547231925e-01 2.916075788023672066e-01 2.030605720774980583e-01 8.052159715217611646e-01 6.237668384513107567e-01 5.935925547616509590e-01 7.465189058247226894e-01 7.940149198807089359e-01 3.235141965251557838e-01 9.256838446027978451e-01 7.045419030929980231e-01 6.109740479179407435e-01 8.517824971914289556e-01 4.925775855965908168e-01
1.027837112588412261e-01 4.465004659870919212e-01 9.488722192115723875e-01 9.985225691964394468e-01 5.882892358296375468e-01 2.851149262510251914e-01 6.604628827504197552e-01 7.338072217790553298e-01 7.415913018872896112e-01 7.410049147718492657e-01 0.000000000000000000e+00 3.445399945519838081e-01 2.549175459193024906e-01 7.846337913678522735e-01 3.724924553147751505e-01 1.874399483241592224e-01 6.672128349598879238e-01 3.239825722521093576e-01 8.945854988199151148e-01 1.881001750335288270e-01 6.310940980373107578e-01 7.778258533138696640e-01 2.790176448568617573e-01 1.370809350245013603e-01 6.372797418955359339e-01 9.279872256093943950e-01 3.097440826870923036e-02 5.021865778989439422e-01 8.741646612223991086e-01 4.222757652841468978e-02
1.764340408583137121e-01 8.152685582653846907e-01 8.336799541036856720e-01 7.039238739851606530e-01 9.648289441141680856e-01 6.188969603052816293e-01 5.725679873357550909e-01 5.165676790535946861e-01 6.657352379951783083e-01 4.965263330049751733e-02 3.445399945519838081e-01 0.000000000000000000e+00 9.814316700034771968e-01 8.840428405142922719e-01 4.113846421361005978e-01 3.723659103460351671e-01 9.286802861432419398e-01 1.034993177924229402e-01 7.455456562018379918e-01 4.540705495615646736e-01 1.376204970918992743e-02 2.591081490395157338e-01 5.623419312419386529e-03 4.946569409825657404e-01 4.102859018886405584e-01 8.532676099893414801e-01 5.591106852658053183e-01 5.244302600058859953e-01 6.454257128716064384e-01 4.422425704940885494e-01
5.761950095974903707e-01 6.908653337243949588e-01 3.761428708601231019e-01 2.609505681857602344e-01 2.738079935858511726e-01 9.558009915030665216e-01 5.581842589096186469e-01 9.997763656253841891e-01 7.252912121054053696e-01 4.177622843129992214e-01 2.549175459193024906e-01 9.814316700034771968e-01 0.000000000000000000e+00 3.749175454405720975e-01 3.811174373522663306e-02 8.353364856800201688e-01 6.765758996428985483e-01 7.466777240893962553e-01 4.319118489098472402e-02 2.918067163739165304e-01 8.724225920366351916e-01 3.170851850251100723e-01 6.967234404325773900e-01 3.708455272509809664e-01 8.691349087594913980e-01 2.732207963534771800e-02 2.007299362706171930e-01 9.672546335159841746e-01 4.284491473107931991e-01 8.006223901283394673e-01
5.738669836571508309e-02 8.666106907777072488e-01 2.708160149832643526e-01 9.566510693767782403e-02 8.997606637163562127e-01 6.127460738999805923e-01 8.106918109785247184e-01 2.508640828622459296e-01 1.971158767189674643e-01 6.465630171990214281e-01 7.846337913678522735e-01 8.840428405142922719e-01 3.749175454405720975e-01 0.000000000000000000e+00 4.645865296259434896e-01 1.783055034535701022e-01 6.948051848799849939e-01 5.209144313686211447e-01 5.633237434349891437e-02 2.999457066313235831e-01 7.353837771778460874e-01 9.450835229352571032e-01 2.656157184804393001e-01 8.718149563434010041e-01 1.886346631760555947e-01 3.364087578429103553e-01 3.734153189502997794e-02 5.039416983195876831e-03 8.230090589392596856e-01 4.052123597638030983e-01
9.500596960898570753e-01 1.896773971392060609e-01 1.120661873664936525e-01 5.539907417376893628e-01 3.864863966151839136e-01 1.922738187116134201e-01 8.895326337557912799e-01 9.593218940615033663e-01 9.313116872295845727e-02 3.642865753339795676e-01 3.724924553147751505e-01 4.113846421361005978e-01 3.811174373522663306e-02 4.645865296259434896e-01 0.000000000000000000e+00 2.689506190444369560e-01 8.909743296874537144e-01 2.905442624271000751e-01 8.153496300847959954e-01 3.579385875994841593e-01 5.226064503470285727e-01 1.363726110433740590e-01 7.374599063379709829e-01 4.556962512009272714e-01 2.526480034206021186e-01 4.074364023381382705e-02 4.858491726835053592e-01 2.849793029880010042e-01 6.937910426970583799e-02 9.485503314314585044e-01
4.010345093964391427e-01 3.515308600260091954e-01 7.364024483206513816e-01 2.200155023983190183e-01 6.217100638653810796e-01 6.846189279845428244e-01 9.956976658112669520e-01 3.356185256768962066e-02 1.423366224046770379e-01 3.103382797778565516e-01 1.874399483241592224e-01 3.723659103460351671e-01 8.353364856800201688e-01 1.783055034535701022e-01 2.689506190444369560e-01 0.000000000000000000e+00 1.154281031552881753e-01 2.149432014258133572e-01 7.201454925809213092e-01 6.647278193947316893e-01 4.827415490291712130e-01 1.977208886355095174e-01 2.674327146636846786e-01 9.942994634941106913e-01 6.007383200307749860e-01 8.231729863190495600e-01 2.369303865174960944e-01 5.779818615346909993e-01 2.510808489843268099e-01 9.223759847038806026e-01
5.590205422611742581e-01 9.104084934604028678e-02 2.676817283531527369e-01 5.932328212664091938e-01 3.005732885655848508e-01 6.501282428383516887e-01 5.689248977644202343e-01 7.936226840841398289e-02 8.788741287300501082e-01 3.113447462547231925e-01 6.672128349598879238e-01 9.286802861432419398e-01 6.765758996428985483e-01 6.948051848799849939e-01 8.909743296874537144e-01 1.154281031552881753e-01 0.000000000000000000e+00 9.800026857967725213e-01 1.086626334488303147e-01 8.044625474242685925e-01 6.223897234998966299e-01 9.069354009181855858e-01 2.107326793128113662e-01 5.375664752467798069e-01 5.606026635481818898e-01 1.644414856486832166e-01 1.836025671475560728e-02 7.749254172715950295e-01 3.361296756291999310e-01 5.444061971583996629e-01
5.589858999460421973e-01 5.428716786763221336e-02 7.366707009616509927e-01 9.238685170447900052e-01 1.574372647205817266e-01 2.777385128635290190e-01 7.946853697618356804e-01 1.320613928065097475e-01 4.446500569599788344e-01 2.916075788023672066e-01 3.239825722521093576e-01 1.034993177924229402e-01 7.466777240893962553e-01 5.209144313686211447e-01 2.905442624271000751e-01 2.149432014258133572e-01 9.800026857967725213e-01 0.000000000000000000e+00 5.547895663324295956e-01 7.829188596965375169e-02 4.844066902825509002e-01 9.304430954662085140e-01 7.170465866056179305e-01 5.482385741015072256e-01 2.864181913839999316e-01 2.231998441707161440e-01 9.875995479534571686e-02 4.470167005704935859e-01 5.702857017141087503e-01 3.742355919273235854e-01
4.365719823008977762e-01 3.895353564766779186e-03 1.120069849749700808e-01 6.922846072063857381e-01 7.900297926379902247e-01 1.455922862933726192e-01 9.383353778518567223e-01 4.147377613581169076e-01 8.858052493405274008e-01 2.030605720774980583e-01 8.945854988199151148e-01 7.455456562018379918e-01 4.319118489098472402e-02 5.633237434349891437e-02 8.153496300847959954e-01 7.201454925809213092e-01 1.086626334488303147e-01 5.547895663324295956e-01 0.000000000000000000e+00 1.986116430213367146e-01 1.715446750895263106e-01 3.491207359599061144e-01 9.919591738681066140e-01 3.480614149143281821e-01 4.019268246498040043e-01 6.080286117088733455e-01 8.597723002719703800e-02 8.881223587518093376e-01 3.143150497839540813e-01 9.105454780285332506e-01
5.301689737260046886e-01 3.989810748017443842e-01 9.701879523051398779e-01 5.825857567162168182e-01 2.449538018741724832e-01 1.986747265969734944e-01 8.063949367567480042e-02 1.223985283004449531e-01 4.628299148844589039e-01 8.052159715217611646e-01 1.881001750335288270e-01 4.540705495615646736e-01 2.918067163739165304e-01 2.999457066313235831e-01 3.579385875994841593e-01 6.647278193947316893e-01 8.044625474242685925e-01 7.829188596965375169e-02 1.986116430213367146e-01 0.000000000000000000e+00 2.525770898061890923e-01 2.537062404184331488e-01 5.088311600296632209e-01 3.247462050622886842e-01 5.300348549509841245e-01 2.731890522497697482e-01 7.996888081550510563e-01 3.853700794927706896e-01 2.131788322929830670e-01 7.880872773821276933e-01
3.125222180742029954e-01 4.396635758322073873e-01 2.059231614744694294e-02 8.359265791287762148e-03 6.619589914949469689e-01 5.385077353402611955e-01 1.568701779026332455e-01 3.343150491612689734e-01 1.185804895822872851e-03 6.237668384513107567e-01 6.310940980373107578e-01 1.376204970918992743e-02 8.724225920366351916e-01 7.353837771778460874e-01 5.226064503470285727e-01 4.827415490291712130e-01 6.223897234998966299e-01 4.844066902825509002e-01 1.715446750895263106e-01 2.525770898061890923e-01 0.000000000000000000e+00 9.296612442647778085e-01 2.355306273510126003e-01 8.802978834156759413e-01 1.003658263516912230e-01 9.732328767212399256e-01 8.932518257926008731e-01 4.392702400337813451e-01 2.658607280243984183e-01 9.022119959712945336e-01
6.408437973215661554e-01 4.236468282512481087e-01 5.030202811363337911e-01 2.470001245948610924e-01 4.403088600749277548e-01 4.090939544539644590e-01 1.447896800838517350e-01 9.327536558927430610e-01 6.042351984044458391e-03 5.935925547616509590e-01 7.778258533138696640e-01 2.591081490395157338e-01 3.170851850251100723e-01 9.450835229352571032e-01 1.363726110433740590e-01 1.977208886355095174e-01 9.069354009181855858e-01 9.304430954662085140e-01 3.491207359599061144e-01 2.537062404184331488e-01 9.296612442647778085e-01 0.000000000000000000e+00 8.097672701267277784e-02 5.612781468533407647e-01 3.145437476605550398e-01 7.766210464953109405e-01 5.308618934354488728e-01 3.432473213335606177e-01 2.885916050405010758e-01 9.726239912695846535e-01
1.682836317432204742e-01 4.560080003147541916e-01 5.022025464670828443e-01 1.164648530853373831e-01 4.290923568509045216e-01 7.224708856993888872e-03 7.673948760190918428e-02 4.947906568065831845e-01 1.376627297740656841e-01 7.465189058247226894e-01 2.790176448568617573e-01 5.623419312419386529e-03 6.967234404325773900e-01 2.656157184804393001e-01 7.374599063379709829e-01 2.674327146636846786e-01 2.107326793128113662e-01 7.170465866056179305e-01 9.919591738681066140e-01 5.088311600296632209e-01 2.355306273510126003e-01 8.097672701267277784e-02 0.000000000000000000e+00 5.834765480497339230e-02 8.065862415059417145e-01 8.909577675105450068e-01 9.254362234403666898e-01 5.374836721720649413e-01 9.401756518299160259e-01 8.082978932907052272e-01
7.604521786031726016e-02 5.922393918617194775e-01 4.132916062252280920e-01 8.484036457226648009e-01 6.746865988624514143e-01 6.722341342041576739e-01 9.397805857081350522e-01 6.697418952600714404e-01 2.965184876820460280e-01 7.940149198807089359e-01 1.370809350245013603e-01 4.946569409825657404e-01 3.708455272509809664e-01 8.718149563434010041e-01 4.556962512009272714e-01 9.942994634941106913e-01 5.375664752467798069e-01 5.482385741015072256e-01 3.480614149143281821e-01 3.247462050622886842e-01 8.802978834156759413e-01 5.612781468533407647e-01 5.834765480497339230e-02 0.000000000000000000e+00 3.322610197641930885e-01 6.118889240864944234e-02 8.046770754864498443e-01 2.820391230350873801e-01 1.021896287599174391e-01 6.925191099985791299e-01
6.366011844852229595e-01 1.226203450184293331e-02 5.118761910906532986e-01 2.230670035978303822e-01 5.479001749241090291e-01 9.937391334884602134e-01 6.566896598932991935e-02 1.299228149399094256e-01 8.869418084666526036e-01 3.235141965251557838e-01 6.372797418955359339e-01 4.102859018886405584e-01 8.691349087594913980e-01 1.886346631760555947e-01 2.526480034206021186e-01 6.007383200307749860e-01 5.606026635481818898e-01 2.864181913839999316e-01 4.019268246498040043e-01 5.300348549509841245e-01 1.003658263516912230e-01 3.145437476605550398e-01 8.065862415059417145e-01 3.322610197641930885e-01 0.000000000000000000e+00 6.235477315950245236e-01 4.499226427704523523e-01 3.838574310101284803e-01 9.417771279367376236e-01 3.605006044714921254e-01
4.275362264805688817e-01 3.983025032397881082e-01 3.039117969829745469e-01 3.756202456464505790e-01 8.018575678559862752e-01 3.936799520623189830e-01 9.781889433210281259e-01 6.893565726773798197e-02 8.063137150287659205e-01 9.256838446027978451e-01 9.279872256093943950e-01 8.532676099893414801e-01 2.732207963534771800e-02 3.364087578429103553e-01 4.074364023381382705e-02 8.231729863190495600e-01 1.644414856486832166e-01 2.231998441707161440e-01 6.080286117088733455e-01 2.731890522497697482e-01 9.732328767212399256e-01 7.766210464953109405e-01 8.909577675105450068e-01 6.118889240864944234e-02 6.235477315950245236e-01 0.000000000000000000e+00 2.796964463058969619e-01 7.131276253193703507e-01 9.399161796973565242e-01 7.519317610824203246e-01
8.571939424906345195e-01 5.542775334872188653e-01 8.372272624792899132e-01 5.838032084860864668e-01 8.870157577867185950e-01 7.430777617216332009e-01 9.394951361361226772e-01 9.148047437971712492e-01 7.038266819804914753e-01 7.045419030929980231e-01 3.097440826870923036e-02 5.591106852658053183e-01 2.007299362706171930e-01 3.734153189502997794e-02 4.858491726835053592e-01 2.369303865174960944e-01 1.836025671475560728e-02 9.875995479534571686e-02 8.597723002719703800e-02 7.996888081550510563e-01 8.932518257926008731e-01 5.308618934354488728e-01 9.254362234403666898e-01 8.046770754864498443e-01 4.499226427704523523e-01 2.796964463058969619e-01 0.000000000000000000e+00 4.222919322455765956e-01 3.959426931859458820e-01 4.060631665464655704e-01
3.802384312264568411e-01 9.317814201814678121e-02 4.152293445061626675e-01 2.055943207211168300e-01 9.741489534271230433e-02 5.296528761705231458e-01 6.605524642089384280e-01 6.997824415979119195e-01 4.960365471736841725e-01 6.109740479179407435e-01 5.021865778989439422e-01 5.244302600058859953e-01 9.672546335159841746e-01 5.039416983195876831e-03 2.849793029880010042e-01 5.779818615346909993e-01 7.749254172715950295e-01 4.470167005704935859e-01 8.881223587518093376e-01 3.853700794927706896e-01 4.392702400337813451e-01 3.432473213335606177e-01 5.374836721720649413e-01 2.820391230350873801e-01 3.838574310101284803e-01 7.131276253193703507e-01 4.222919322455765956e-01 0.000000000000000000e+00 5.112789229099083954e-01 5.475190998049531688e-01
8.469377489251044278e-01 2.116315575887904865e-01 2.214623163918013615e-01 4.403679115386888165e-01 5.013236124988110776e-01 6.431392500670662926e-01 9.633794628707899044e-01 7.045779557321074638e-01 4.435562346527868183e-01 8.517824971914289556e-01 8.741646612223991086e-01 6.454257128716064384e-01 4.284491473107931991e-01 8.230090589392596856e-01 6.937910426970583799e-02 2.510808489843268099e-01 3.361296756291999310e-01 5.702857017141087503e-01 3.143150497839540813e-01 2.131788322929830670e-01 2.658607280243984183e-01 2.885916050405010758e-01 9.401756518299160259e-01 1.021896287599174391e-01 9.417771279367376236e-01 9.399161796973565242e-01 3.959426931859458820e-01 5.112789229099083954e-01 0.000000000000000000e+00 8.688759385555133719e-03
5.969693421278999823e-01 4.549314594725166749e-01 9.525059600206409183e-02 1.224954266378099899e-01 8.272185982204149912e-01 4.553540463111585002e-01 7.805196077816258793e-01 6.596821269047966618e-01 7.205966033918709268e-02 4.925775855965908168e-01 4.222757652841468978e-02 4.422425704940885494e-01 8.006223901283394673e-01 4.052123597638030983e-01 9.485503314314585044e-01 9.223759847038806026e-01 5.444061971583996629e-01 3.742355919273235854e-01 9.105454780285332506e-01 7.880872773821276933e-01 9.022119959712945336e-01 9.726239912695846535e-01 8.082978932907052272e-01 6.925191099985791299e-01 3.605006044714921254e-01 7.519317610824203246e-01 4.060631665464655704e-01 5.475190998049531688e-01 8.688759385555133719e-03 0.000000000000000000e+00
