0.000000000000000000e+00 8.248711104450976439e-01 4.815060476970348669e-01 1.922125341369493867e-01 6.487166416904369681e-01 9.045104261483427610e-02 3.420793790706689874e-01 3.045350693642797646e-01 2.345755669053820602e-01 8.944621299480306487e-01 4.525074058208660155e-01 4.297540259019447806e-01 1.208393340521652926e-01 3.035438832997114922e-01 1.833260079523467700e-01 6.977419387405864315e-01 7.637411594919562008e-01 7.324845237050621183e-01 8.421799318446152594e-01 8.132942365490525294e-02 8.123157628727044610e-01 3.577460067560433998e-03 8.472416335540680077e-01 5.494819032014724991e-01 6.612283757639879633e-01 8.007131323196980954e-02 7.068335683505244660e-01 1.815825354834895711e-01 2.626210685476171314e-02 5.795293198211497465e-01 3.405335500453610109e-02 6.211332612978851531e-01 7.278758020772346793e-02 8.917943040468885307e-01 5.693832734302435306e-01 5.336094518031240241e-01 9.056966179202423639e-01 2.797907332591761387e-01 9.866803577171405770e-01 4.761270571037481414e-01
8.248711104450976439e-01 0.000000000000000000e+00 5.773282004685267310e-01 9.933075375551159159e-01 8.463514260657833965e-02 9.825231458188771194e-01 9.835900825113302881e-01 5.236447245657533944e-01 2.757461052717751215e-01 1.725244282176447985e-01 9.798936326209128911e-02 7.442260661767965413e-01 7.746351072547402739e-01 4.338293617743261832e-01 6.773286929759126940e-01 8.771549604497735908e-01 7.807892310194453067e-01 2.813834333794518194e-01 7.263579373012785112e-02 3.593433420558672653e-01 4.905089014798755809e-01 7.063978485002501140e-01 2.755912937589773959e-01 6.482947411596374776e-01 4.659480670751464659e-01 4.555038270507902887e-01 2.574385087810663331e-01 4.496370752468514809e-02 8.542144448993065353e-01 9.701496683591102066e-01 7.049787662305220248e-01 7.202045039051222508e-01 3.339820760108563880e-01 7.255670282371776691e-01 4.742858471327870973e-01 7.197363960404041805e-01 4.817544173151254716e-01 1.135401494621787188e-01 1.365328879550496977e-01 6.305981715939332766e-01
4.815060476970348669e-01 5.773282004685267310e-01 0.000000000000000000e+00 4.969814180441574081e-01 6.856013738683995884e-01 1.981830730175525579e-01 6.647468373178833101e-02 9.059508768831626702e-01 4.857303049514462012e-01 9.821618548156746398e-01 8.602477691604603072e-01 4.628297097208701194e-01 6.974210708224953814e-01 9.863294470124310820e-01 3.264015008160234821e-01 3.716747720175425096e-01 3.281495266919506326e-01 2.531179304041318856e-01 5.936327906898865026e-01 1.165382315990405315e-01 2.965974091947498614e-01 7.520217586116304531e-01 9.546067287090292952e-01 9.998600643788665421e-01 7.259158740353222061e-02 3.520576084458759691e-01 1.417141639187140534e-01 6.531100981219593038e-01 5.782528089771866719e-01 8.950276599211940409e-01 4.979379891511851453e-01 3.771751540155430238e-01 4.065839524896217583e-01 1.558850287846031968e-01 5.345150511387599668e-01 6.351485353815126134e-01 2.701789426667380312e-01 3.362337552223518822e-01 5.015296357496917823e-01 9.920809816558803229e-01
1.922125341369493867e-01 9.933075375551159159e-01 4.969814180441574081e-01 0.000000000000000000e+00 4.810360381666990426e-01 8.742928215067764519e-01 2.907298009465315580e-01 3.892845017729930079e-01 9.647204794137047568e-01 3.503187476220631646e-01 9.758361000029670551e-01 3.527091828186971201e-01 3.985035752288316191e-01 9.530163093107357764e-02 4.915221628129329279e-02 7.590560938799860713e-01 6.864005925408646069e-01 5.270314693028708142e-01 6.445054200263762301e-01 1.669929863202516129e-01 3.825435603510625171e-01 8.763529579768419842e-01 4.315289354331619531e-01 4.004463690985282653e-03 8.567312100824526766e-01 8.592468571792596377e-01 4.336890011198846206e-02 6.470184515020718230e-01 1.590327644388964679e-01 4.845555330882365119e-01 2.672849496378125744e-01 1.445076969051218851e-01 1.250566746997370249e-01 7.811440481858520357e-01 9.392579476448419395e-01 3.719264249397977729e-01 1.149288185736420109e-01 7.594355559570276082e-01 6.745300089036559976e-01 7.006775835544688524e-01
6.487166416904369681e-01 8.463514260657833965e-02 6.856013738683995884e-01 4.810360381666990426e-01 0.000000000000000000e+00 9.406730442127783087e-01 2.522551587454928690e-01 6.119548904649839693e-01 1.984218021088212103e-01 5.704520223479460084e-01 9.231032359370827667e-01 2.152390787515741088e-01 7.156028469779807111e-03 9.173182435226608922e-01 5.752744989189368940e-01 6.857779780884306620e-01 3.045847141136842628e-01 1.517549817599809225e-01 1.974777338186819442e-01 2.994756683560256816e-01 7.822547691227969002e-01 4.270307841943583593e-01 4.464788153392250658e-01 7.852072292576433021e-01 4.913470551754282045e-01 7.961399682525746035e-01 4.003869711420416921e-01 5.865116560647860577e-01 9.395217891163677448e-01 1.369302457524270711e-01 6.244376111038341115e-02 9.792475786846251973e-01 8.857950741320099741e-01 7.685033857991943052e-01 7.685929140565139761e-02 9.487976330029355143e-01 8.011926705656504666e-01 7.855949055162030348e-01 7.027105377455508117e-01 5.814614670577509248e-01
9.045104261483427610e-02 9.825231458188771194e-01 1.981830730175525579e-01 8.742928215067764519e-01 9.406730442127783087e-01 0.000000000000000000e+00 6.699694257296285871e-01 7.204474032533392247e-01 3.352686399725989252e-01 1.041107424481831911e-01 5.978180277097878692e-01 4.894109757814318895e-01 2.722098350652506493e-01 9.096898124830765653e-01 1.384274876468581938e-01 9.887615060476131479e-01 8.281753350201604968e-01 4.001665279968229516e-01 3.366191500481803267e-01 9.965568364225323439e-01 6.635678765876074081e-01 6.973946592579264303e-01 9.944131882335741635e-01 7.379786602026965348e-01 9.649972869713555612e-01 2.760099819501302676e-01 9.670779203209453057e-01 4.651433711780764702e-01 9.720214783057797847e-01 4.500873707804203816e-01 7.849996454599844631e-01 5.695942258178310347e-02 3.246332896387010836e-01 9.085262229891137853e-01 2.808015271687976933e-01 5.702587103266764101e-01 1.036277627942507884e-01 6.484511207137982902e-01 7.764593713987789636e-01 2.970692001453981712e-01
3.420793790706689874e-01 9.835900825113302881e-01 6.647468373178833101e-02 2.907298009465315580e-01 2.522551587454928690e-01 6.699694257296285871e-01 0.000000000000000000e+00 2.821243014441626729e-01 8.970494186902786549e-01 5.545029939742418534e-01 7.203073593891782256e-01 8.445033903554873822e-01 2.420352683348989675e-01 5.176906145190507402e-01 7.951197441753513617e-01 5.640622849813460293e-01 7.183947048867593832e-01 2.713477892846714035e-01 1.191531415140101302e-01 6.548211690536505092e-01 7.084353582164483187e-01 8.708161766887307920e-01 6.616221351185288535e-01 5.433455724509560492e-01 6.839529261501465784e-01 9.785397011269325596e-01 9.521077974545582023e-01 1.554632031306081297e-01 5.888721540748653727e-01 2.178794591816813897e-01 7.008892985342966009e-01 1.020739579830151067e-01 1.976195985879605210e-01 5.832584241232159350e-01 9.027484897322390900e-01 3.604200248190835287e-01 2.890201591652482582e-01 1.407973911061723982e-01 7.613553633760755668e-01 9.028847809656344037e-01
3.045350693642797646e-01 5.236447245657533944e-01 9.059508768831626702e-01 3.892845017729930079e-01 6.119548904649839693e-01 7.204474032533392247e-01 2.821243014441626729e-01 0.000000000000000000e+00 4.958319951565142159e-01 4.898529123833887944e-01 5.751761867497370284e-01 6.809791530104587487e-01 7.302048954154511939e-01 2.415858513086198700e-01 7.489708759727624621e-01 1.811338974908434096e-01 4.824146665288587821e-01 1.709676207007471138e-02 2.391719206449895996e-01 3.314356776292168849e-01 7.280544016744068259e-01 5.220247352159386178e-01 5.433012168498306815e-01 5.263094872944107383e-01 3.505342191386682238e-01 7.559741478353394495e-01 1.046342201777901160e-01 2.307167698582035520e-01 2.130682785304025550e-01 1.740764898413169615e-01 3.354834085836687629e-01 5.678741776200570968e-01 1.489861621049179963e-01 6.941306206008993618e-01 2.021119252794928434e-01 9.753166217113119485e-01 9.504583921841571748e-01 6.363752661704508151e-01 3.913959445405771342e-01 5.181159241673557458e-01
2.345755669053820602e-01 2.757461052717751215e-01 4.857303049514462012e-01 9.647204794137047568e-01 1.984218021088212103e-01 3.352686399725989252e-01 8.970494186902786549e-01 4.958319951565142159e-01 0.000000000000000000e+00 8.825515565903834236e-01 5.763620253767287593e-02 6.490873452296445079e-01 1.217466444379878832e-01 1.942619338797783035e-01 6.084533995121906846e-01 2.886771823575806639e-01 5.929085432206485651e-01 6.533409100793006186e-01 5.391038687564532195e-01 7.321255692048294073e-01 4.879865438759862784e-01 3.146179329505108813e-01 8.309811237728270683e-02 5.110132384189268739e-01 4.484712110706067234e-01 5.769771127752021389e-01 5.126645157935817432e-01 8.196083013772768044e-01 9.501711840621833716e-01 3.011033664660378584e-02 8.166814685343752878e-01 8.917248635552479374e-01 9.423218961313138964e-01 3.697584679784525763e-01 1.870923028838877844e-01 9.766296663439590908e-01 8.448784660428501070e-01 1.993444272990289035e-01 5.373641473853009165e-01 2.935972538276839794e-01
8.944621299480306487e-01 1.725244282176447985e-01 9.821618548156746398e-01 3.503187476220631646e-01 5.704520223479460084e-01 1.041107424481831911e-01 5.545029939742418534e-01 4.898529123833887944e-01 8.825515565903834236e-01 0.000000000000000000e+00 8.413510598487673464e-01 9.271385325897886220e-01 3.008443567204883706e-01 2.518483149833130597e-01 3.356023511908005075e-01 7.981647334505842517e-01 3.107348662877741363e-01 7.716268826239163214e-01 7.785085692904868404e-01 7.014359769167414216e-01 5.051024437392934718e-01 9.153852759099274650e-01 3.645188875829319386e-03 3.567101458184637197e-01 2.362137397767483105e-01 3.707217255004093825e-01 9.506651763335693950e-02 1.060095191956924587e-01 9.678546584648518580e-01 8.319503521786068001e-01 3.989639849583714870e-01 4.563308352587804873e-01 6.293751496682444824e-01 4.148744694371091501e-01 5.427760977699036538e-03 9.279362104797138633e-01 9.951352990710604640e-01 8.079192420154897025e-01 9.818207623164413311e-01 7.762007437564759638e-01
4.525074058208660155e-01 9.798936326209128911e-02 8.602477691604603072e-01 9.758361000029670551e-01 9.231032359370827667e-01 5.978180277097878692e-01 7.203073593891782256e-01 5.751761867497370284e-01 5.763620253767287593e-02 8.413510598487673464e-01 0.000000000000000000e+00 3.080065736043642310e-01 6.703685984021722222e-01 7.866975290666210485e-01 7.299182518634621530e-01 6.033587747542449309e-01 1.196005122826515610e-01 2.724149173695372683e-01 2.147178461297839513e-01 7.202100390584794676e-01 9.450126140131740460e-01 4.133224960411614468e-01 3.485171128418993458e-01 5.453296373844460643e-01 2.620075759009277139e-01 3.201422642051828804e-01 2.995153409051880544e-01 6.648229421432891861e-01 5.143199205728522516e-01 4.877493646363648683e-01 6.141934382934006731e-01 3.568318045397448346e-01 9.843389972186511461e-02 3.954431354297284207e-01 3.896733158378967721e-01 9.600486064963499322e-01 8.781031631185114428e-01 9.089443318359133883e-01 1.163428575326810321e-01 1.025832929155707784e-01
4.297540259019447806e-01 7.442260661767965413e-01 4.628297097208701194e-01 3.527091828186971201e-01 2.152390787515741088e-01 4.894109757814318895e-01 8.445033903554873822e-01 6.809791530104587487e-01 6.490873452296445079e-01 9.271385325897886220e-01 3.080065736043642310e-01 0.000000000000000000e+00 3.691172759016284610e-01 9.978723657977575101e-01 4.778447324036829702e-01 5.670860508881905293e-01 6.279357354161483329e-01 3.661386969738517072e-01 8.406601617341319388e-01 7.426742445986174168e-01 8.032483742337600541e-01 5.282621839517097628e-01 1.310415086683585084e-01 6.311846815298163271e-01 9.824185959345729247e-01 4.723214707189989925e-01 6.163893850437778266e-01 7.914845043873770525e-01 7.798589395714777828e-01 7.840611571082265474e-01 3.565599991237866639e-02 8.854592195913858488e-01 6.482008223831685623e-01 5.973167869112383510e-02 9.537156120551636418e-01 3.114155024906327673e-01 9.733529198584471853e-01 5.546400842676694198e-01 7.290506381460485352e-01 2.716548670383200914e-02
1.208393340521652926e-01 7.746351072547402739e-01 6.974210708224953814e-01 3.985035752288316191e-01 7.156028469779807111e-03 2.722098350652506493e-01 2.420352683348989675e-01 7.302048954154511939e-01 1.217466444379878832e-01 3.008443567204883706e-01 6.703685984021722222e-01 3.691172759016284610e-01 0.000000000000000000e+00 4.431319909026013582e-01 8.205653234235327220e-01 2.475058920854893429e-01 7.132039965493458533e-01 4.762530436499330389e-01 9.991548250091897287e-02 4.702033650788850494e-01 9.762985008935654019e-01 1.567043963019358888e-01 6.314204159476999312e-02 2.395241391023958943e-01 5.648597306326209599e-01 1.686825250184181835e-01 9.958635212732072084e-01 6.663106733779894375e-01 3.044295609453839813e-01 7.624867448231089639e-01 1.773437216468516375e-01 7.175314864556150418e-01 8.593324807891394856e-01 6.702207168681632021e-01 7.892802052292396953e-01 3.912140800055431411e-01 8.117295592301602136e-01 6.757047004210769980e-01 7.854535962544194616e-01 7.834394443913856865e-01
3.035438832997114922e-01 4.338293617743261832e-01 9.863294470124310820e-01 9.530163093107357764e-02 9.173182435226608922e-01 9.096898124830765653e-01 5.176906145190507402e-01 2.415858513086198700e-01 1.942619338797783035e-01 2.518483149833130597e-01 7.866975290666210485e-01 9.978723657977575101e-01 4.431319909026013582e-01 0.000000000000000000e+00 4.650010519135243658e-01 9.650747147361969924e-01 5.342847844202261998e-01 2.451089057497340962e-01 4.463005722545537735e-01 6.039858633825082590e-01 3.370567583567807279e-02 7.939976929030678754e-01 6.959232310100710306e-01 9.458319221447371028e-01 5.372904701649767745e-01 4.072072884655227876e-01 3.678742834539672213e-02 7.916325875872747275e-01 4.838166025485478583e-01 9.405592378959932720e-01 8.493046309781290271e-01 5.609542161282087269e-01 7.093758137335404168e-01 6.337908180010182191e-01 7.478143415307700881e-01 3.494951025932059308e-01 1.389960557360556681e-01 8.732595729516039462e-01 5.508160072249702610e-01 9.883457984540073848e-01
1.833260079523467700e-01 6.773286929759126940e-01 3.264015008160234821e-01 4.915221628129329279e-02 5.752744989189368940e-01 1.384274876468581938e-01 7.951197441753513617e-01 7.489708759727624621e-01 6.084533995121906846e-01 3.356023511908005075e-01 7.299182518634621530e-01 4.778447324036829702e-01 8.205653234235327220e-01 4.650010519135243658e-01 0.000000000000000000e+00 6.445323929838306931e-01 6.717574385270869142e-01 2.659541380425763935e-01 3.978948178182978301e-01 3.832081199940569061e-01 4.281710826284809146e-01 9.892867131593640062e-01 8.969968097413796304e-01 1.739062972956163522e-01 6.510797941110523235e-01 4.819254847030639555e-01 2.711701565406718917e-01 9.960578561101230965e-01 5.923462810228702358e-01 5.758587068214070515e-01 2.782881537831816132e-02 3.960011240253029641e-01 3.081506641949441905e-01 4.494336392505662303e-01 2.758514562639340362e-01 9.083627232162124754e-01 2.453861062101215795e-01 1.337723566363994143e-01 5.930493870068483941e-01 7.770118910236466503e-01
6.977419387405864315e-01 8.771549604497735908e-01 3.716747720175425096e-01 7.590560938799860713e-01 6.857779780884306620e-01 9.887615060476131479e-01 5.640622849813460293e-01 1.811338974908434096e-01 2.886771823575806639e-01 7.981647334505842517e-01 6.033587747542449309e-01 5.670860508881905293e-01 2.475058920854893429e-01 9.650747147361969924e-01 6.445323929838306931e-01 0.000000000000000000e+00 2.731345028543646913e-01 7.666586300264378595e-01 4.427230879988109935e-01 6.110753083039121014e-01 9.312038719553517030e-01 9.093187341414904479e-01 7.167893876545423648e-01 8.286775673099244788e-02 4.852834119558715464e-01 1.629025402072284967e-01 4.947824383071759424e-01 7.830245459480593695e-01 6.858846795761236459e-01 9.893239403865479176e-01 6.508572844940019309e-01 6.535628662462245053e-02 7.883798887142874356e-01 8.590619061153322855e-01 4.592737663348076538e-01 5.157528217297121520e-01 7.427325640785464866e-02 5.377128530141578322e-01 1.216486061112066475e-01 4.664020291030609444e-01
7.637411594919562008e-01 7.807892310194453067e-01 3.281495266919506326e-01 6.864005925408646069e-01 3.045847141136842628e-01 8.281753350201604968e-01 7.183947048867593832e-01 4.824146665288587821e-01 5.929085432206485651e-01 3.107348662877741363e-01 1.196005122826515610e-01 6.279357354161483329e-01 7.132039965493458533e-01 5.342847844202261998e-01 6.717574385270869142e-01 2.731345028543646913e-01 0.000000000000000000e+00 3.035802789210860775e-01 2.985080632162088188e-01 6.717988947059468918e-01 1.422330138800969035e-01 1.903323258584244115e-02 5.455283045959731236e-01 7.822103204098185270e-01 2.366502391314497800e-01 3.782641455840739519e-01 2.258025389825134566e-01 5.771962461416264567e-01 6.706100634632518043e-01 2.234268399533791971e-01 3.315882644307669436e-01 3.522557904054701705e-02 3.067254548909548184e-02 8.232627798436348288e-01 3.785636447895553980e-01 6.333896542259002116e-01 9.170799314365941646e-01 8.022154667520472460e-01 3.634126364834791012e-01 2.230603115013047866e-01
7.324845237050621183e-01 2.813834333794518194e-01 2.531179304041318856e-01 5.270314693028708142e-01 1.517549817599809225e-01 4.001665279968229516e-01 2.713477892846714035e-01 1.709676207007471138e-02 6.533409100793006186e-01 7.716268826239163214e-01 2.724149173695372683e-01 3.661386969738517072e-01 4.762530436499330389e-01 2.451089057497340962e-01 2.659541380425763935e-01 7.666586300264378595e-01 3.035802789210860775e-01 0.000000000000000000e+00 3.635438300965926350e-01 9.601454975721268603e-02 6.124534154627814253e-02 6.379227921904484511e-03 6.460214101533501285e-01 6.921238214415542656e-01 3.298777406695077019e-01 9.074955064280156858e-01 1.762174410680386050e-01 8.065399206496475237e-01 5.398637716535610309e-01 7.771534738575269774e-02 1.086746477143516465e-01 8.840172687311754762e-01 4.146503646636536811e-01 3.802376293447303768e-01 2.332793591443788062e-01 4.967792548766727379e-01 7.161961232631308683e-02 4.665467311320851129e-01 2.287830067360063779e-01 3.289696075795502939e-01
8.421799318446152594e-01 7.263579373012785112e-02 5.936327906898865026e-01 6.445054200263762301e-01 1.974777338186819442e-01 3.366191500481803267e-01 1.191531415140101302e-01 2.391719206449895996e-01 5.391038687564532195e-01 7.785085692904868404e-01 2.147178461297839513e-01 8.406601617341319388e-01 9.991548250091897287e-02 4.463005722545537735e-01 3.978948178182978301e-01 4.427230879988109935e-01 2.985080632162088188e-01 3.635438300965926350e-01 0.000000000000000000e+00 6.457835167962490130e-01 6.363539868720948789e-01 7.336376973792646528e-02 8.580774482062450970e-01 1.105866925863205896e-01 1.299988859740727198e-01 4.104851939034668273e-01 7.805204476568200489e-01 7.748289730808243236e-01 1.356472457605465420e-01 4.897806029622041590e-01 7.509079874944388777e-01 8.717861767628374281e-01 6.551510591181551879e-01 2.413777040824126585e-01 4.719859628976166288e-01 1.421257606312692490e-01 4.238832019010114749e-01 7.156817060977258560e-01 1.663035429963658496e-01 5.466175582224218621e-01
8.132942365490525294e-02 3.593433420558672653e-01 1.165382315990405315e-01 1.669929863202516129e-01 2.994756683560256816e-01 9.965568364225323439e-01 6.548211690536505092e-01 3.314356776292168849e-01 7.321255692048294073e-01 7.014359769167414216e-01 7.202100390584794676e-01 7.426742445986174168e-01 4.702033650788850494e-01 6.039858633825082590e-01 3.832081199940569061e-01 6.110753083039121014e-01 6.717988947059468918e-01 9.601454975721268603e-02 6.457835167962490130e-01 0.000000000000000000e+00 4.847766974709583065e-01 4.794728565660788533e-02 1.061995392510359792e-01 6.446939167205257837e-01 5.218194430443392484e-01 7.313421086364926271e-01 9.746738383472361988e-01 3.326686666095228784e-01 3.605447008804154585e-01 7.102399383196870142e-01 4.644944010002308721e-01 1.815620430084727843e-01 8.491223532203890922e-01 5.827884098603985930e-02 8.652787650189390778e-01 6.571119167184032994e-01 3.946752258292411941e-01 5.986341268984127773e-01 7.400035694375066697e-01 4.971600570888071724e-01
8.123157628727044610e-01 4.905089014798755809e-01 2.965974091947498614e-01 3.825435603510625171e-01 7.822547691227969002e-01 6.635678765876074081e-01 7.084353582164483187e-01 7.280544016744068259e-01 4.879865438759862784e-01 5.051024437392934718e-01 9.450126140131740460e-01 8.032483742337600541e-01 9.762985008935654019e-01 3.370567583567807279e-02 4.281710826284809146e-01 9.312038719553517030e-01 1.422330138800969035e-01 6.124534154627814253e-02 6.363539868720948789e-01 4.847766974709583065e-01 0.000000000000000000e+00 4.745307759923911295e-01 8.749665882729241728e-01 4.321920142217779981e-01 2.798801746328831719e-01 4.888688975576855889e-01 7.372626126467017871e-01 7.927198536905089021e-02 6.764608514937009431e-01 2.062596052381646672e-01 3.434768444936154852e-01 4.710896674610136614e-01 1.451607428781969134e-01 5.267283929383049790e-01 2.191861573520763606e-01 3.473341194897541229e-01 8.356823725081081733e-01 2.448564884910030548e-01 7.485947184174207569e-01 5.984735891689031417e-01
3.577460067560433998e-03 7.063978485002501140e-01 7.520217586116304531e-01 8.763529579768419842e-01 4.270307841943583593e-01 6.973946592579264303e-01 8.708161766887307920e-01 5.220247352159386178e-01 3.146179329505108813e-01 9.153852759099274650e-01 4.133224960411614468e-01 5.282621839517097628e-01 1.567043963019358888e-01 7.939976929030678754e-01 9.892867131593640062e-01 9.093187341414904479e-01 1.903323258584244115e-02 6.379227921904484511e-03 7.336376973792646528e-02 4.794728565660788533e-02 4.745307759923911295e-01 0.000000000000000000e+00 1.578338881593159826e-01 1.100369445347015862e-01 2.178492319176711378e-01 8.242668449206114190e-01 9.217643479845208931e-01 3.681431711920789551e-01 2.691565692394026765e-02 7.195857413439852301e-01 6.867355819863918409e-01 3.378736008999407847e-01 6.246067864426452232e-01 4.503787090296693663e-01 1.227137996101577144e-01 3.119145594146942591e-01 6.587447416514885523e-01 7.355168327325957156e-01 5.887118315920846223e-01 9.619989551295828889e-01
8.472416335540680077e-01 2.755912937589773959e-01 9.546067287090292952e-01 4.315289354331619531e-01 4.464788153392250658e-01 9.944131882335741635e-01 6.616221351185288535e-01 5.433012168498306815e-01 8.309811237728270683e-02 3.645188875829319386e-03 3.485171128418993458e-01 1.310415086683585084e-01 6.314204159476999312e-02 6.959232310100710306e-01 8.969968097413796304e-01 7.167893876545423648e-01 5.455283045959731236e-01 6.460214101533501285e-01 8.580774482062450970e-01 1.061995392510359792e-01 8.749665882729241728e-01 1.578338881593159826e-01 0.000000000000000000e+00 8.599136453845744876e-01 7.107130520285089847e-01 3.607659970306389408e-01 6.569594869980973639e-01 7.896037684120457145e-01 3.417714241424780752e-01 8.996409911557643468e-01 2.442717694965045316e-01 9.297759671530594350e-01 4.722987224677802631e-01 6.117558470352620903e-01 1.032632502250530049e-02 6.038004307236150003e-01 3.995442167899153629e-01 5.395882662713306077e-01 4.737993400737439131e-01 9.152909818567273037e-01
5.494819032014724991e-01 6.482947411596374776e-01 9.998600643788665421e-01 4.004463690985282653e-03 7.852072292576433021e-01 7.379786602026965348e-01 5.433455724509560492e-01 5.263094872944107383e-01 5.110132384189268739e-01 3.567101458184637197e-01 5.453296373844460643e-01 6.311846815298163271e-01 2.395241391023958943e-01 9.458319221447371028e-01 1.739062972956163522e-01 8.286775673099244788e-02 7.822103204098185270e-01 6.921238214415542656e-01 1.105866925863205896e-01 6.446939167205257837e-01 4.321920142217779981e-01 1.100369445347015862e-01 8.599136453845744876e-01 0.000000000000000000e+00 2.006154366635952702e-01 8.158564378868290445e-01 4.811644770004773752e-01 1.243308229706039381e-01 5.591134204691118326e-01 6.315720030045217648e-01 9.741029145766770814e-01 2.376034895751449882e-01 4.138870565242843691e-01 9.959844006519613657e-01 8.215468784358961329e-01 4.894967355772547046e-01 2.831396170208122509e-01 7.730314283231175532e-01 1.658789991017777243e-01 4.049925333188199028e-01
6.612283757639879633e-01 4.659480670751464659e-01 7.259158740353222061e-02 8.567312100824526766e-01 4.913470551754282045e-01 9.649972869713555612e-01 6.839529261501465784e-01 3.505342191386682238e-01 4.484712110706067234e-01 2.362137397767483105e-01 2.620075759009277139e-01 9.824185959345729247e-01 5.648597306326209599e-01 5.372904701649767745e-01 6.510797941110523235e-01 4.852834119558715464e-01 2.366502391314497800e-01 3.298777406695077019e-01 1.299988859740727198e-01 5.218194430443392484e-01 2.798801746328831719e-01 2.178492319176711378e-01 7.107130520285089847e-01 2.006154366635952702e-01 0.000000000000000000e+00 9.624900136672905893e-01 4.723962239369745575e-01 2.806951465395413070e-02 2.910249061506253732e-02 7.652708165108984550e-01 2.818848956046533516e-01 5.716297178914075960e-01 2.683149398908661887e-01 5.070722032514137778e-01 2.043479720483609707e-02 3.627186527333302601e-01 9.366475914326350960e-01 9.904529812986395676e-02 1.113745204122773558e-02 8.862631167817550670e-01
8.007131323196980954e-02 4.555038270507902887e-01 3.520576084458759691e-01 8.592468571792596377e-01 7.961399682525746035e-01 2.760099819501302676e-01 9.785397011269325596e-01 7.559741478353394495e-01 5.769771127752021389e-01 3.707217255004093825e-01 3.201422642051828804e-01 4.723214707189989925e-01 1.686825250184181835e-01 4.072072884655227876e-01 4.819254847030639555e-01 1.629025402072284967e-01 3.782641455840739519e-01 9.074955064280156858e-01 4.104851939034668273e-01 7.313421086364926271e-01 4.888688975576855889e-01 8.242668449206114190e-01 3.607659970306389408e-01 8.158564378868290445e-01 9.624900136672905893e-01 0.000000000000000000e+00 1.415188275660407280e-01 8.346769420818173080e-01 8.383514082211438456e-01 2.512994934630348176e-01 4.986872624623006622e-01 3.628788793564885484e-01 1.493467963005912225e-02 6.634858047353131560e-02 4.197101938667442411e-01 4.871919894551283159e-01 2.701609173641007500e-01 3.877529029183294229e-01 9.170982528363962327e-01 5.657089171271434402e-01
7.068335683505244660e-01 2.574385087810663331e-01 1.417141639187140534e-01 4.336890011198846206e-02 4.003869711420416921e-01 9.670779203209453057e-01 9.521077974545582023e-01 1.046342201777901160e-01 5.126645157935817432e-01 9.506651763335693950e-02 2.995153409051880544e-01 6.163893850437778266e-01 9.958635212732072084e-01 3.678742834539672213e-02 2.711701565406718917e-01 4.947824383071759424e-01 2.258025389825134566e-01 1.762174410680386050e-01 7.805204476568200489e-01 9.746738383472361988e-01 7.372626126467017871e-01 9.217643479845208931e-01 6.569594869980973639e-01 4.811644770004773752e-01 4.723962239369745575e-01 1.415188275660407280e-01 0.000000000000000000e+00 3.297935034535645071e-01 7.673753753077400264e-01 2.592520864476932640e-01 3.338074840022978718e-01 2.046581201345015755e-01 4.389730529731294961e-02 1.562431971364386385e-02 3.533696371415416815e-01 8.878277007410039223e-01 9.175212158103246418e-01 4.202297552925153834e-01 3.765329821185593451e-01 8.332876431379070414e-01
1.815825354834895711e-01 4.496370752468514809e-02 6.531100981219593038e-01 6.470184515020718230e-01 5.865116560647860577e-01 4.651433711780764702e-01 1.554632031306081297e-01 2.307167698582035520e-01 8.196083013772768044e-01 1.060095191956924587e-01 6.648229421432891861e-01 7.914845043873770525e-01 6.663106733779894375e-01 7.916325875872747275e-01 9.960578561101230965e-01 7.830245459480593695e-01 5.771962461416264567e-01 8.065399206496475237e-01 7.748289730808243236e-01 3.326686666095228784e-01 7.927198536905089021e-02 3.681431711920789551e-01 7.896037684120457145e-01 1.243308229706039381e-01 2.806951465395413070e-02 8.346769420818173080e-01 3.297935034535645071e-01 0.000000000000000000e+00 3.586575373596081473e-01 1.217498033660973089e-01 8.442146549488861451e-01 8.358387418952435421e-01 6.283269059670194556e-01 4.202636620695118230e-01 4.804986500942430849e-01 1.762240703397851549e-01 5.530187393747213465e-01 9.618383020462373256e-01 5.993790772295198854e-01 3.303468081951058677e-01
2.626210685476171314e-02 8.542144448993065353e-01 5.782528089771866719e-01 1.590327644388964679e-01 9.395217891163677448e-01 9.720214783057797847e-01 5.888721540748653727e-01 2.130682785304025550e-01 9.501711840621833716e-01 9.678546584648518580e-01 5.143199205728522516e-01 7.798589395714777828e-01 3.044295609453839813e-01 4.838166025485478583e-01 5.923462810228702358e-01 6.858846795761236459e-01 6.706100634632518043e-01 5.398637716535610309e-01 1.356472457605465420e-01 3.605447008804154585e-01 6.764608514937009431e-01 2.691565692394026765e-02 3.417714241424780752e-01 5.591134204691118326e-01 2.910249061506253732e-02 8.383514082211438456e-01 7.673753753077400264e-01 3.586575373596081473e-01 0.000000000000000000e+00 3.412005150779640061e-01 2.164832462922343659e-01 1.059452974474285325e-01 1.038245310893619600e-01 4.037330919391993733e-01 8.245160897276403444e-01 7.827118542103641552e-01 1.036702135055556084e-01 8.479920419479212157e-01 6.836360312252742766e-01 3.815730048296336330e-01
5.795293198211497465e-01 9.701496683591102066e-01 8.950276599211940409e-01 4.845555330882365119e-01 1.369302457524270711e-01 4.500873707804203816e-01 2.178794591816813897e-01 1.740764898413169615e-01 3.011033664660378584e-02 8.319503521786068001e-01 4.877493646363648683e-01 7.840611571082265474e-01 7.624867448231089639e-01 9.405592378959932720e-01 5.758587068214070515e-01 9.893239403865479176e-01 2.234268399533791971e-01 7.771534738575269774e-02 4.897806029622041590e-01 7.102399383196870142e-01 2.062596052381646672e-01 7.195857413439852301e-01 8.996409911557643468e-01 6.315720030045217648e-01 7.652708165108984550e-01 2.512994934630348176e-01 2.592520864476932640e-01 1.217498033660973089e-01 3.412005150779640061e-01 0.000000000000000000e+00 5.043007377764506804e-01 7.882483607962171845e-01 2.847750515227074342e-01 1.566116989223895750e-01 8.732693219987788247e-01 7.742336531178604098e-01 3.045609483019230401e-01 2.468030334351793975e-01 6.470912106983831569e-01 2.078054882862899744e-01
3.405335500453610109e-02 7.049787662305220248e-01 4.979379891511851453e-01 2.672849496378125744e-01 6.244376111038341115e-02 7.849996454599844631e-01 7.008892985342966009e-01 3.354834085836687629e-01 8.166814685343752878e-01 3.989639849583714870e-01 6.141934382934006731e-01 3.565599991237866639e-02 1.773437216468516375e-01 8.493046309781290271e-01 2.782881537831816132e-02 6.508572844940019309e-01 3.315882644307669436e-01 1.086746477143516465e-01 7.509079874944388777e-01 4.644944010002308721e-01 3.434768444936154852e-01 6.867355819863918409e-01 2.442717694965045316e-01 9.741029145766770814e-01 2.818848956046533516e-01 4.986872624623006622e-01 3.338074840022978718e-01 8.442146549488861451e-01 2.164832462922343659e-01 5.043007377764506804e-01 0.000000000000000000e+00 8.723613103474359143e-02 9.805590110325945741e-02 5.942953615177064552e-01 3.966831986032892665e-02 5.966993093122405778e-01 9.620189982795568362e-03 4.925622295384544103e-01 8.058260586847837414e-01 6.041375342449446517e-01
6.211332612978851531e-01 7.202045039051222508e-01 3.771751540155430238e-01 1.445076969051218851e-01 9.792475786846251973e-01 5.695942258178310347e-02 1.020739579830151067e-01 5.678741776200570968e-01 8.917248635552479374e-01 4.563308352587804873e-01 3.568318045397448346e-01 8.854592195913858488e-01 7.175314864556150418e-01 5.609542161282087269e-01 3.960011240253029641e-01 6.535628662462245053e-02 3.522557904054701705e-02 8.840172687311754762e-01 8.717861767628374281e-01 1.815620430084727843e-01 4.710896674610136614e-01 3.378736008999407847e-01 9.297759671530594350e-01 2.376034895751449882e-01 5.716297178914075960e-01 3.628788793564885484e-01 2.046581201345015755e-01 8.358387418952435421e-01 1.059452974474285325e-01 7.882483607962171845e-01 8.723613103474359143e-02 0.000000000000000000e+00 4.495547307471849940e-01 4.354957843700800746e-01 2.078885752299960421e-01 4.318761979584982980e-01 6.222389919666513336e-01 7.622087118314699872e-01 8.211789054887589367e-01 8.754572878021066318e-01
7.278758020772346793e-02 3.339820760108563880e-01 4.065839524896217583e-01 1.250566746997370249e-01 8.857950741320099741e-01 3.246332896387010836e-01 1.976195985879605210e-01 1.489861621049179963e-01 9.423218961313138964e-01 6.293751496682444824e-01 9.843389972186511461e-02 6.482008223831685623e-01 8.593324807891394856e-01 7.093758137335404168e-01 3.081506641949441905e-01 7.883798887142874356e-01 3.067254548909548184e-02 4.146503646636536811e-01 6.551510591181551879e-01 8.491223532203890922e-01 1.451607428781969134e-01 6.246067864426452232e-01 4.722987224677802631e-01 4.138870565242843691e-01 2.683149398908661887e-01 1.493467963005912225e-02 4.389730529731294961e-02 6.283269059670194556e-01 1.038245310893619600e-01 2.847750515227074342e-01 9.805590110325945741e-02 4.495547307471849940e-01 0.000000000000000000e+00 5.946219867612738685e-01 3.385759965429170348e-01 9.129166571005468134e-01 4.692434212034175545e-01 3.934865787110196633e-01 4.236149218833372698e-01 6.870971826896485890e-01
8.917943040468885307e-01 7.255670282371776691e-01 1.558850287846031968e-01 7.811440481858520357e-01 7.685033857991943052e-01 9.085262229891137853e-01 5.832584241232159350e-01 6.941306206008993618e-01 3.697584679784525763e-01 4.148744694371091501e-01 3.954431354297284207e-01 5.973167869112383510e-02 6.702207168681632021e-01 6.337908180010182191e-01 4.494336392505662303e-01 8.590619061153322855e-01 8.232627798436348288e-01 3.802376293447303768e-01 2.413777040824126585e-01 5.827884098603985930e-02 5.267283929383049790e-01 4.503787090296693663e-01 6.117558470352620903e-01 9.959844006519613657e-01 5.070722032514137778e-01 6.634858047353131560e-02 1.562431971364386385e-02 4.202636620695118230e-01 4.037330919391993733e-01 1.566116989223895750e-01 5.942953615177064552e-01 4.354957843700800746e-01 5.946219867612738685e-01 0.000000000000000000e+00 5.927030510884956360e-01 2.329574176420686760e-01 7.483294981778018107e-01 4.312345025362916973e-01 6.763017565669483533e-01 7.959213036645521600e-01
5.693832734302435306e-01 4.742858471327870973e-01 5.345150511387599668e-01 9.392579476448419395e-01 7.685929140565139761e-02 2.808015271687976933e-01 9.027484897322390900e-01 2.021119252794928434e-01 1.870923028838877844e-01 5.427760977699036538e-03 3.896733158378967721e-01 9.537156120551636418e-01 7.892802052292396953e-01 7.478143415307700881e-01 2.758514562639340362e-01 4.592737663348076538e-01 3.785636447895553980e-01 2.332793591443788062e-01 4.719859628976166288e-01 8.652787650189390778e-01 2.191861573520763606e-01 1.227137996101577144e-01 1.032632502250530049e-02 8.215468784358961329e-01 2.043479720483609707e-02 4.197101938667442411e-01 3.533696371415416815e-01 4.804986500942430849e-01 8.245160897276403444e-01 8.732693219987788247e-01 3.966831986032892665e-02 2.078885752299960421e-01 3.385759965429170348e-01 5.927030510884956360e-01 0.000000000000000000e+00 2.700129077712309922e-02 6.518804882706143999e-01 9.667951664457835603e-01 2.978156104759480671e-01 5.885213214210993637e-01
5.336094518031240241e-01 7.197363960404041805e-01 6.351485353815126134e-01 3.719264249397977729e-01 9.487976330029355143e-01 5.702587103266764101e-01 3.604200248190835287e-01 9.753166217113119485e-01 9.766296663439590908e-01 9.279362104797138633e-01 9.600486064963499322e-01 3.114155024906327673e-01 3.912140800055431411e-01 3.494951025932059308e-01 9.083627232162124754e-01 5.157528217297121520e-01 6.333896542259002116e-01 4.967792548766727379e-01 1.421257606312692490e-01 6.571119167184032994e-01 3.473341194897541229e-01 3.119145594146942591e-01 6.038004307236150003e-01 4.894967355772547046e-01 3.627186527333302601e-01 4.871919894551283159e-01 8.878277007410039223e-01 1.762240703397851549e-01 7.827118542103641552e-01 7.742336531178604098e-01 5.966993093122405778e-01 4.318761979584982980e-01 9.129166571005468134e-01 2.329574176420686760e-01 2.700129077712309922e-02 0.000000000000000000e+00 7.316688495500250911e-01 7.148339307249768071e-01 1.926109847012490439e-01 5.844660371295332668e-01
9.056966179202423639e-01 4.817544173151254716e-01 2.701789426667380312e-01 1.149288185736420109e-01 8.011926705656504666e-01 1.036277627942507884e-01 2.890201591652482582e-01 9.504583921841571748e-01 8.448784660428501070e-01 9.951352990710604640e-01 8.781031631185114428e-01 9.733529198584471853e-01 8.117295592301602136e-01 1.389960557360556681e-01 2.453861062101215795e-01 7.427325640785464866e-02 9.170799314365941646e-01 7.161961232631308683e-02 4.238832019010114749e-01 3.946752258292411941e-01 8.356823725081081733e-01 6.587447416514885523e-01 3.995442167899153629e-01 2.831396170208122509e-01 9.366475914326350960e-01 2.701609173641007500e-01 9.175212158103246418e-01 5.530187393747213465e-01 1.036702135055556084e-01 3.045609483019230401e-01 9.620189982795568362e-03 6.222389919666513336e-01 4.692434212034175545e-01 7.483294981778018107e-01 6.518804882706143999e-01 7.316688495500250911e-01 0.000000000000000000e+00 5.172483864602397396e-01 9.976633405332205884e-01 6.142346144031060051e-01
2.797907332591761387e-01 1.135401494621787188e-01 3.362337552223518822e-01 7.594355559570276082e-01 7.855949055162030348e-01 6.484511207137982902e-01 1.407973911061723982e-01 6.363752661704508151e-01 1.993444272990289035e-01 8.079192420154897025e-01 9.089443318359133883e-01 5.546400842676694198e-01 6.757047004210769980e-01 8.732595729516039462e-01 1.337723566363994143e-01 5.377128530141578322e-01 8.022154667520472460e-01 4.665467311320851129e-01 7.156817060977258560e-01 5.986341268984127773e-01 2.448564884910030548e-01 7.355168327325957156e-01 5.395882662713306077e-01 7.730314283231175532e-01 9.904529812986395676e-02 3.877529029183294229e-01 4.202297552925153834e-01 9.618383020462373256e-01 8.479920419479212157e-01 2.468030334351793975e-01 4.925622295384544103e-01 7.622087118314699872e-01 3.934865787110196633e-01 4.312345025362916973e-01 9.667951664457835603e-01 7.148339307249768071e-01 5.172483864602397396e-01 0.000000000000000000e+00 1.775896358486726001e-01 2.187954644404944693e-01
9.866803577171405770e-01 1.365328879550496977e-01 5.015296357496917823e-01 6.745300089036559976e-01 7.027105377455508117e-01 7.764593713987789636e-01 7.613553633760755668e-01 3.913959445405771342e-01 5.373641473853009165e-01 9.818207623164413311e-01 1.163428575326810321e-01 7.290506381460485352e-01 7.854535962544194616e-01 5.508160072249702610e-01 5.930493870068483941e-01 1.216486061112066475e-01 3.634126364834791012e-01 2.287830067360063779e-01 1.663035429963658496e-01 7.400035694375066697e-01 7.485947184174207569e-01 5.887118315920846223e-01 4.737993400737439131e-01 1.658789991017777243e-01 1.113745204122773558e-02 9.170982528363962327e-01 3.765329821185593451e-01 5.993790772295198854e-01 6.836360312252742766e-01 6.470912106983831569e-01 8.058260586847837414e-01 8.211789054887589367e-01 4.236149218833372698e-01 6.763017565669483533e-01 2.978156104759480671e-01 1.926109847012490439e-01 9.976633405332205884e-01 1.775896358486726001e-01 0.000000000000000000e+00 6.084217058112129095e-01
