0.000000000000000000e+00 4.693359641291309226e-01 5.200461244569355435e-01 1.360524287306511537e-01 7.448795839097329674e-01 7.915166477045519899e-01 3.745898450708838867e-01 3.370056136205729080e-01 9.327326035688529027e-01 4.901503778102115350e-01 6.010976927295935690e-01 5.593598301848515808e-01 1.326356806469667360e-01 9.199174394499676222e-02 6.468843816989322537e-02 1.176429978225497219e-01 9.059882575122361059e-01 9.062960454868456139e-01 8.360897564645400903e-01 5.849218388254777690e-01 2.075112392274538475e-01 4.301876239389611500e-01 5.014160633377585663e-01 6.851412288086777824e-02 5.490591443522269133e-01 9.303371800886969245e-01 2.682564101004104584e-01 6.408116296066075357e-01 5.493179281236052480e-01 9.717380270474916815e-01 9.582308594742768859e-01 9.112576701299800463e-01 4.088382797604882546e-01 4.021911456339599678e-02 1.686976527275795279e-01 2.206668154036124374e-01 2.413148702735221640e-01 9.354745636896414362e-01 1.084462661084273361e-01 9.354411308123148361e-01
4.693359641291309226e-01 0.000000000000000000e+00 9.760087710252960402e-01 1.854304979909100481e-01 7.490101432166368367e-01 7.693022711465420382e-01 9.347993551790190203e-02 8.463029399252156582e-01 5.164882270249127050e-01 2.081162471975872563e-03 2.605498731651600952e-02 3.068087360447798728e-01 5.924292213087505310e-01 9.063365721716784007e-01 7.346066000373039362e-01 4.466005296939877800e-01 8.608947597894012205e-02 1.929293104399560921e-01 4.938542314061449279e-01 2.032309886822346590e-01 2.393758839101964853e-01 4.425765929030689438e-02 2.730226128334127811e-01 4.310366954430264741e-01 8.257992430690794805e-01 4.100331323909296444e-01 5.841400485887185967e-01 1.025950546832661292e-01 8.340511403619234043e-01 2.910438887393596019e-01 8.731416429994701689e-01 5.117094111880793328e-02 9.044073486412689267e-01 8.933475887654549474e-01 3.520005129713860148e-01 6.474716230842940679e-01 7.865435211497986412e-01 1.405808962799615092e-02 6.394980106764591721e-02 1.112324687974663995e-01
5.200461244569355435e-01 9.760087710252960402e-01 0.000000000000000000e+00 5.543206510973732737e-01 2.159677675835112165e-01 9.239359159639526364e-01 6.953173521764728360e-01 6.510919827177148456e-01 2.583124382139344588e-01 8.535650972876230869e-01 2.974606260803813740e-04 1.274196111562934108e-01 3.019793553428317123e-01 7.447151970426414413e-01 9.786584505743980422e-01 5.733462990279994953e-01 8.981304123446948173e-01 8.800059457708916399e-01 6.608507479933645179e-02 5.270218462134537152e-01 1.584804523367067119e-01 6.785596664819413260e-01 2.669963370191587027e-01 6.938110958396873640e-01 2.806792782652707263e-01 4.361542785198184724e-01 2.593668113267155739e-01 2.629735208083960885e-03 2.414515380053900984e-01 1.375368563459338223e-01 9.664701954046005516e-01 1.787828376325247826e-01 2.806182102921415122e-01 9.799571918205134402e-01 6.900562332244574160e-01 3.720712837845463472e-02 4.090985794959846045e-01 8.569934918482564612e-01 7.199809839009153611e-01 4.056651666450756810e-01
1.360524287306511537e-01 1.854304979909100481e-01 5.543206510973732737e-01 0.000000000000000000e+00 7.723750856397360032e-02 2.962903173089942443e-01 7.082194864100267440e-01 6.561660080463874722e-01 8.267714558580113726e-01 9.944708418663711358e-01 1.559551680714892363e-01 3.621638905357875693e-01 5.604821673213780109e-01 4.833359559146179762e-01 7.662920154640561199e-01 6.731146134615910714e-01 1.615063319270685360e-01 9.274029597544933834e-01 1.961739852028965281e-02 4.190273783636131455e-01 3.054861756741135137e-01 9.610912317838529173e-01 4.967194649183310773e-01 1.793452979525824720e-01 2.271809898101180281e-01 5.708672063347098868e-01 7.532697321972690041e-01 9.491252103207112878e-01 8.891132566167370133e-02 6.708820593532027754e-01 5.101085177736124354e-01 2.314579717517185609e-01 3.515691219159733372e-01 1.784426080049325014e-01 2.271719849856195239e-01 4.162973958350523196e-01 3.225481209326872545e-01 8.955056055235963708e-01 8.343169225939732758e-01 7.599335791537066287e-01
7.448795839097329674e-01 7.490101432166368367e-01 2.159677675835112165e-01 7.723750856397360032e-02 0.000000000000000000e+00 3.316173273137061894e-01 6.536870497021785020e-02 4.841879264625646995e-01 5.995666298227003699e-01 4.741247917669338952e-01 7.947565130317709725e-01 2.876866219708934524e-01 1.890445813026966349e-01 6.390707311627984444e-01 7.634035088421845527e-01 7.974172548167633989e-01 2.386982010485784178e-01 7.074439248253905355e-02 8.293416080519732114e-01 8.971585307890480587e-01 7.810600320437167676e-01 4.997128172017585301e-01 3.218086650619268463e-01 8.130160662259496851e-01 2.141415119334090233e-01 1.976761545513014973e-01 2.527855247888989298e-01 7.115376517403637635e-01 7.042950259592409834e-01 7.566550462585120984e-01 7.422044740974442778e-02 7.480158287024886166e-01 1.772986036197953252e-01 6.956824004117911908e-02 4.495830642170054459e-01 7.350132320095231764e-01 3.304454696398317903e-01 3.511015203163784237e-01 5.633305682059389641e-01 1.767655344135653506e-01
7.915166477045519899e-01 7.693022711465420382e-01 9.239359159639526364e-01 2.962903173089942443e-01 3.316173273137061894e-01 0.000000000000000000e+00 7.698773955552117298e-01 3.602961810189405645e-01 4.642327851757254153e-01 1.467620010443865253e-01 1.472785698606404736e-02 3.185030737924612332e-01 4.999905638892359061e-01 8.908133752908672376e-01 4.796804427888485822e-01 7.088933482247221640e-01 9.879383287094911648e-01 1.091366188412686844e-01 6.010263763767480505e-01 8.751768221512241652e-01 8.091091256325578795e-01 1.671437648514051411e-02 5.054725267637483199e-02 7.497233871101757208e-01 5.225739466433931835e-02 4.652139806737320971e-01 8.794893468939000147e-01 6.322650768032512802e-01 8.192666054668354958e-01 9.458836765468626728e-01 2.686587387902579227e-01 4.689579701379226195e-01 7.648698089819879753e-01 2.861044772476661890e-01 8.966163215455232871e-01 5.394898348246279784e-01 1.918580198772921186e-01 1.126102437407663359e-01 3.054573870169524641e-01 9.994891265620028387e-01
3.745898450708838867e-01 9.347993551790190203e-02 6.953173521764728360e-01 7.082194864100267440e-01 6.536870497021785020e-02 7.698773955552117298e-01 0.000000000000000000e+00 2.526145745433859835e-01 3.841097978219848441e-01 9.107725138799971365e-01 6.917208538246624183e-01 4.752215898876073208e-01 4.238009842572114660e-01 8.483450058502661761e-01 6.818979566317485697e-01 4.966078055542901826e-01 9.492391789888031672e-01 9.834245386217045359e-01 5.355522812286332979e-01 4.068307266206026007e-01 6.885566321641257703e-01 9.445249240971231863e-03 5.255547630109539403e-01 3.907307777362436507e-01 2.065957008875057843e-01 2.064831416102301809e-01 1.446580227815241759e-02 9.943515170106075329e-01 9.032165630009517665e-01 2.896269505003326028e-01 8.349429288617257194e-01 5.419497540989367534e-01 8.992102066329221710e-01 6.152706759306446616e-01 7.771959467979531189e-01 5.466099559857107160e-03 7.338032430705750953e-01 3.730299579623450601e-01 8.868750096468422939e-01 8.462931203051728968e-01
3.370056136205729080e-01 8.463029399252156582e-01 6.510919827177148456e-01 6.561660080463874722e-01 4.841879264625646995e-01 3.602961810189405645e-01 2.526145745433859835e-01 0.000000000000000000e+00 6.681507514899366340e-01 5.498469009322015655e-01 1.289697649377268274e-01 6.988904587463660167e-01 4.609610866509421534e-01 5.207383018110659512e-01 1.594300946933310259e-01 3.515164999811131175e-01 6.703291042584369475e-01 3.322940215337096825e-01 5.987845732892654871e-01 4.799093815071755476e-01 7.150755877705040620e-01 1.364040546678948473e-01 9.357176058812139985e-01 4.785997013538025868e-01 5.394206193831683205e-01 8.853217563138592316e-01 9.447287110657198728e-01 3.492400305356380130e-01 2.395779804346267472e-01 6.866446926012748087e-01 6.753988825467405199e-01 2.138933109221499151e-01 2.355231263727063373e-01 5.966346442831855779e-01 5.724734991497250070e-01 7.265577079955843898e-01 6.235482510621972452e-01 6.005854476592993318e-01 8.412438874259219324e-01 9.056208220532393494e-01
9.327326035688529027e-01 5.164882270249127050e-01 2.583124382139344588e-01 8.267714558580113726e-01 5.995666298227003699e-01 4.642327851757254153e-01 3.841097978219848441e-01 6.681507514899366340e-01 0.000000000000000000e+00 3.721601334567127273e-01 9.175600258951639443e-01 8.621067080844739827e-01 8.098360429279799488e-01 4.059394610165416584e-01 4.868005264903670914e-01 5.575385473772198619e-01 8.784207053558227285e-01 6.276156510550425782e-01 2.976262622762665400e-01 4.160595543588700984e-01 6.321710727442507727e-01 9.104277127951254656e-01 7.641984085168923579e-01 4.979247412840643872e-01 8.638924336210433985e-01 9.993736320548085583e-01 9.868011445243362045e-01 4.680825912330139893e-01 2.096067979031124295e-01 6.445248299911545686e-01 5.813725472761700486e-01 2.138222453766365216e-01 8.266377733714213027e-01 9.277590457712144856e-01 5.557983390958346481e-01 6.136734300834707501e-01 7.453865563148981410e-01 7.821538991318814915e-01 9.504031415475625577e-01 3.601696729591373769e-01
4.901503778102115350e-01 2.081162471975872563e-03 8.535650972876230869e-01 9.944708418663711358e-01 4.741247917669338952e-01 1.467620010443865253e-01 9.107725138799971365e-01 5.498469009322015655e-01 3.721601334567127273e-01 0.000000000000000000e+00 5.347753793325112914e-01 4.225566216372904638e-01 3.510942907548345593e-01 3.292628434055243636e-01 5.848072637781629446e-01 3.029900891025963938e-01 9.158852670330341894e-01 1.177131553104038275e-02 8.584429834007434312e-02 5.174604093998586007e-01 1.093522870295144944e-01 8.463075718731974950e-01 4.974197708902450277e-02 5.738119067618774327e-02 5.505033645491118621e-01 7.893510360330486808e-01 4.276760129797405607e-01 7.503528691608732926e-01 8.148353833162278459e-01 4.170415908506541758e-02 9.443209353461776701e-01 9.213767098478309325e-01 2.769799543062794189e-01 5.167531835973886434e-01 3.719266950616129108e-02 8.278020910389395359e-01 7.691750393789933415e-01 4.008278791781813011e-01 7.233149531416752653e-01 6.557525450617014418e-01
6.010976927295935690e-01 2.605498731651600952e-02 2.974606260803813740e-04 1.559551680714892363e-01 7.947565130317709725e-01 1.472785698606404736e-02 6.917208538246624183e-01 1.289697649377268274e-01 9.175600258951639443e-01 5.347753793325112914e-01 0.000000000000000000e+00 9.234114178657015781e-02 6.399371224109698941e-01 5.353646231052188176e-01 3.344332043232304263e-01 7.689058987791567157e-01 2.083972787398956639e-01 3.031154790910375318e-01 9.081984615312372888e-01 5.242291015838558277e-01 5.401067888698976027e-01 6.745552023765016836e-01 8.619124025482677309e-01 8.926985230037500774e-01 1.531617933357146688e-01 8.082073993551058821e-01 5.389492505103152808e-01 4.238932801725503463e-02 8.012509797706244274e-01 3.152589019190086272e-01 8.286235778004306107e-01 5.741812032976659763e-01 2.131961252913062710e-01 7.486512993582035147e-01 7.548192682397668607e-01 9.502608986594571761e-01 4.185715281038402402e-01 2.395059051768112512e-01 8.265783095402057246e-01 7.446778623480410086e-02
5.593598301848515808e-01 3.068087360447798728e-01 1.274196111562934108e-01 3.621638905357875693e-01 2.876866219708934524e-01 3.185030737924612332e-01 4.752215898876073208e-01 6.988904587463660167e-01 8.621067080844739827e-01 4.225566216372904638e-01 9.234114178657015781e-02 0.000000000000000000e+00 5.358131359070938959e-02 7.740321992450278632e-01 3.767617799721509897e-01 3.455790238767318945e-01 6.185192284870115742e-01 9.385828602837709145e-02 8.396262650024214347e-01 7.935812992228035156e-01 8.521018193534456442e-01 9.510375187301082223e-01 6.130010105845749013e-01 8.612439098444263363e-01 7.975457838953542433e-01 9.845273173871450512e-01 3.428436702858062013e-02 2.211898630245772157e-01 7.228744425490054581e-01 9.297025062155109820e-01 5.185250523150145563e-01 9.152112839260215793e-01 9.227581682504913951e-01 4.717531717710943262e-01 1.062802636346029672e-01 5.941905809005316730e-01 7.514797823212506778e-01 6.751605602972399200e-02 4.267169280547346011e-01 6.643728839286628940e-01
1.326356806469667360e-01 5.924292213087505310e-01 3.019793553428317123e-01 5.604821673213780109e-01 1.890445813026966349e-01 4.999905638892359061e-01 4.238009842572114660e-01 4.609610866509421534e-01 8.098360429279799488e-01 3.510942907548345593e-01 6.399371224109698941e-01 5.358131359070938959e-02 0.000000000000000000e+00 9.044370128626241234e-01 4.670718625625026599e-01 7.721083277416116442e-01 7.783404421480822899e-01 9.419326981434640311e-01 1.909759112345448262e-01 8.652051301358347768e-01 7.028648028745249077e-01 4.432871621880374313e-02 1.099551270944598702e-02 2.575540856996930694e-01 7.914053615931478936e-01 7.411366436867734553e-01 9.245314701915587907e-01 8.404468101226442167e-01 1.465256324861682335e-01 1.422170514965517274e-01 6.908257638002792689e-01 5.978231092138999170e-01 7.254900918638206297e-01 1.097830107392252508e-01 2.234711587289993640e-01 7.232457104213944055e-01 5.047821189853421986e-01 1.283222496359806009e-01 9.612293780338999616e-01 6.640155943682237716e-01
9.199174394499676222e-02 9.063365721716784007e-01 7.447151970426414413e-01 4.833359559146179762e-01 6.390707311627984444e-01 8.908133752908672376e-01 8.483450058502661761e-01 5.207383018110659512e-01 4.059394610165416584e-01 3.292628434055243636e-01 5.353646231052188176e-01 7.740321992450278632e-01 9.044370128626241234e-01 0.000000000000000000e+00 3.189988926815682246e-01 4.539619301068918977e-01 6.517385611871671092e-01 9.625944452304232568e-01 6.759387469346829214e-01 4.779881548382999279e-01 5.363171424474554305e-01 1.200347084116244467e-01 1.362025890956412022e-01 8.309934486147005916e-01 4.210259813258346862e-01 3.322748058644499070e-01 1.208574359396588083e-01 1.025767051885010384e-01 4.228719572393929704e-01 4.644285281160926981e-01 1.098029860281466430e-01 2.866596810885332358e-01 4.687546175932456594e-01 8.289521798406512820e-01 9.130516167524631577e-01 4.211988110627862270e-02 5.397526779404459019e-01 9.766715605833456992e-01 4.798332190473227898e-01 1.736602406088637585e-01
6.468843816989322537e-02 7.346066000373039362e-01 9.786584505743980422e-01 7.662920154640561199e-01 7.634035088421845527e-01 4.796804427888485822e-01 6.818979566317485697e-01 1.594300946933310259e-01 4.868005264903670914e-01 5.848072637781629446e-01 3.344332043232304263e-01 3.767617799721509897e-01 4.670718625625026599e-01 3.189988926815682246e-01 0.000000000000000000e+00 1.310844180433434758e-02 8.499658069166569074e-01 1.431657971733378831e-01 2.786274115683043950e-01 9.744327681672404484e-01 6.766767834533520265e-01 4.642447087741378153e-01 2.921435443946265309e-01 3.034543543903361895e-01 9.736648535507185231e-01 3.537200765516973489e-01 8.339027782936470068e-01 1.294572124725451578e-01 1.415377802676309749e-01 5.664924702678225676e-01 7.689348496735506355e-01 1.032380504131483745e-01 5.946382114502657412e-01 2.667987770789239654e-01 9.675093548247073461e-01 1.151115530252934116e-01 5.038507849529529903e-01 6.912970505667970222e-02 9.949785456638461367e-01 1.178899720011935548e-01
1.176429978225497219e-01 4.466005296939877800e-01 5.733462990279994953e-01 6.731146134615910714e-01 7.974172548167633989e-01 7.088933482247221640e-01 4.966078055542901826e-01 3.515164999811131175e-01 5.575385473772198619e-01 3.029900891025963938e-01 7.689058987791567157e-01 3.455790238767318945e-01 7.721083277416116442e-01 4.539619301068918977e-01 1.310844180433434758e-02 0.000000000000000000e+00 8.087688676564216417e-01 2.021630103438917248e-01 9.362293442159379531e-01 3.160357054477435090e-01 3.545301687891531106e-01 3.634092702283554521e-01 2.243469336954040383e-02 6.931003617455513410e-01 9.931405673751549923e-01 7.120133280602649606e-01 9.807256595750786232e-01 9.998239462294203905e-01 9.278711997956478053e-01 4.206119323611406946e-01 7.618598195038069898e-01 2.203269621368408870e-02 3.090982573754917917e-01 4.800951356416978122e-01 6.838222436457039866e-01 5.083608342971375205e-01 1.298689837232447353e-01 2.256507610275655384e-01 7.271746644927546965e-01 1.140001508074783843e-01
9.059882575122361059e-01 8.608947597894012205e-02 8.981304123446948173e-01 1.615063319270685360e-01 2.386982010485784178e-01 9.879383287094911648e-01 9.492391789888031672e-01 6.703291042584369475e-01 8.784207053558227285e-01 9.158852670330341894e-01 2.083972787398956639e-01 6.185192284870115742e-01 7.783404421480822899e-01 6.517385611871671092e-01 8.499658069166569074e-01 8.087688676564216417e-01 0.000000000000000000e+00 4.763957410427428485e-01 1.664109928577006681e-02 3.990317775104060827e-01 8.354318626978216589e-01 1.292474006151406174e-01 8.868638267190799285e-01 2.679998057161940839e-01 4.993196975855790365e-01 1.708585987493360658e-02 1.447397192213062400e-01 7.394486105701795209e-01 9.984052653081747497e-01 9.580105256366698852e-01 5.867323032961466733e-01 4.955555217615081887e-02 4.763069713551363327e-01 2.376911161743852086e-01 2.579865469606281714e-01 3.285483662722469278e-01 6.701682938913553489e-01 2.313448322404410007e-01 6.691314643059066425e-01 8.366396189034031039e-01
9.062960454868456139e-01 1.929293104399560921e-01 8.800059457708916399e-01 9.274029597544933834e-01 7.074439248253905355e-02 1.091366188412686844e-01 9.834245386217045359e-01 3.322940215337096825e-01 6.276156510550425782e-01 1.177131553104038275e-02 3.031154790910375318e-01 9.385828602837709145e-02 9.419326981434640311e-01 9.625944452304232568e-01 1.431657971733378831e-01 2.021630103438917248e-01 4.763957410427428485e-01 0.000000000000000000e+00 5.856494545007592256e-01 6.079009019888492737e-01 8.949149263854877523e-01 7.346745332815853846e-01 4.096249260375106616e-02 9.579099567330952025e-01 5.594683195181998636e-01 3.241230985026999356e-01 8.883407997694715563e-01 3.422807821243034621e-01 2.569289996379963137e-01 8.519581320394757906e-01 4.362960310023463739e-01 6.969689126125040435e-01 9.614224382030757132e-01 7.351149275382211634e-01 1.747271381525782319e-01 6.945488758794772233e-01 5.509111226603803368e-01 2.269379016514289082e-01 1.310550752820413001e-01 5.136400361223731892e-01
8.360897564645400903e-01 4.938542314061449279e-01 6.608507479933645179e-02 1.961739852028965281e-02 8.293416080519732114e-01 6.010263763767480505e-01 5.355522812286332979e-01 5.987845732892654871e-01 2.976262622762665400e-01 8.584429834007434312e-02 9.081984615312372888e-01 8.396262650024214347e-01 1.909759112345448262e-01 6.759387469346829214e-01 2.786274115683043950e-01 9.362293442159379531e-01 1.664109928577006681e-02 5.856494545007592256e-01 0.000000000000000000e+00 9.195005235302766700e-02 6.467506791243700093e-01 1.012596985075756573e-01 4.873517850172213173e-01 5.251358006445073778e-01 9.844671228873231872e-01 1.605368503648230138e-03 5.593098448456854666e-01 5.788335130247226346e-01 5.645571078815689869e-01 4.296322749364418492e-01 4.706886346032603807e-01 8.621557211052371938e-01 3.100877693331791640e-01 7.520944032122947043e-01 8.844910908391494520e-01 8.989227834775662673e-01 3.076922543911949637e-01 7.788359565908690163e-01 7.305474754694193384e-01 5.421609411021544034e-03
5.849218388254777690e-01 2.032309886822346590e-01 5.270218462134537152e-01 4.190273783636131455e-01 8.971585307890480587e-01 8.751768221512241652e-01 4.068307266206026007e-01 4.799093815071755476e-01 4.160595543588700984e-01 5.174604093998586007e-01 5.242291015838558277e-01 7.935812992228035156e-01 8.652051301358347768e-01 4.779881548382999279e-01 9.744327681672404484e-01 3.160357054477435090e-01 3.990317775104060827e-01 6.079009019888492737e-01 9.195005235302766700e-02 0.000000000000000000e+00 8.298118484725293120e-01 9.587482728708217605e-01 1.858420817134152081e-01 3.279101485943796135e-01 1.974615134805317584e-01 7.942504385330337868e-01 6.410770492469537452e-01 3.369351484608262837e-02 1.582344462191525025e-01 5.037091297713235383e-01 4.446590602966614680e-01 2.732196017901642460e-01 5.902405584852377096e-01 5.251435200428822281e-02 3.602699658594993304e-01 6.762437002219299220e-01 9.045743930612696326e-01 6.319963038097765606e-01 6.618313182962615171e-01 2.647190564919698064e-01
2.075112392274538475e-01 2.393758839101964853e-01 1.584804523367067119e-01 3.054861756741135137e-01 7.810600320437167676e-01 8.091091256325578795e-01 6.885566321641257703e-01 7.150755877705040620e-01 6.321710727442507727e-01 1.093522870295144944e-01 5.401067888698976027e-01 8.521018193534456442e-01 7.028648028745249077e-01 5.363171424474554305e-01 6.766767834533520265e-01 3.545301687891531106e-01 8.354318626978216589e-01 8.949149263854877523e-01 6.467506791243700093e-01 8.298118484725293120e-01 0.000000000000000000e+00 2.546858850118285389e-01 8.019952027933024974e-01 8.698993226051968675e-01 1.340951123296028058e-01 1.724711963365813672e-01 1.007331630751294727e-01 3.496516877619906261e-01 5.532904733307749678e-01 9.873905104971132385e-01 7.171753351372844865e-01 7.210332585614405154e-01 8.012315724583951582e-02 4.625188474924853965e-01 7.684821726901023276e-01 3.108807786933042161e-01 5.170138236415402488e-01 1.984497927009917229e-01 6.092337099139522039e-02 1.250688115390833355e-01
4.301876239389611500e-01 4.425765929030689438e-02 6.785596664819413260e-01 9.610912317838529173e-01 4.997128172017585301e-01 1.671437648514051411e-02 9.445249240971231863e-03 1.364040546678948473e-01 9.104277127951254656e-01 8.463075718731974950e-01 6.745552023765016836e-01 9.510375187301082223e-01 4.432871621880374313e-02 1.200347084116244467e-01 4.642447087741378153e-01 3.634092702283554521e-01 1.292474006151406174e-01 7.346745332815853846e-01 1.012596985075756573e-01 9.587482728708217605e-01 2.546858850118285389e-01 0.000000000000000000e+00 2.227289111250352338e-02 7.441280473263741646e-01 1.493798972570032912e-01 6.520610697272074541e-01 8.919820274013957606e-01 3.814587888566434160e-01 3.208302479956250952e-01 4.462544654267908140e-01 2.627086168846655134e-01 2.358726687594644433e-01 8.346193615717190095e-02 9.222058123114641459e-01 5.701021479051843199e-01 8.003399417843094499e-01 8.739742391900710006e-01 3.977045709467473822e-01 1.515012620977544966e-01 4.568163672421906574e-01
5.014160633377585663e-01 2.730226128334127811e-01 2.669963370191587027e-01 4.967194649183310773e-01 3.218086650619268463e-01 5.054725267637483199e-02 5.255547630109539403e-01 9.357176058812139985e-01 7.641984085168923579e-01 4.974197708902450277e-02 8.619124025482677309e-01 6.130010105845749013e-01 1.099551270944598702e-02 1.362025890956412022e-01 2.921435443946265309e-01 2.243469336954040383e-02 8.868638267190799285e-01 4.096249260375106616e-02 4.873517850172213173e-01 1.858420817134152081e-01 8.019952027933024974e-01 2.227289111250352338e-02 0.000000000000000000e+00 7.896650058548568829e-01 4.617025730628087077e-01 7.393857530303935555e-01 7.309854839576459540e-01 3.856505541724073449e-01 9.358440479686305213e-01 7.729018092604379442e-01 8.058979932175837080e-01 7.637292574430021297e-03 5.021452546355029689e-01 1.765228597132466604e-01 1.942605214421888604e-01 9.229988386906806674e-03 3.313111237529400288e-01 1.501531180917022867e-01 3.892614408785014524e-01 1.968006157594539562e-01
6.851412288086777824e-02 4.310366954430264741e-01 6.938110958396873640e-01 1.793452979525824720e-01 8.130160662259496851e-01 7.497233871101757208e-01 3.907307777362436507e-01 4.785997013538025868e-01 4.979247412840643872e-01 5.738119067618774327e-02 8.926985230037500774e-01 8.612439098444263363e-01 2.575540856996930694e-01 8.309934486147005916e-01 3.034543543903361895e-01 6.931003617455513410e-01 2.679998057161940839e-01 9.579099567330952025e-01 5.251358006445073778e-01 3.279101485943796135e-01 8.698993226051968675e-01 7.441280473263741646e-01 7.896650058548568829e-01 0.000000000000000000e+00 6.078279318443533530e-01 5.311469577137281073e-01 6.768694629056719592e-01 1.173258773014248524e-01 8.915865835150584839e-01 9.499196782208452206e-02 4.737764610594125125e-01 3.728034149772591066e-01 9.966293330697015840e-01 2.567018689561690881e-01 7.378885797191471196e-01 1.728847359986251941e-02 6.025349909071502363e-01 5.510055591815886666e-01 7.511903033764607551e-01 5.405088333131243816e-01
5.490591443522269133e-01 8.257992430690794805e-01 2.806792782652707263e-01 2.271809898101180281e-01 2.141415119334090233e-01 5.225739466433931835e-02 2.065957008875057843e-01 5.394206193831683205e-01 8.638924336210433985e-01 5.505033645491118621e-01 1.531617933357146688e-01 7.975457838953542433e-01 7.914053615931478936e-01 4.210259813258346862e-01 9.736648535507185231e-01 9.931405673751549923e-01 4.993196975855790365e-01 5.594683195181998636e-01 9.844671228873231872e-01 1.974615134805317584e-01 1.340951123296028058e-01 1.493798972570032912e-01 4.617025730628087077e-01 6.078279318443533530e-01 0.000000000000000000e+00 1.171307681137156997e-01 2.398211922160287113e-02 4.063047876624352739e-01 8.789426400148659946e-01 9.061947077665992722e-01 8.654149077155570691e-02 9.337950478811340993e-02 1.665685430190655403e-01 2.225004991431975832e-01 6.336110290621181917e-01 8.810578354577285332e-01 4.756585646838070724e-01 2.027592565309341843e-01 3.823846537869363127e-01 8.099697861408867716e-01
9.303371800886969245e-01 4.100331323909296444e-01 4.361542785198184724e-01 5.708672063347098868e-01 1.976761545513014973e-01 4.652139806737320971e-01 2.064831416102301809e-01 8.853217563138592316e-01 9.993736320548085583e-01 7.893510360330486808e-01 8.082073993551058821e-01 9.845273173871450512e-01 7.411366436867734553e-01 3.322748058644499070e-01 3.537200765516973489e-01 7.120133280602649606e-01 1.708585987493360658e-02 3.241230985026999356e-01 1.605368503648230138e-03 7.942504385330337868e-01 1.724711963365813672e-01 6.520610697272074541e-01 7.393857530303935555e-01 5.311469577137281073e-01 1.171307681137156997e-01 0.000000000000000000e+00 5.163716406925700220e-02 1.340304705732456858e-01 1.324203776464860649e-02 3.776946243552782301e-01 5.075296960279777059e-01 5.999274421715294903e-01 5.348886260244802848e-01 7.444749310567572165e-01 8.439665451143985031e-02 2.552952011558045076e-01 8.529257103120998496e-01 7.966272400687709476e-01 7.978075141672337223e-01 2.825456809030693073e-01
2.682564101004104584e-01 5.841400485887185967e-01 2.593668113267155739e-01 7.532697321972690041e-01 2.527855247888989298e-01 8.794893468939000147e-01 1.446580227815241759e-02 9.447287110657198728e-01 9.868011445243362045e-01 4.276760129797405607e-01 5.389492505103152808e-01 3.428436702858062013e-02 9.245314701915587907e-01 1.208574359396588083e-01 8.339027782936470068e-01 9.807256595750786232e-01 1.447397192213062400e-01 8.883407997694715563e-01 5.593098448456854666e-01 6.410770492469537452e-01 1.007331630751294727e-01 8.919820274013957606e-01 7.309854839576459540e-01 6.768694629056719592e-01 2.398211922160287113e-02 5.163716406925700220e-02 0.000000000000000000e+00 7.480171664442673007e-01 5.463712524647033053e-01 6.367371796906168280e-01 3.481564008638859953e-02 7.086278018662949263e-01 2.910793291009227124e-01 3.979565399461199027e-01 8.897893295102907718e-01 6.724378136013579033e-01 6.273327864297061351e-01 5.730892670111545906e-01 9.291294378967102086e-01 6.497507689470392034e-01
6.408116296066075357e-01 1.025950546832661292e-01 2.629735208083960885e-03 9.491252103207112878e-01 7.115376517403637635e-01 6.322650768032512802e-01 9.943515170106075329e-01 3.492400305356380130e-01 4.680825912330139893e-01 7.503528691608732926e-01 4.238932801725503463e-02 2.211898630245772157e-01 8.404468101226442167e-01 1.025767051885010384e-01 1.294572124725451578e-01 9.998239462294203905e-01 7.394486105701795209e-01 3.422807821243034621e-01 5.788335130247226346e-01 3.369351484608262837e-02 3.496516877619906261e-01 3.814587888566434160e-01 3.856505541724073449e-01 1.173258773014248524e-01 4.063047876624352739e-01 1.340304705732456858e-01 7.480171664442673007e-01 0.000000000000000000e+00 3.188482877851228636e-03 1.463221299790657959e-01 3.773020418853075819e-01 4.263452423189268981e-01 4.138801375297985752e-01 1.311999113471726819e-01 4.768581927754647065e-01 8.756771898261005438e-01 4.277821307110218907e-02 4.258254238089012045e-01 9.308103067089193994e-01 4.406309062561468703e-01
5.493179281236052480e-01 8.340511403619234043e-01 2.414515380053900984e-01 8.891132566167370133e-02 7.042950259592409834e-01 8.192666054668354958e-01 9.032165630009517665e-01 2.395779804346267472e-01 2.096067979031124295e-01 8.148353833162278459e-01 8.012509797706244274e-01 7.228744425490054581e-01 1.465256324861682335e-01 4.228719572393929704e-01 1.415377802676309749e-01 9.278711997956478053e-01 9.984052653081747497e-01 2.569289996379963137e-01 5.645571078815689869e-01 1.582344462191525025e-01 5.532904733307749678e-01 3.208302479956250952e-01 9.358440479686305213e-01 8.915865835150584839e-01 8.789426400148659946e-01 1.324203776464860649e-02 5.463712524647033053e-01 3.188482877851228636e-03 0.000000000000000000e+00 7.605866037609489982e-01 3.426606974886647894e-02 9.932689474450728806e-01 1.412483488756366423e-02 9.086429879421239475e-01 9.448629053193471350e-01 5.031041706864125551e-02 5.290373308339374470e-01 5.014840569142328119e-01 6.693017183638544365e-01 1.726282475280910278e-01
9.717380270474916815e-01 2.910438887393596019e-01 1.375368563459338223e-01 6.708820593532027754e-01 7.566550462585120984e-01 9.458836765468626728e-01 2.896269505003326028e-01 6.866446926012748087e-01 6.445248299911545686e-01 4.170415908506541758e-02 3.152589019190086272e-01 9.297025062155109820e-01 1.422170514965517274e-01 4.644285281160926981e-01 5.664924702678225676e-01 4.206119323611406946e-01 9.580105256366698852e-01 8.519581320394757906e-01 4.296322749364418492e-01 5.037091297713235383e-01 9.873905104971132385e-01 4.462544654267908140e-01 7.729018092604379442e-01 9.499196782208452206e-02 9.061947077665992722e-01 3.776946243552782301e-01 6.367371796906168280e-01 1.463221299790657959e-01 7.605866037609489982e-01 0.000000000000000000e+00 3.612810131420649551e-01 1.988227431631295339e-02 1.537398404259497919e-01 9.212434839317584778e-02 7.080748590529993836e-01 9.031576974479940123e-01 2.665165685274203389e-01 5.983696998256452515e-01 1.932470231146125039e-01 2.359486706715943072e-01
9.582308594742768859e-01 8.731416429994701689e-01 9.664701954046005516e-01 5.101085177736124354e-01 7.422044740974442778e-02 2.686587387902579227e-01 8.349429288617257194e-01 6.753988825467405199e-01 5.813725472761700486e-01 9.443209353461776701e-01 8.286235778004306107e-01 5.185250523150145563e-01 6.908257638002792689e-01 1.098029860281466430e-01 7.689348496735506355e-01 7.618598195038069898e-01 5.867323032961466733e-01 4.362960310023463739e-01 4.706886346032603807e-01 4.446590602966614680e-01 7.171753351372844865e-01 2.627086168846655134e-01 8.058979932175837080e-01 4.737764610594125125e-01 8.654149077155570691e-02 5.075296960279777059e-01 3.481564008638859953e-02 3.773020418853075819e-01 3.426606974886647894e-02 3.612810131420649551e-01 0.000000000000000000e+00 7.501100477995522597e-01 9.859517467284554249e-01 5.069489069465560327e-02 4.088478772026020724e-01 8.511106336463636346e-02 8.640553643765389591e-01 7.250119863529480568e-02 4.133501359774375272e-01 9.638641605650556388e-01
9.112576701299800463e-01 5.117094111880793328e-02 1.787828376325247826e-01 2.314579717517185609e-01 7.480158287024886166e-01 4.689579701379226195e-01 5.419497540989367534e-01 2.138933109221499151e-01 2.138222453766365216e-01 9.213767098478309325e-01 5.741812032976659763e-01 9.152112839260215793e-01 5.978231092138999170e-01 2.866596810885332358e-01 1.032380504131483745e-01 2.203269621368408870e-02 4.955555217615081887e-02 6.969689126125040435e-01 8.621557211052371938e-01 2.732196017901642460e-01 7.210332585614405154e-01 2.358726687594644433e-01 7.637292574430021297e-03 3.728034149772591066e-01 9.337950478811340993e-02 5.999274421715294903e-01 7.086278018662949263e-01 4.263452423189268981e-01 9.932689474450728806e-01 1.988227431631295339e-02 7.501100477995522597e-01 0.000000000000000000e+00 2.693550623814152667e-01 3.331545840744839504e-01 9.853174020412275302e-01 3.997021302525455289e-01 6.962253895159561390e-01 4.093869956889835127e-01 2.457164739060603287e-01 5.537654251904560176e-01
4.088382797604882546e-01 9.044073486412689267e-01 2.806182102921415122e-01 3.515691219159733372e-01 1.772986036197953252e-01 7.648698089819879753e-01 8.992102066329221710e-01 2.355231263727063373e-01 8.266377733714213027e-01 2.769799543062794189e-01 2.131961252913062710e-01 9.227581682504913951e-01 7.254900918638206297e-01 4.687546175932456594e-01 5.946382114502657412e-01 3.090982573754917917e-01 4.763069713551363327e-01 9.614224382030757132e-01 3.100877693331791640e-01 5.902405584852377096e-01 8.012315724583951582e-02 8.346193615717190095e-02 5.021452546355029689e-01 9.966293330697015840e-01 1.665685430190655403e-01 5.348886260244802848e-01 2.910793291009227124e-01 4.138801375297985752e-01 1.412483488756366423e-02 1.537398404259497919e-01 9.859517467284554249e-01 2.693550623814152667e-01 0.000000000000000000e+00 6.926650893914731988e-02 8.844360422663317678e-01 7.022211428673488243e-01 1.404156524484763136e-01 2.072383787755498474e-01 1.344648551652154467e-01 4.040397018894962278e-01
4.021911456339599678e-02 8.933475887654549474e-01 9.799571918205134402e-01 1.784426080049325014e-01 6.956824004117911908e-02 2.861044772476661890e-01 6.152706759306446616e-01 5.966346442831855779e-01 9.277590457712144856e-01 5.167531835973886434e-01 7.486512993582035147e-01 4.717531717710943262e-01 1.097830107392252508e-01 8.289521798406512820e-01 2.667987770789239654e-01 4.800951356416978122e-01 2.376911161743852086e-01 7.351149275382211634e-01 7.520944032122947043e-01 5.251435200428822281e-02 4.625188474924853965e-01 9.222058123114641459e-01 1.765228597132466604e-01 2.567018689561690881e-01 2.225004991431975832e-01 7.444749310567572165e-01 3.979565399461199027e-01 1.311999113471726819e-01 9.086429879421239475e-01 9.212434839317584778e-02 5.069489069465560327e-02 3.331545840744839504e-01 6.926650893914731988e-02 0.000000000000000000e+00 5.493620638666062428e-01 8.402383333884162475e-01 5.455869851521650826e-01 7.737805376688161596e-01 8.208547147236121555e-01 7.275388506710268599e-01
1.686976527275795279e-01 3.520005129713860148e-01 6.900562332244574160e-01 2.271719849856195239e-01 4.495830642170054459e-01 8.966163215455232871e-01 7.771959467979531189e-01 5.724734991497250070e-01 5.557983390958346481e-01 3.719266950616129108e-02 7.548192682397668607e-01 1.062802636346029672e-01 2.234711587289993640e-01 9.130516167524631577e-01 9.675093548247073461e-01 6.838222436457039866e-01 2.579865469606281714e-01 1.747271381525782319e-01 8.844910908391494520e-01 3.602699658594993304e-01 7.684821726901023276e-01 5.701021479051843199e-01 1.942605214421888604e-01 7.378885797191471196e-01 6.336110290621181917e-01 8.439665451143985031e-02 8.897893295102907718e-01 4.768581927754647065e-01 9.448629053193471350e-01 7.080748590529993836e-01 4.088478772026020724e-01 9.853174020412275302e-01 8.844360422663317678e-01 5.493620638666062428e-01 0.000000000000000000e+00 4.490168149852223900e-01 6.700175450711480796e-01 9.747487773941465594e-01 8.576775861769698750e-01 1.349686140735898432e-01
2.206668154036124374e-01 6.474716230842940679e-01 3.720712837845463472e-02 4.162973958350523196e-01 7.350132320095231764e-01 5.394898348246279784e-01 5.466099559857107160e-03 7.265577079955843898e-01 6.136734300834707501e-01 8.278020910389395359e-01 9.502608986594571761e-01 5.941905809005316730e-01 7.232457104213944055e-01 4.211988110627862270e-02 1.151115530252934116e-01 5.083608342971375205e-01 3.285483662722469278e-01 6.945488758794772233e-01 8.989227834775662673e-01 6.762437002219299220e-01 3.108807786933042161e-01 8.003399417843094499e-01 9.229988386906806674e-03 1.728847359986251941e-02 8.810578354577285332e-01 2.552952011558045076e-01 6.724378136013579033e-01 8.756771898261005438e-01 5.031041706864125551e-02 9.031576974479940123e-01 8.511106336463636346e-02 3.997021302525455289e-01 7.022211428673488243e-01 8.402383333884162475e-01 4.490168149852223900e-01 0.000000000000000000e+00 5.920857249218658414e-01 1.912854430984713971e-01 5.514086031205899241e-01 1.306156958791088174e-01
2.413148702735221640e-01 7.865435211497986412e-01 4.090985794959846045e-01 3.225481209326872545e-01 3.304454696398317903e-01 1.918580198772921186e-01 7.338032430705750953e-01 6.235482510621972452e-01 7.453865563148981410e-01 7.691750393789933415e-01 4.185715281038402402e-01 7.514797823212506778e-01 5.047821189853421986e-01 5.397526779404459019e-01 5.038507849529529903e-01 1.298689837232447353e-01 6.701682938913553489e-01 5.509111226603803368e-01 3.076922543911949637e-01 9.045743930612696326e-01 5.170138236415402488e-01 8.739742391900710006e-01 3.313111237529400288e-01 6.025349909071502363e-01 4.756585646838070724e-01 8.529257103120998496e-01 6.273327864297061351e-01 4.277821307110218907e-02 5.290373308339374470e-01 2.665165685274203389e-01 8.640553643765389591e-01 6.962253895159561390e-01 1.404156524484763136e-01 5.455869851521650826e-01 6.700175450711480796e-01 5.920857249218658414e-01 0.000000000000000000e+00 2.253249129857860522e-01 2.893441877510903870e-01 9.792901928927834065e-01
9.354745636896414362e-01 1.405808962799615092e-02 8.569934918482564612e-01 8.955056055235963708e-01 3.511015203163784237e-01 1.126102437407663359e-01 3.730299579623450601e-01 6.005854476592993318e-01 7.821538991318814915e-01 4.008278791781813011e-01 2.395059051768112512e-01 6.751605602972399200e-02 1.283222496359806009e-01 9.766715605833456992e-01 6.912970505667970222e-02 2.256507610275655384e-01 2.313448322404410007e-01 2.269379016514289082e-01 7.788359565908690163e-01 6.319963038097765606e-01 1.984497927009917229e-01 3.977045709467473822e-01 1.501531180917022867e-01 5.510055591815886666e-01 2.027592565309341843e-01 7.966272400687709476e-01 5.730892670111545906e-01 4.258254238089012045e-01 5.014840569142328119e-01 5.983696998256452515e-01 7.250119863529480568e-02 4.093869956889835127e-01 2.072383787755498474e-01 7.737805376688161596e-01 9.747487773941465594e-01 1.912854430984713971e-01 2.253249129857860522e-01 0.000000000000000000e+00 1.493015644646887852e-01 9.154942509053696220e-01
1.084462661084273361e-01 6.394980106764591721e-02 7.199809839009153611e-01 8.343169225939732758e-01 5.633305682059389641e-01 3.054573870169524641e-01 8.868750096468422939e-01 8.412438874259219324e-01 9.504031415475625577e-01 7.233149531416752653e-01 8.265783095402057246e-01 4.267169280547346011e-01 9.612293780338999616e-01 4.798332190473227898e-01 9.949785456638461367e-01 7.271746644927546965e-01 6.691314643059066425e-01 1.310550752820413001e-01 7.305474754694193384e-01 6.618313182962615171e-01 6.092337099139522039e-02 1.515012620977544966e-01 3.892614408785014524e-01 7.511903033764607551e-01 3.823846537869363127e-01 7.978075141672337223e-01 9.291294378967102086e-01 9.308103067089193994e-01 6.693017183638544365e-01 1.932470231146125039e-01 4.133501359774375272e-01 2.457164739060603287e-01 1.344648551652154467e-01 8.208547147236121555e-01 8.576775861769698750e-01 5.514086031205899241e-01 2.893441877510903870e-01 1.493015644646887852e-01 0.000000000000000000e+00 2.771577938049363254e-02
