0.000000000000000000e+00 2.783192590421822432e-01 4.619267373347324401e-02 6.297486544825147137e-01 8.678997106807077033e-01 6.492340331742958437e-01 6.194889169826700570e-01 5.397798506350900416e-01 1.728594105054207519e-01 5.461399241015593153e-01 1.112583831835184389e-01 1.588595696002549351e-01 6.772822103327722498e-01 6.749569639714547709e-01 6.926659838150889259e-01 7.891841050255508083e-01 4.966495528077763399e-02 9.193261154897147680e-01 9.340535269055644241e-01 3.704959281888101641e-01 3.111306023551191346e-01 2.103540352807721225e-01 7.438884700894581314e-01 9.079004644184731632e-01 4.542819204539373379e-01 9.790552500352981413e-01 9.253164110355462935e-01 2.406861335090706433e-01 6.736680626064128763e-02 7.798943015459554040e-01 8.199710330072942366e-01 2.032711216856738501e-01 7.880908398651814695e-01 1.074613702734683596e-01 8.381326340628187932e-01 3.659936009799014123e-02 7.244696297837914800e-01 8.228210408804706999e-01 4.428398296195752426e-01 7.616446848978919437e-02
2.783192590421822432e-01 0.000000000000000000e+00 6.766034948686366901e-01 4.592429653334429984e-01 6.248617798418043545e-01 8.416194911550030078e-01 9.939314672973963427e-01 3.446914118732308241e-01 2.360909376780018221e-01 1.775323684714140704e-01 3.020209674986447101e-01 5.517051179349571344e-01 3.999066292011722590e-01 7.109184289039225391e-01 3.608251222937147729e-01 9.452463183281334391e-02 5.044357115995009577e-01 1.554874895136003632e-01 2.503915091007795635e-01 1.111565378313269514e-01 4.638147734939952471e-01 8.143920839157665625e-01 7.897203291415741955e-01 9.437436595898721636e-01 1.860561666802937886e-01 8.601071967260640605e-01 5.282969666387421492e-01 2.669372251314872102e-01 5.360359369244791505e-01 9.539630297665369074e-02 4.955782435214808324e-01 4.549056881791779805e-01 5.605780757218022936e-01 9.929824304929236733e-01 3.089360312663946839e-02 6.402108548237270824e-01 9.160143275899186310e-01 2.530296540382722670e-01 1.875188337857764953e-01 7.498664878708666270e-01
4.619267373347324401e-02 6.766034948686366901e-01 0.000000000000000000e+00 1.458052754301475407e-02 9.829943547086169575e-01 2.917937372017076481e-02 1.552130266258984204e-01 6.546907960234578105e-01 6.279530129749716361e-01 3.292802810538976166e-01 7.301216909749036477e-01 6.986323627495847344e-01 6.709726440778844836e-01 6.268477333796113049e-01 2.178651602229859652e-01 1.542919716068328340e-01 5.282495918043078609e-01 1.842155704136234640e-01 4.392163222117720922e-01 5.408689165139680677e-01 4.216274910714525870e-01 1.726939571883991942e-01 7.828498841988245083e-01 1.182136839440039999e-01 9.763574806950940932e-01 4.498117374772081511e-02 2.134726468060145210e-01 9.155641694370200145e-01 4.877498938864108791e-01 3.057407940697941529e-01 9.928371943111750086e-01 9.501636665187941366e-01 6.884797909700342000e-01 4.293526383870202023e-01 5.318267092038910793e-01 5.803011168944511855e-01 8.043538560173185692e-01 3.844350709526098697e-01 2.822536604867704746e-01 6.710520764809154715e-01
6.297486544825147137e-01 4.592429653334429984e-01 1.458052754301475407e-02 0.000000000000000000e+00 4.444909486558594747e-01 7.553080998748450403e-01 9.375217624589640142e-01 9.607089052026431819e-01 5.110844569085618572e-01 2.600419474562870592e-01 1.842210317253706320e-01 5.789725495698825330e-01 5.955829911566644652e-01 2.162091343618519623e-01 6.999563362622560625e-01 8.853089080518641296e-01 8.595520992789283943e-01 3.073954257495925546e-01 1.513837358903868946e-02 2.581010422057894438e-01 1.832737658226551991e-01 2.123130441426299697e-01 9.707703349194052311e-02 6.863222289986592450e-03 6.402140876189948981e-01 6.440303202445669672e-01 5.944550529329680755e-01 2.024133544106927474e-01 4.101519414813435960e-01 9.725593592386972963e-01 7.695833741114119775e-01 1.497393165158806827e-01 9.689359381568696250e-01 5.652758046948088699e-01 9.288579317525059720e-01 5.895418712241448089e-01 5.963526749034379071e-01 6.267997533023099699e-01 6.131919656855514544e-01 4.881923604827027585e-01
8.678997106807077033e-01 6.248617798418043545e-01 9.829943547086169575e-01 4.444909486558594747e-01 0.000000000000000000e+00 1.186581512173690012e-02 5.244442854963903278e-01 6.566297095601070222e-01 6.968946761298563386e-01 9.832063488677122987e-01 6.145480909133936853e-01 5.065256475348056675e-02 9.888097498088378456e-01 6.995775605241933981e-01 2.188578931746258949e-01 5.512891545726639198e-01 9.811216146011366712e-01 4.369044574449110208e-01 2.348084356179536147e-02 6.854814882339421711e-01 8.157044420041503763e-01 7.708451706382294377e-01 4.781695585584284647e-01 5.374121651988517101e-01 2.090900882685396978e-01 2.331296437424178469e-01 1.992396749562940217e-01 6.002294378926240626e-01 3.174515398376167585e-01 4.586406958756772401e-02 9.977428818437583669e-02 4.168257512573800838e-01 8.221100219548521659e-01 6.748960111733827150e-01 2.581487507004053272e-01 3.032977865185965127e-01 7.757699275379421611e-01 3.991693981089274867e-01 3.448889420725335109e-01 1.750764523687774465e-01
6.492340331742958437e-01 8.416194911550030078e-01 2.917937372017076481e-02 7.553080998748450403e-01 1.186581512173690012e-02 0.000000000000000000e+00 9.728269356243178789e-01 7.052231201480585465e-02 1.263905874544256625e-01 2.403423107954602012e-01 3.939564285021699419e-01 8.704939480173062849e-01 6.114415061421906161e-01 5.410369926501342741e-01 4.413866377187374290e-01 3.275035122766960516e-01 1.026812519266113721e-01 2.434330835405806859e-01 2.091685617054958035e-01 3.668444213067191262e-01 3.037735426449799103e-01 4.301693373419266386e-01 8.120440080148130235e-01 9.793451355827075266e-01 1.573357714169404398e-01 3.165930306646937975e-01 5.210596588495282067e-01 6.906585165555583217e-01 6.634056266301002758e-01 3.158248201905587971e-01 6.445512158190478402e-01 2.805072803951168536e-01 3.533621295910824855e-01 4.349339247953838417e-01 5.433646245415845177e-01 5.708557513988909982e-01 5.435423411044174591e-01 6.829991873443469474e-01 7.395998918463031480e-01 3.124991903992976328e-01
6.194889169826700570e-01 9.939314672973963427e-01 1.552130266258984204e-01 9.375217624589640142e-01 5.244442854963903278e-01 9.728269356243178789e-01 0.000000000000000000e+00 4.603986733302534162e-01 8.554818655446971842e-01 6.747200089483627039e-01 8.647010657448617188e-01 3.500802145300383472e-01 9.765190771568887929e-01 5.653743749413747688e-01 2.114382431475236856e-02 6.606933325360377918e-01 7.975811342832618278e-01 9.669139888785935888e-01 9.447238965658026899e-01 7.431648570716675728e-02 8.322145854911444651e-01 4.831991410891005589e-01 9.344096176590434011e-01 6.784109333634257277e-01 8.091919031534622331e-01 6.338287323302229659e-01 1.969814517123318343e-01 6.126836652795659699e-01 2.654536739139893298e-01 5.747365662479604342e-01 3.521755887059966339e-01 8.350865248701274668e-01 9.470664085391400366e-01 4.616285619041484711e-01 5.704320232826747272e-01 1.244925016679340191e-01 6.443113932964354973e-01 6.607678457739196709e-01 3.897569824382101089e-01 3.480852669788473408e-01
5.397798506350900416e-01 3.446914118732308241e-01 6.546907960234578105e-01 9.607089052026431819e-01 6.566297095601070222e-01 7.052231201480585465e-02 4.603986733302534162e-01 0.000000000000000000e+00 7.371160869164017360e-02 5.194540904732892761e-01 5.085416300122316269e-01 3.328563826338245546e-01 7.949236702688888823e-02 1.247648147147660813e-01 2.841931374665097598e-01 7.112147785101682329e-01 3.941630381743088662e-01 1.824847162748556295e-01 1.276278132143482402e-02 3.245165767637780974e-01 7.269769757128665688e-01 7.661863254862264494e-01 1.575124280573438895e-01 5.081369558373237671e-01 7.113423561052145683e-01 9.507011262246214400e-01 5.770427671244656720e-01 1.288920811106541997e-01 8.651982081352683762e-01 5.183629544513721488e-01 5.470741438805301060e-01 1.053269593473838972e-01 1.791800647002306235e-02 4.694107689405840889e-01 2.168311659020035753e-01 2.515287765307101520e-01 7.905152817634547580e-01 7.219483289447234942e-01 8.021671770774374544e-01 2.202711058852936388e-01
1.728594105054207519e-01 2.360909376780018221e-01 6.279530129749716361e-01 5.110844569085618572e-01 6.968946761298563386e-01 1.263905874544256625e-01 8.554818655446971842e-01 7.371160869164017360e-02 0.000000000000000000e+00 1.861408791893605086e-01 2.440326110659327696e-01 2.056683848671257975e-01 2.599306912497357791e-01 5.241797584723034698e-01 1.102230136968014307e-01 1.669367869115871983e-01 7.399374930458414434e-01 7.860866058673235957e-01 5.931114912076148604e-01 2.264942667594305181e-02 3.457899941095631258e-01 2.892716447334452434e-01 7.629609451162798761e-01 4.508899109584869613e-01 9.357189049368139777e-01 7.599067579732102784e-01 9.655495173517677499e-01 1.762738568701727182e-02 6.844702338320227675e-01 6.814728957774253137e-01 4.752479342620318237e-01 6.198062791485886569e-01 5.352308592573515877e-01 4.275686991888900668e-01 8.045638592065966765e-01 1.376307454202216896e-01 6.355377540472073594e-02 2.079051993110717644e-01 3.905273188772487858e-01 6.077883855899846033e-02
5.461399241015593153e-01 1.775323684714140704e-01 3.292802810538976166e-01 2.600419474562870592e-01 9.832063488677122987e-01 2.403423107954602012e-01 6.747200089483627039e-01 5.194540904732892761e-01 1.861408791893605086e-01 0.000000000000000000e+00 5.544482307850850944e-02 7.177224340895497212e-01 4.313030648423270552e-01 7.326654789471335194e-01 4.753033231052977703e-01 3.825386754222244168e-01 5.029657071946558311e-01 5.130363829147356336e-01 8.145532483585555816e-01 4.860055864425589789e-01 2.798260227463639227e-01 3.805133894573357045e-01 3.611217530784036622e-01 7.712344763639517042e-01 9.232929500437684345e-01 6.198602787833566996e-01 9.201132493808401591e-01 9.320983205584900677e-01 2.419027083450489002e-01 6.507445562669685879e-01 5.242368287352410228e-01 1.818355620733346223e-01 5.994563852793569625e-01 7.944785386055585041e-01 3.517033711992245681e-02 7.389285599542561034e-02 7.815939197112653503e-02 7.595316388133646068e-01 8.472697335097756355e-01 6.855613925235445327e-01
1.112583831835184389e-01 3.020209674986447101e-01 7.301216909749036477e-01 1.842210317253706320e-01 6.145480909133936853e-01 3.939564285021699419e-01 8.647010657448617188e-01 5.085416300122316269e-01 2.440326110659327696e-01 5.544482307850850944e-02 0.000000000000000000e+00 5.421414008563294473e-01 5.349653222560990518e-02 5.324747865132513081e-01 3.895334626604223249e-01 3.266227722461891858e-01 3.272394212239694289e-01 1.753971374330526301e-01 2.869015935536874951e-01 4.652865157263980089e-01 5.106254167511496966e-01 8.026032601247443665e-01 5.500711118084432583e-01 7.395457048939751976e-01 9.173166945528068439e-01 8.788427646522301018e-02 5.211771776474718454e-01 3.982294646729770404e-01 2.210058035987277902e-01 3.105436074038737670e-01 7.378132306141831354e-01 4.034357080786806771e-01 8.550327131547246218e-01 9.316727320505944210e-01 5.055711688603020670e-01 1.526757362391452100e-01 2.476307945223733542e-01 9.376397338339105270e-01 5.773103780652615313e-01 7.288571621490498309e-01
1.588595696002549351e-01 5.517051179349571344e-01 6.986323627495847344e-01 5.789725495698825330e-01 5.065256475348056675e-02 8.704939480173062849e-01 3.500802145300383472e-01 3.328563826338245546e-01 2.056683848671257975e-01 7.177224340895497212e-01 5.421414008563294473e-01 0.000000000000000000e+00 6.247773688900905009e-01 1.655052461075593451e-01 8.293599507060950282e-01 2.081297008258753412e-02 7.500450304948770297e-01 1.689018412420528747e-01 6.571335170614025500e-01 8.553020279542845605e-01 4.342567315701792996e-01 3.408468505632038514e-01 5.348748224600724521e-01 1.078680363572184220e-01 4.424660359554342115e-01 3.880288752895412197e-01 9.398272014071509250e-01 9.442493987718708626e-01 8.360140510214244536e-01 4.386869595924858256e-01 2.205594223629583350e-01 4.979213491273725145e-01 1.506351857502362668e-01 9.013416752439376012e-01 8.586520802895996063e-01 4.856302895911002171e-01 5.097982281434946250e-01 4.243174366153590338e-02 9.434289844833108063e-01 6.357980563655603046e-01
6.772822103327722498e-01 3.999066292011722590e-01 6.709726440778844836e-01 5.955829911566644652e-01 9.888097498088378456e-01 6.114415061421906161e-01 9.765190771568887929e-01 7.949236702688888823e-02 2.599306912497357791e-01 4.313030648423270552e-01 5.349653222560990518e-02 6.247773688900905009e-01 0.000000000000000000e+00 9.618268656864537025e-02 3.739432282752118697e-01 9.432640678755942476e-01 4.223787111514609727e-01 5.832005079410953474e-01 4.230938669937023278e-02 2.544690014480968099e-01 4.899322277507794920e-01 4.757692489690038551e-01 3.897597495076069452e-01 4.290593824670686507e-01 7.210846821743703838e-01 4.022414386418251553e-01 4.584666961061346635e-01 8.018660384965669019e-01 5.765005772033917619e-01 1.875915955892487608e-01 9.709998371979003950e-01 1.926885626865288970e-01 9.868387852229232315e-02 2.131983262565249060e-01 9.555871268368538729e-01 8.318927342399843328e-01 2.930644203719799945e-01 8.847819563642951302e-01 4.640020113722398420e-02 2.615550790957241745e-01
6.749569639714547709e-01 7.109184289039225391e-01 6.268477333796113049e-01 2.162091343618519623e-01 6.995775605241933981e-01 5.410369926501342741e-01 5.653743749413747688e-01 1.247648147147660813e-01 5.241797584723034698e-01 7.326654789471335194e-01 5.324747865132513081e-01 1.655052461075593451e-01 9.618268656864537025e-02 0.000000000000000000e+00 6.174396715878420761e-01 6.973962665941484396e-01 1.135549710692229652e-01 2.902354729716122295e-01 9.001302074089549965e-01 1.502602228427885045e-02 2.418381348128957331e-01 8.248354760287619492e-01 7.672131875837998605e-01 8.555392502065177762e-01 7.252757356554089263e-01 9.008072130623139273e-01 2.574290568075121577e-01 6.266801311846097455e-01 2.257322114916155975e-01 6.024680567593759806e-01 1.353191771758156525e-01 2.084881469285319033e-01 1.122832745714159586e-01 9.233624711876819990e-01 5.491508111153002858e-01 2.558334637891557239e-02 9.411520179638976913e-01 9.700586549892535881e-01 1.427415382050045700e-03 6.850042128241073947e-02
6.926659838150889259e-01 3.608251222937147729e-01 2.178651602229859652e-01 6.999563362622560625e-01 2.188578931746258949e-01 4.413866377187374290e-01 2.114382431475236856e-02 2.841931374665097598e-01 1.102230136968014307e-01 4.753033231052977703e-01 3.895334626604223249e-01 8.293599507060950282e-01 3.739432282752118697e-01 6.174396715878420761e-01 0.000000000000000000e+00 8.733449538867638084e-01 9.686717478308004559e-02 7.609141528639237206e-01 2.176952080234432207e-01 8.674993057631519289e-01 9.320410159993404164e-01 4.173823360150490380e-01 3.181145885179745836e-01 1.464303749772727370e-01 2.892598231396807940e-01 6.686489818297615129e-01 8.748523950320669096e-01 3.898241085242951653e-01 8.136812343564943095e-01 2.216083416436773756e-01 8.768655354483692044e-01 4.675395155685843074e-01 9.442833149440665874e-01 6.510164496820854962e-01 4.936032078231717968e-01 8.921667474905062845e-01 2.319825659228862413e-01 2.979145377097206504e-01 6.923645908088081891e-01 8.066063697204333138e-01
7.891841050255508083e-01 9.452463183281334391e-02 1.542919716068328340e-01 8.853089080518641296e-01 5.512891545726639198e-01 3.275035122766960516e-01 6.606933325360377918e-01 7.112147785101682329e-01 1.669367869115871983e-01 3.825386754222244168e-01 3.266227722461891858e-01 2.081297008258753412e-02 9.432640678755942476e-01 6.973962665941484396e-01 8.733449538867638084e-01 0.000000000000000000e+00 1.312117397596377355e-01 5.453650701192297445e-01 8.904314409679843223e-01 9.254107180002767441e-01 7.669688353715076179e-01 8.066788829050852705e-01 1.168994966265617386e-01 9.251019600506105167e-02 2.764803619907166832e-01 7.775640813501700777e-01 5.274951368039471067e-01 1.993339639207261094e-01 9.056450261034516558e-01 9.791404179738385505e-01 1.189571198523654560e-01 6.036770573548262409e-01 8.551548016461592017e-01 5.369227063019377244e-02 3.492219403200542693e-01 8.125368219091229083e-01 1.613456039998351077e-01 5.695384847390670968e-01 9.266027097759076403e-01 8.793545331603193072e-01
4.966495528077763399e-02 5.044357115995009577e-01 5.282495918043078609e-01 8.595520992789283943e-01 9.811216146011366712e-01 1.026812519266113721e-01 7.975811342832618278e-01 3.941630381743088662e-01 7.399374930458414434e-01 5.029657071946558311e-01 3.272394212239694289e-01 7.500450304948770297e-01 4.223787111514609727e-01 1.135549710692229652e-01 9.686717478308004559e-02 1.312117397596377355e-01 0.000000000000000000e+00 3.290514803729885918e-01 4.381906288484143097e-01 5.100107834945231122e-01 7.891216505328834119e-01 4.108223612727451846e-01 5.463034030147968512e-01 1.310537254739791990e-01 2.673215796180049564e-01 6.169731046929474161e-01 7.422270184361365875e-01 3.152212456879508462e-01 7.120516237124984160e-01 1.189615953417131333e-01 1.040368273313224678e-01 2.391851616540008330e-01 7.267247883792070651e-01 6.139424963292867687e-01 2.901141235034838672e-01 2.716146667716340390e-01 2.154186067270086324e-01 4.500890558744582437e-01 2.535287381234971882e-01 7.708591886977553820e-01
9.193261154897147680e-01 1.554874895136003632e-01 1.842155704136234640e-01 3.073954257495925546e-01 4.369044574449110208e-01 2.434330835405806859e-01 9.669139888785935888e-01 1.824847162748556295e-01 7.860866058673235957e-01 5.130363829147356336e-01 1.753971374330526301e-01 1.689018412420528747e-01 5.832005079410953474e-01 2.902354729716122295e-01 7.609141528639237206e-01 5.453650701192297445e-01 3.290514803729885918e-01 0.000000000000000000e+00 7.330400249668347357e-01 5.679436395158257156e-01 6.904437958178855084e-02 6.546133406497477436e-01 3.903171435084343832e-01 6.225774602620431919e-01 1.946760605356748774e-01 7.470274487480439429e-01 3.525864369531395148e-03 7.855214688082028385e-01 9.910563641116464373e-01 2.285314027983501584e-01 4.076089887834714043e-01 7.986989390646862530e-01 4.491925719455521770e-01 1.347822570940340192e-01 8.012120718817028475e-02 8.335138850541332634e-01 9.870622537249884587e-01 6.898630976008125470e-01 6.719892883300608855e-01 7.931471215236960415e-01
9.340535269055644241e-01 2.503915091007795635e-01 4.392163222117720922e-01 1.513837358903868946e-02 2.348084356179536147e-02 2.091685617054958035e-01 9.447238965658026899e-01 1.276278132143482402e-02 5.931114912076148604e-01 8.145532483585555816e-01 2.869015935536874951e-01 6.571335170614025500e-01 4.230938669937023278e-02 9.001302074089549965e-01 2.176952080234432207e-01 8.904314409679843223e-01 4.381906288484143097e-01 7.330400249668347357e-01 0.000000000000000000e+00 5.314723556393847748e-01 9.871796100317802303e-01 2.357016007294464588e-01 4.155920779837618539e-01 2.517734562061679782e-01 2.393079991135885765e-01 8.221103951397501497e-01 3.685487478634537073e-01 5.595686039210951979e-01 1.989096202784870204e-01 4.350902014380015892e-01 8.113388677455309894e-01 6.174864047826977842e-02 9.309702080828720083e-01 9.795602182774614253e-01 7.804207761315919978e-01 3.740255459158422502e-01 2.759533973610046598e-01 4.667112692184075540e-01 8.234305178120422397e-01 7.875488544483774112e-01
3.704959281888101641e-01 1.111565378313269514e-01 5.408689165139680677e-01 2.581010422057894438e-01 6.854814882339421711e-01 3.668444213067191262e-01 7.431648570716675728e-02 3.245165767637780974e-01 2.264942667594305181e-02 4.860055864425589789e-01 4.652865157263980089e-01 8.553020279542845605e-01 2.544690014480968099e-01 1.502602228427885045e-02 8.674993057631519289e-01 9.254107180002767441e-01 5.100107834945231122e-01 5.679436395158257156e-01 5.314723556393847748e-01 0.000000000000000000e+00 6.463311572963655882e-01 2.366324909695470824e-01 3.105946076307698478e-01 9.402737498244360115e-01 5.257696075606881347e-01 6.124404264329371683e-01 3.111904753143543978e-01 7.558513138104605567e-02 1.067748141895629166e-01 6.555184618192919643e-01 4.080931774005187584e-01 1.051569602061549480e-01 9.993480550999336298e-01 5.564709469753272852e-01 8.991666242158653510e-01 4.531414983283647002e-01 5.625874436891870056e-01 7.895227235115447328e-01 4.957974692758976287e-01 4.032470890870748503e-01
3.111306023551191346e-01 4.638147734939952471e-01 4.216274910714525870e-01 1.832737658226551991e-01 8.157044420041503763e-01 3.037735426449799103e-01 8.322145854911444651e-01 7.269769757128665688e-01 3.457899941095631258e-01 2.798260227463639227e-01 5.106254167511496966e-01 4.342567315701792996e-01 4.899322277507794920e-01 2.418381348128957331e-01 9.320410159993404164e-01 7.669688353715076179e-01 7.891216505328834119e-01 6.904437958178855084e-02 9.871796100317802303e-01 6.463311572963655882e-01 0.000000000000000000e+00 4.279008465450915288e-01 9.295856072337634890e-01 6.930868657553042045e-01 1.628328720637468585e-01 5.791960957443684777e-01 6.671139832985220064e-01 6.326372337111666466e-01 2.623586387572077738e-01 7.362276382328750701e-01 5.847584835431559602e-01 8.647048019041883027e-01 6.323546167818536734e-01 2.151202216735107475e-01 7.310596570494399815e-01 8.747589819375061193e-01 2.449577985713381478e-01 6.458165440461145490e-01 8.610848657421902308e-01 8.204120546368416367e-01
2.103540352807721225e-01 8.143920839157665625e-01 1.726939571883991942e-01 2.123130441426299697e-01 7.708451706382294377e-01 4.301693373419266386e-01 4.831991410891005589e-01 7.661863254862264494e-01 2.892716447334452434e-01 3.805133894573357045e-01 8.026032601247443665e-01 3.408468505632038514e-01 4.757692489690038551e-01 8.248354760287619492e-01 4.173823360150490380e-01 8.066788829050852705e-01 4.108223612727451846e-01 6.546133406497477436e-01 2.357016007294464588e-01 2.366324909695470824e-01 4.279008465450915288e-01 0.000000000000000000e+00 8.466127051196247200e-01 3.687355942514745077e-01 3.821263362051947610e-01 9.082748005024027238e-01 2.470237308961337197e-01 6.397584062087942058e-01 7.993234577425560872e-01 7.838627249316371115e-01 7.944563043576406969e-01 2.400553559769635914e-01 6.986262305361699010e-01 6.138577328749484918e-01 5.290111571414853886e-01 4.071509200475007528e-01 6.261553755718994863e-01 8.987017512948469733e-02 3.011719852663498065e-01 4.997418973544165421e-01
7.438884700894581314e-01 7.897203291415741955e-01 7.828498841988245083e-01 9.707703349194052311e-02 4.781695585584284647e-01 8.120440080148130235e-01 9.344096176590434011e-01 1.575124280573438895e-01 7.629609451162798761e-01 3.611217530784036622e-01 5.500711118084432583e-01 5.348748224600724521e-01 3.897597495076069452e-01 7.672131875837998605e-01 3.181145885179745836e-01 1.168994966265617386e-01 5.463034030147968512e-01 3.903171435084343832e-01 4.155920779837618539e-01 3.105946076307698478e-01 9.295856072337634890e-01 8.466127051196247200e-01 0.000000000000000000e+00 3.908978344122304716e-01 3.624146356882255171e-01 7.880090069244486406e-01 8.897548928534581014e-01 9.716741946429287013e-01 8.196281002888829992e-01 1.956457231666443031e-01 7.366198829554324590e-01 8.463557502201662919e-01 7.239994233091336939e-01 7.527090164312446596e-01 7.410194985918949762e-02 9.492550884952081214e-01 2.781201626587503917e-02 1.643532540013881160e-02 5.553700562849166467e-01 7.346986634628582813e-02
9.079004644184731632e-01 9.437436595898721636e-01 1.182136839440039999e-01 6.863222289986592450e-03 5.374121651988517101e-01 9.793451355827075266e-01 6.784109333634257277e-01 5.081369558373237671e-01 4.508899109584869613e-01 7.712344763639517042e-01 7.395457048939751976e-01 1.078680363572184220e-01 4.290593824670686507e-01 8.555392502065177762e-01 1.464303749772727370e-01 9.251019600506105167e-02 1.310537254739791990e-01 6.225774602620431919e-01 2.517734562061679782e-01 9.402737498244360115e-01 6.930868657553042045e-01 3.687355942514745077e-01 3.908978344122304716e-01 0.000000000000000000e+00 8.718227549688573053e-02 9.886692475546055014e-01 2.092211710501644673e-01 3.416176916856300538e-01 3.656506909428025587e-02 5.828021528679785401e-01 5.966662181272368581e-01 5.482193058635252969e-01 8.204356191379690300e-01 3.402069470291873010e-01 3.482723959977038763e-01 7.195020344867966156e-01 8.943089890528471697e-01 8.021194186679029281e-01 1.882349452967927439e-01 4.810995403986776386e-01
4.542819204539373379e-01 1.860561666802937886e-01 9.763574806950940932e-01 6.402140876189948981e-01 2.090900882685396978e-01 1.573357714169404398e-01 8.091919031534622331e-01 7.113423561052145683e-01 9.357189049368139777e-01 9.232929500437684345e-01 9.173166945528068439e-01 4.424660359554342115e-01 7.210846821743703838e-01 7.252757356554089263e-01 2.892598231396807940e-01 2.764803619907166832e-01 2.673215796180049564e-01 1.946760605356748774e-01 2.393079991135885765e-01 5.257696075606881347e-01 1.628328720637468585e-01 3.821263362051947610e-01 3.624146356882255171e-01 8.718227549688573053e-02 0.000000000000000000e+00 4.183627699158605218e-01 7.239292421860387128e-01 2.479182161617387026e-01 8.892959817279757484e-01 5.449280445551993868e-01 5.047316525268116250e-01 4.391691653185580968e-01 4.401280033340837505e-01 4.317433228203095830e-01 7.962358701842061626e-01 1.456380054067104579e-01 7.556174572052037908e-01 1.877312780550188798e-01 6.179465735622624578e-02 3.055330074235013127e-01
9.790552500352981413e-01 8.601071967260640605e-01 4.498117374772081511e-02 6.440303202445669672e-01 2.331296437424178469e-01 3.165930306646937975e-01 6.338287323302229659e-01 9.507011262246214400e-01 7.599067579732102784e-01 6.198602787833566996e-01 8.788427646522301018e-02 3.880288752895412197e-01 4.022414386418251553e-01 9.008072130623139273e-01 6.686489818297615129e-01 7.775640813501700777e-01 6.169731046929474161e-01 7.470274487480439429e-01 8.221103951397501497e-01 6.124404264329371683e-01 5.791960957443684777e-01 9.082748005024027238e-01 7.880090069244486406e-01 9.886692475546055014e-01 4.183627699158605218e-01 0.000000000000000000e+00 3.218581498063748381e-01 3.862432289164071664e-01 1.067719322341452726e-01 2.660917566938558743e-01 3.730008940367477432e-01 1.824634322408683618e-01 3.725326794311700773e-01 8.502143022690109575e-01 8.686180118118986826e-01 1.154442855554975722e-01 2.519884549968433030e-01 9.941130818260747182e-01 5.965347558654288118e-02 1.030012537350352142e-01
9.253164110355462935e-01 5.282969666387421492e-01 2.134726468060145210e-01 5.944550529329680755e-01 1.992396749562940217e-01 5.210596588495282067e-01 1.969814517123318343e-01 5.770427671244656720e-01 9.655495173517677499e-01 9.201132493808401591e-01 5.211771776474718454e-01 9.398272014071509250e-01 4.584666961061346635e-01 2.574290568075121577e-01 8.748523950320669096e-01 5.274951368039471067e-01 7.422270184361365875e-01 3.525864369531395148e-03 3.685487478634537073e-01 3.111904753143543978e-01 6.671139832985220064e-01 2.470237308961337197e-01 8.897548928534581014e-01 2.092211710501644673e-01 7.239292421860387128e-01 3.218581498063748381e-01 0.000000000000000000e+00 8.084856498495885946e-01 9.539443864122110206e-01 1.952653017334193830e-01 7.430414661503330631e-01 9.924389022883041145e-01 1.725833961679086315e-01 3.550032019302914454e-01 2.991720519396695588e-01 4.313852802563133970e-02 5.171527586806604626e-01 2.376941494529043464e-01 3.422308635909839802e-01 1.428366216673352396e-01
2.406861335090706433e-01 2.669372251314872102e-01 9.155641694370200145e-01 2.024133544106927474e-01 6.002294378926240626e-01 6.906585165555583217e-01 6.126836652795659699e-01 1.288920811106541997e-01 1.762738568701727182e-02 9.320983205584900677e-01 3.982294646729770404e-01 9.442493987718708626e-01 8.018660384965669019e-01 6.266801311846097455e-01 3.898241085242951653e-01 1.993339639207261094e-01 3.152212456879508462e-01 7.855214688082028385e-01 5.595686039210951979e-01 7.558513138104605567e-02 6.326372337111666466e-01 6.397584062087942058e-01 9.716741946429287013e-01 3.416176916856300538e-01 2.479182161617387026e-01 3.862432289164071664e-01 8.084856498495885946e-01 0.000000000000000000e+00 1.008941022111317087e-01 5.003303459042421908e-01 1.346740404116254508e-01 6.460252664054366711e-01 1.932637289431333727e-01 9.672003274149050256e-01 2.605266673315257409e-01 4.699777764797217205e-01 6.489433247822031792e-01 6.653344040820301508e-01 2.227163286071675019e-01 7.152274019865839660e-01
6.736680626064128763e-02 5.360359369244791505e-01 4.877498938864108791e-01 4.101519414813435960e-01 3.174515398376167585e-01 6.634056266301002758e-01 2.654536739139893298e-01 8.651982081352683762e-01 6.844702338320227675e-01 2.419027083450489002e-01 2.210058035987277902e-01 8.360140510214244536e-01 5.765005772033917619e-01 2.257322114916155975e-01 8.136812343564943095e-01 9.056450261034516558e-01 7.120516237124984160e-01 9.910563641116464373e-01 1.989096202784870204e-01 1.067748141895629166e-01 2.623586387572077738e-01 7.993234577425560872e-01 8.196281002888829992e-01 3.656506909428025587e-02 8.892959817279757484e-01 1.067719322341452726e-01 9.539443864122110206e-01 1.008941022111317087e-01 0.000000000000000000e+00 8.059447879727561492e-01 2.941254743253087778e-01 1.498267328506045493e-01 5.279837501604652816e-01 6.252662396068142669e-01 4.462815375249842287e-01 8.592883166916596149e-01 2.765547151777881796e-01 2.428775333769934708e-01 7.162905594949271482e-01 2.233059929873226768e-02
7.798943015459554040e-01 9.539630297665369074e-02 3.057407940697941529e-01 9.725593592386972963e-01 4.586406958756772401e-02 3.158248201905587971e-01 5.747365662479604342e-01 5.183629544513721488e-01 6.814728957774253137e-01 6.507445562669685879e-01 3.105436074038737670e-01 4.386869595924858256e-01 1.875915955892487608e-01 6.024680567593759806e-01 2.216083416436773756e-01 9.791404179738385505e-01 1.189615953417131333e-01 2.285314027983501584e-01 4.350902014380015892e-01 6.555184618192919643e-01 7.362276382328750701e-01 7.838627249316371115e-01 1.956457231666443031e-01 5.828021528679785401e-01 5.449280445551993868e-01 2.660917566938558743e-01 1.952653017334193830e-01 5.003303459042421908e-01 8.059447879727561492e-01 0.000000000000000000e+00 8.370874573394248008e-01 7.381554025704610833e-01 4.852737486993767835e-01 3.019162606828750262e-01 1.240930680983302059e-01 9.003580580574019887e-01 7.235341497212647299e-01 6.603276473941442903e-01 5.700108866917583672e-01 8.004201134180607413e-01
8.199710330072942366e-01 4.955782435214808324e-01 9.928371943111750086e-01 7.695833741114119775e-01 9.977428818437583669e-02 6.445512158190478402e-01 3.521755887059966339e-01 5.470741438805301060e-01 4.752479342620318237e-01 5.242368287352410228e-01 7.378132306141831354e-01 2.205594223629583350e-01 9.709998371979003950e-01 1.353191771758156525e-01 8.768655354483692044e-01 1.189571198523654560e-01 1.040368273313224678e-01 4.076089887834714043e-01 8.113388677455309894e-01 4.080931774005187584e-01 5.847584835431559602e-01 7.944563043576406969e-01 7.366198829554324590e-01 5.966662181272368581e-01 5.047316525268116250e-01 3.730008940367477432e-01 7.430414661503330631e-01 1.346740404116254508e-01 2.941254743253087778e-01 8.370874573394248008e-01 0.000000000000000000e+00 6.369266318824889916e-01 5.654749686759340532e-01 1.914668695873386062e-01 6.533784043669887964e-03 8.663929467951200225e-01 4.001944778168134986e-01 8.424000304023303576e-01 4.200681779118626835e-01 5.826379722849903686e-01
2.032711216856738501e-01 4.549056881791779805e-01 9.501636665187941366e-01 1.497393165158806827e-01 4.168257512573800838e-01 2.805072803951168536e-01 8.350865248701274668e-01 1.053269593473838972e-01 6.198062791485886569e-01 1.818355620733346223e-01 4.034357080786806771e-01 4.979213491273725145e-01 1.926885626865288970e-01 2.084881469285319033e-01 4.675395155685843074e-01 6.036770573548262409e-01 2.391851616540008330e-01 7.986989390646862530e-01 6.174864047826977842e-02 1.051569602061549480e-01 8.647048019041883027e-01 2.400553559769635914e-01 8.463557502201662919e-01 5.482193058635252969e-01 4.391691653185580968e-01 1.824634322408683618e-01 9.924389022883041145e-01 6.460252664054366711e-01 1.498267328506045493e-01 7.381554025704610833e-01 6.369266318824889916e-01 0.000000000000000000e+00 5.662355495074281597e-01 7.102045465963511273e-01 2.788845018701942013e-01 7.325986810820028783e-01 8.238122878742050181e-01 9.622425525627414933e-01 3.344878488477753820e-01 7.819518300124139731e-02
7.880908398651814695e-01 5.605780757218022936e-01 6.884797909700342000e-01 9.689359381568696250e-01 8.221100219548521659e-01 3.533621295910824855e-01 9.470664085391400366e-01 1.791800647002306235e-02 5.352308592573515877e-01 5.994563852793569625e-01 8.550327131547246218e-01 1.506351857502362668e-01 9.868387852229232315e-02 1.122832745714159586e-01 9.442833149440665874e-01 8.551548016461592017e-01 7.267247883792070651e-01 4.491925719455521770e-01 9.309702080828720083e-01 9.993480550999336298e-01 6.323546167818536734e-01 6.986262305361699010e-01 7.239994233091336939e-01 8.204356191379690300e-01 4.401280033340837505e-01 3.725326794311700773e-01 1.725833961679086315e-01 1.932637289431333727e-01 5.279837501604652816e-01 4.852737486993767835e-01 5.654749686759340532e-01 5.662355495074281597e-01 0.000000000000000000e+00 3.809232478927954135e-01 8.184161204646065446e-01 1.925867862551595699e-01 4.702911690777920040e-01 5.650605359914402381e-01 2.580555365712016158e-01 9.152276717411714779e-01
1.074613702734683596e-01 9.929824304929236733e-01 4.293526383870202023e-01 5.652758046948088699e-01 6.748960111733827150e-01 4.349339247953838417e-01 4.616285619041484711e-01 4.694107689405840889e-01 4.275686991888900668e-01 7.944785386055585041e-01 9.316727320505944210e-01 9.013416752439376012e-01 2.131983262565249060e-01 9.233624711876819990e-01 6.510164496820854962e-01 5.369227063019377244e-02 6.139424963292867687e-01 1.347822570940340192e-01 9.795602182774614253e-01 5.564709469753272852e-01 2.151202216735107475e-01 6.138577328749484918e-01 7.527090164312446596e-01 3.402069470291873010e-01 4.317433228203095830e-01 8.502143022690109575e-01 3.550032019302914454e-01 9.672003274149050256e-01 6.252662396068142669e-01 3.019162606828750262e-01 1.914668695873386062e-01 7.102045465963511273e-01 3.809232478927954135e-01 0.000000000000000000e+00 5.435595890585586121e-01 7.161884175070821756e-01 1.520402730705717742e-01 8.860737622048132645e-01 9.686631453868772557e-01 2.485615283820199473e-01
8.381326340628187932e-01 3.089360312663946839e-02 5.318267092038910793e-01 9.288579317525059720e-01 2.581487507004053272e-01 5.433646245415845177e-01 5.704320232826747272e-01 2.168311659020035753e-01 8.045638592065966765e-01 3.517033711992245681e-02 5.055711688603020670e-01 8.586520802895996063e-01 9.555871268368538729e-01 5.491508111153002858e-01 4.936032078231717968e-01 3.492219403200542693e-01 2.901141235034838672e-01 8.012120718817028475e-02 7.804207761315919978e-01 8.991666242158653510e-01 7.310596570494399815e-01 5.290111571414853886e-01 7.410194985918949762e-02 3.482723959977038763e-01 7.962358701842061626e-01 8.686180118118986826e-01 2.991720519396695588e-01 2.605266673315257409e-01 4.462815375249842287e-01 1.240930680983302059e-01 6.533784043669887964e-03 2.788845018701942013e-01 8.184161204646065446e-01 5.435595890585586121e-01 0.000000000000000000e+00 9.691332084483208487e-01 3.533223149848502276e-01 3.106421006343742519e-01 9.189558407828347653e-01 8.620344266280629553e-01
3.659936009799014123e-02 6.402108548237270824e-01 5.803011168944511855e-01 5.895418712241448089e-01 3.032977865185965127e-01 5.708557513988909982e-01 1.244925016679340191e-01 2.515287765307101520e-01 1.376307454202216896e-01 7.389285599542561034e-02 1.526757362391452100e-01 4.856302895911002171e-01 8.318927342399843328e-01 2.558334637891557239e-02 8.921667474905062845e-01 8.125368219091229083e-01 2.716146667716340390e-01 8.335138850541332634e-01 3.740255459158422502e-01 4.531414983283647002e-01 8.747589819375061193e-01 4.071509200475007528e-01 9.492550884952081214e-01 7.195020344867966156e-01 1.456380054067104579e-01 1.154442855554975722e-01 4.313852802563133970e-02 4.699777764797217205e-01 8.592883166916596149e-01 9.003580580574019887e-01 8.663929467951200225e-01 7.325986810820028783e-01 1.925867862551595699e-01 7.161884175070821756e-01 9.691332084483208487e-01 0.000000000000000000e+00 9.110149371598056378e-01 1.364333603712744036e-01 9.318067048414799824e-01 8.515928330384551215e-01
7.244696297837914800e-01 9.160143275899186310e-01 8.043538560173185692e-01 5.963526749034379071e-01 7.757699275379421611e-01 5.435423411044174591e-01 6.443113932964354973e-01 7.905152817634547580e-01 6.355377540472073594e-02 7.815939197112653503e-02 2.476307945223733542e-01 5.097982281434946250e-01 2.930644203719799945e-01 9.411520179638976913e-01 2.319825659228862413e-01 1.613456039998351077e-01 2.154186067270086324e-01 9.870622537249884587e-01 2.759533973610046598e-01 5.625874436891870056e-01 2.449577985713381478e-01 6.261553755718994863e-01 2.781201626587503917e-02 8.943089890528471697e-01 7.556174572052037908e-01 2.519884549968433030e-01 5.171527586806604626e-01 6.489433247822031792e-01 2.765547151777881796e-01 7.235341497212647299e-01 4.001944778168134986e-01 8.238122878742050181e-01 4.702911690777920040e-01 1.520402730705717742e-01 3.533223149848502276e-01 9.110149371598056378e-01 0.000000000000000000e+00 2.458503706539998390e-01 9.496056223556691434e-01 6.023585717673350937e-01
8.228210408804706999e-01 2.530296540382722670e-01 3.844350709526098697e-01 6.267997533023099699e-01 3.991693981089274867e-01 6.829991873443469474e-01 6.607678457739196709e-01 7.219483289447234942e-01 2.079051993110717644e-01 7.595316388133646068e-01 9.376397338339105270e-01 4.243174366153590338e-02 8.847819563642951302e-01 9.700586549892535881e-01 2.979145377097206504e-01 5.695384847390670968e-01 4.500890558744582437e-01 6.898630976008125470e-01 4.667112692184075540e-01 7.895227235115447328e-01 6.458165440461145490e-01 8.987017512948469733e-02 1.643532540013881160e-02 8.021194186679029281e-01 1.877312780550188798e-01 9.941130818260747182e-01 2.376941494529043464e-01 6.653344040820301508e-01 2.428775333769934708e-01 6.603276473941442903e-01 8.424000304023303576e-01 9.622425525627414933e-01 5.650605359914402381e-01 8.860737622048132645e-01 3.106421006343742519e-01 1.364333603712744036e-01 2.458503706539998390e-01 0.000000000000000000e+00 4.025447091830858248e-01 4.760675577241493261e-01
4.428398296195752426e-01 1.875188337857764953e-01 2.822536604867704746e-01 6.131919656855514544e-01 3.448889420725335109e-01 7.395998918463031480e-01 3.897569824382101089e-01 8.021671770774374544e-01 3.905273188772487858e-01 8.472697335097756355e-01 5.773103780652615313e-01 9.434289844833108063e-01 4.640020113722398420e-02 1.427415382050045700e-03 6.923645908088081891e-01 9.266027097759076403e-01 2.535287381234971882e-01 6.719892883300608855e-01 8.234305178120422397e-01 4.957974692758976287e-01 8.610848657421902308e-01 3.011719852663498065e-01 5.553700562849166467e-01 1.882349452967927439e-01 6.179465735622624578e-02 5.965347558654288118e-02 3.422308635909839802e-01 2.227163286071675019e-01 7.162905594949271482e-01 5.700108866917583672e-01 4.200681779118626835e-01 3.344878488477753820e-01 2.580555365712016158e-01 9.686631453868772557e-01 9.189558407828347653e-01 9.318067048414799824e-01 9.496056223556691434e-01 4.025447091830858248e-01 0.000000000000000000e+00 6.142086007903994060e-01
