0.000000000000000000e+00 8.599747960213227627e-01 2.068594930442498869e-01 6.756785178976084660e-01 2.539737498527280257e-01 9.829587254344295255e-01 4.860278606788630551e-01 6.499516027389828920e-01 8.776646007665348526e-01 2.098791211528836520e-01 9.563242697147111837e-02 4.323801508611142541e-01 3.939869807466348517e-01 4.438772691603356524e-01 7.121502292768577824e-02 8.465590952842504402e-01 8.812762097983324328e-01 3.063660421051035421e-01 9.714902206962233722e-01 2.582226972322986258e-01 7.779669999711140704e-01 8.368517737795035938e-01 5.187251242247766791e-01 2.752439913719859632e-01 6.857328013810779499e-01 3.085730715354014775e-01 6.993443631370580560e-01 2.245861409300724532e-01 9.354650070835711650e-01 3.626154341070710885e-01 1.212288414431582639e-01 8.558494705680320669e-01 5.562168640541281794e-01 3.376861441878525882e-01 9.597378628710891979e-01 1.186104587613755479e-01 4.860653786374892205e-01 7.491156240282058620e-01 1.569211952214140116e-01 6.762833515561126330e-01
8.599747960213227627e-01 0.000000000000000000e+00 8.635758005255625980e-01 5.554419707989165511e-01 3.656135496388559503e-01 1.315469508973343693e-02 8.780011397039533261e-01 9.788275124464234089e-01 6.699217076884106392e-01 7.071411248916702474e-01 2.808322025529395027e-01 1.329953375342229904e-02 1.009638579085299082e-01 5.030492507413963921e-01 7.483515895878246615e-01 3.733390555664032329e-01 6.715420022497777808e-01 2.017798187908614871e-01 9.389224272667709981e-01 1.392853958593862629e-01 7.937550495808812778e-01 2.620533075803517242e-01 7.126381426149810405e-01 8.156629224882948614e-01 2.496248340250576403e-01 6.470082448465523939e-01 6.266147995185751274e-01 5.436578305285130197e-01 3.323872699769747641e-02 9.611442641130301112e-01 5.411005709907287242e-01 7.718044680025042403e-01 2.241399093303668710e-01 9.375887867108381180e-01 2.618124444438367782e-01 8.256311182304169050e-01 9.993634171797454169e-01 1.033642816721175306e-01 2.547296573323428737e-01 3.044617127071703733e-01
2.068594930442498869e-01 8.635758005255625980e-01 0.000000000000000000e+00 4.165994758057183223e-01 9.485378971805273896e-01 6.155036574957412077e-01 4.950938570322876986e-01 7.783278427048381243e-01 8.001262478501067754e-01 8.926210342241490681e-01 9.899356345962140313e-01 4.334233604092047054e-01 5.961589898834437351e-01 1.465258776750435477e-01 1.615334371279818493e-01 7.084916511376345705e-01 9.294128291764113259e-01 5.994220631833435675e-01 8.497861631925396342e-02 2.720363902041271764e-01 4.388795682032317069e-01 4.332223132582518899e-01 5.807017880619463890e-01 1.108311014434397723e-01 1.038407881702795299e-01 5.121656105865944886e-01 2.155500783882448035e-01 4.853887816761524032e-01 9.198390734450654360e-01 9.333295181169862786e-01 9.884513059384646416e-01 1.723467249512906641e-01 7.496416394084457480e-01 2.266076552987369430e-01 9.904634584375099360e-01 8.281341221637268379e-01 5.403705244155332377e-01 1.282508359960787825e-01 7.535833736215995504e-01 1.257926893165308702e-01
6.756785178976084660e-01 5.554419707989165511e-01 4.165994758057183223e-01 0.000000000000000000e+00 7.532006399406584451e-01 4.588371784731977154e-01 1.593164392435150178e-01 9.295408304546869394e-01 8.157345297246180182e-01 4.960029717978400310e-01 1.221341704959659769e-01 6.519849937514614613e-01 3.199880366901330930e-01 6.464996896388746084e-01 9.569414611878557242e-02 9.803842412516547977e-01 2.675168068779197883e-01 2.344003469456533706e-01 9.636378109664525127e-01 3.489687961178771225e-01 4.442068688096660889e-01 1.357339487826877411e-01 3.903084666582006257e-01 9.550903315717357289e-01 8.524706743476251347e-01 6.469507437233464886e-01 5.086941139953882196e-02 8.060250412201827031e-01 1.708326930873268479e-01 1.020417344304083151e-01 8.413327819646057026e-01 1.813348244046120161e-02 3.915068716132146243e-01 1.444550858109717728e-01 4.597667464367805046e-01 6.082945225673093148e-01 1.607243853231230535e-01 2.284478801105913615e-01 5.297270738496898668e-01 1.707714459636459070e-01
2.539737498527280257e-01 3.656135496388559503e-01 9.485378971805273896e-01 7.532006399406584451e-01 0.000000000000000000e+00 2.457745418769807788e-02 3.849566848673114938e-01 4.913481860597374018e-01 8.902282673038082184e-01 9.395461618225006140e-01 9.063014896095025197e-01 5.114121878371881147e-01 5.342111056277456527e-01 6.680375774531484012e-01 8.898557317819499879e-01 4.360897121316358316e-01 3.553752553019425831e-01 2.376440286379833955e-01 1.535820426781770998e-01 7.704833275309422858e-01 6.175510979443505910e-01 3.342702607396497161e-01 2.280484944077568743e-01 1.486616260935074152e-01 7.874435399893375820e-01 9.192586870824064338e-01 4.429848041933509561e-01 7.288826281346090230e-01 6.280301722795278430e-02 3.099188803493411193e-01 2.481863254666264451e-01 8.607963869413244318e-01 2.762828640694803273e-02 3.025600321651494840e-01 9.998161684989544939e-01 5.755526128841035316e-01 1.625033515548027774e-01 5.713802102115477233e-01 2.359191308042382085e-01 1.706778678162890195e-02
9.829587254344295255e-01 1.315469508973343693e-02 6.155036574957412077e-01 4.588371784731977154e-01 2.457745418769807788e-02 0.000000000000000000e+00 6.756790685817445352e-01 9.615007310321960210e-01 5.063999215957679656e-01 9.785834169889034984e-01 3.158357002661704716e-02 5.068873014152791567e-01 8.405865167166842733e-01 5.210165107035620302e-01 5.778819018410167319e-01 4.266274715771426473e-01 1.059933457574953053e-01 2.270289630045415619e-01 6.599751722386082431e-02 5.651936855161834306e-01 3.354563387499577276e-01 6.296633525530896947e-01 4.629529631528279676e-01 5.140386744740012004e-01 4.149980358057597796e-01 8.546045813175775496e-01 2.428618322892587278e-01 4.065477788403837334e-01 8.582720068839502225e-01 4.850112725315909312e-01 3.969748240187008781e-01 2.657402497962760846e-01 5.896478807040297365e-01 4.522694488581902039e-02 9.099844190481332085e-02 5.247598567747223663e-01 9.842352260596043401e-01 8.294200037564685157e-01 3.729543176230187829e-01 3.657177316004694978e-01
4.860278606788630551e-01 8.780011397039533261e-01 4.950938570322876986e-01 1.593164392435150178e-01 3.849566848673114938e-01 6.756790685817445352e-01 0.000000000000000000e+00 5.818445109915422186e-01 5.862989837014828121e-01 1.287835810156832128e-01 9.521869442474798495e-01 4.958756777089258216e-01 6.412064260317856812e-01 2.905777757738378098e-01 4.415431022577664955e-02 4.952751460705119291e-01 8.872497744708551792e-03 6.346453111959791116e-01 7.699529167772056759e-03 9.781578127112698917e-01 7.202933872467615073e-01 9.087099779316752945e-01 3.780140511480469812e-01 4.969541450930368143e-01 7.599562893323908996e-01 7.294137760343335497e-01 8.418807730578764525e-01 6.255733775340018843e-01 7.109854787233131912e-01 7.008210935176772960e-02 4.140863808401895607e-01 9.616964332635267176e-01 3.702310091885162580e-01 5.350816987263573576e-01 3.563182142152603316e-01 7.063282542003057607e-01 1.032094789129270884e-01 3.640599879131209970e-01 7.692143051802641240e-01 5.278539833088048416e-01
6.499516027389828920e-01 9.788275124464234089e-01 7.783278427048381243e-01 9.295408304546869394e-01 4.913481860597374018e-01 9.615007310321960210e-01 5.818445109915422186e-01 0.000000000000000000e+00 1.583229694092581630e-01 5.653063956811928970e-01 1.317483412245288310e-01 6.401053795991734630e-01 1.677298012116252846e-01 9.902876555255307744e-01 4.943891119638998966e-02 3.432700994727769794e-01 4.787015309797010287e-01 1.793475019311069341e-01 6.597378113881410266e-01 6.364142347577033121e-01 7.214037759567499819e-01 1.301257326060488717e-01 2.497917987804615381e-01 4.721801993223665450e-01 7.898520110728924903e-01 9.020568391200914915e-01 5.708616626667412097e-01 2.479525862639199163e-01 9.768440140870630062e-01 7.597580335147582353e-01 5.581696477608654172e-01 9.887864251255228387e-01 8.680469228242202462e-01 8.424642755253922699e-01 8.169190744381228386e-01 7.684894882414295969e-01 1.544587272359415620e-01 7.338773908976617966e-01 1.666948955099345486e-02 2.968744753211156606e-01
8.776646007665348526e-01 6.699217076884106392e-01 8.001262478501067754e-01 8.157345297246180182e-01 8.902282673038082184e-01 5.063999215957679656e-01 5.862989837014828121e-01 1.583229694092581630e-01 0.000000000000000000e+00 3.932744849500913187e-01 6.024856087620087397e-01 4.860454318137291674e-01 7.334861049054648419e-01 2.180334250682064434e-01 2.530565790127270454e-02 1.692044517574224916e-01 5.804783248889686664e-01 8.196828081413450873e-01 3.489353857239133605e-01 8.927755151338032658e-01 6.114883859643039932e-01 5.743244725287739438e-01 4.305650294424601121e-02 9.408927520273421274e-01 6.828129755939358336e-01 2.446766081293298978e-01 3.311639863912574366e-01 5.780310947643171327e-01 6.309099218033479284e-01 1.186484777946956726e-01 4.610512806821106535e-01 8.608447759174341352e-01 2.261310094461976838e-01 6.619298462675858863e-01 2.585446912949190823e-01 2.931276268217116732e-01 6.150762505222032717e-01 7.768425843259185726e-01 8.468970438423568670e-01 8.453935713167803900e-01
2.098791211528836520e-01 7.071411248916702474e-01 8.926210342241490681e-01 4.960029717978400310e-01 9.395461618225006140e-01 9.785834169889034984e-01 1.287835810156832128e-01 5.653063956811928970e-01 3.932744849500913187e-01 0.000000000000000000e+00 5.270868594189841438e-01 9.687816162812685761e-01 6.267460338508428208e-01 7.357601377893415728e-01 3.022115560662904654e-01 4.021565722166940970e-01 3.978675699381430952e-01 3.514603575693817650e-01 7.490357963353362347e-01 8.442367804426361699e-01 2.645758686952168759e-01 9.401542218603475831e-01 7.048590196059909552e-01 7.859479025290899701e-01 8.789085010849605473e-01 5.497929394519649460e-01 6.476630053189034175e-01 2.685672883169855085e-01 6.591957204909218992e-01 5.880230790759777282e-01 9.701782447431783751e-02 7.808185893072638883e-02 4.818640640489567639e-01 3.315966354781416658e-01 6.491587607276456673e-01 3.154718067986984620e-01 4.207117262812152259e-01 9.281624334590403702e-01 2.346284270344588530e-01 9.385409080933585502e-01
9.563242697147111837e-02 2.808322025529395027e-01 9.899356345962140313e-01 1.221341704959659769e-01 9.063014896095025197e-01 3.158357002661704716e-02 9.521869442474798495e-01 1.317483412245288310e-01 6.024856087620087397e-01 5.270868594189841438e-01 0.000000000000000000e+00 4.515236263880300083e-01 2.374807945202840331e-01 5.295691339718756607e-01 9.970400301469894977e-03 7.097977207519760023e-01 7.920440716179072416e-01 8.945454810687838432e-01 3.101817230857479846e-01 9.272729513073615371e-01 6.984777948549296678e-01 3.881996643061380592e-02 8.498805459119126438e-01 8.275747118887113452e-01 3.477225111828566861e-01 9.912859697450425722e-01 1.513556367595452201e-01 3.265978374533331507e-01 7.909551147923865599e-02 6.937211255479017735e-01 4.812163940282782049e-01 8.082983277298577685e-01 2.619077634880432326e-01 5.722561042232466866e-01 9.848778884038378312e-02 8.056973694424108823e-01 6.957850484504370936e-01 4.035409704920067675e-01 8.961293911087769848e-01 1.490543311637806401e-01
4.323801508611142541e-01 1.329953375342229904e-02 4.334233604092047054e-01 6.519849937514614613e-01 5.114121878371881147e-01 5.068873014152791567e-01 4.958756777089258216e-01 6.401053795991734630e-01 4.860454318137291674e-01 9.687816162812685761e-01 4.515236263880300083e-01 0.000000000000000000e+00 8.211580758229752863e-01 8.583659923280132498e-01 4.248681332859172155e-01 5.597151063212828515e-01 8.606591092147856115e-01 3.560643823945600639e-01 9.330513680577523505e-02 6.242714520996397454e-01 2.625613520779239707e-01 8.466615844730362994e-01 9.588192637429217013e-01 6.569871796800104136e-01 8.749289211005963907e-01 7.179073473921508963e-01 7.485578378549643253e-01 4.042946939481377733e-01 5.304643381474140051e-01 3.998893843666011527e-01 5.356905147196892036e-01 9.851795566454303321e-01 4.489791882948591661e-01 9.480270423450467554e-01 4.082610766348752085e-01 1.781933131611135313e-01 5.903914999271601127e-01 7.310697409877763286e-01 8.568049067479199810e-02 9.475159059514263182e-01
3.939869807466348517e-01 1.009638579085299082e-01 5.961589898834437351e-01 3.199880366901330930e-01 5.342111056277456527e-01 8.405865167166842733e-01 6.412064260317856812e-01 1.677298012116252846e-01 7.334861049054648419e-01 6.267460338508428208e-01 2.374807945202840331e-01 8.211580758229752863e-01 0.000000000000000000e+00 5.678223177808706668e-01 8.711284271865016304e-01 4.441078484556608696e-01 1.686000631053689025e-01 2.907695103972465223e-01 6.455107161820088368e-01 1.420061559238313675e-01 5.495663278349979253e-01 2.078000500735663891e-01 6.867985124617220771e-01 8.652094753080272760e-01 5.847539334765894381e-03 1.837029209962590670e-01 8.934375639463990604e-01 1.641476188276731474e-01 8.664825885963933771e-01 5.825279503604072762e-01 8.768775091303263602e-01 8.019877063685926233e-01 7.482425128552006033e-01 9.375849095545528700e-01 4.948774874530817991e-01 2.139330911289809567e-01 6.258109099694729727e-01 3.145732523011668391e-02 6.234380647473557469e-01 2.541763175792307594e-01
4.438772691603356524e-01 5.030492507413963921e-01 1.465258776750435477e-01 6.464996896388746084e-01 6.680375774531484012e-01 5.210165107035620302e-01 2.905777757738378098e-01 9.902876555255307744e-01 2.180334250682064434e-01 7.357601377893415728e-01 5.295691339718756607e-01 8.583659923280132498e-01 5.678223177808706668e-01 0.000000000000000000e+00 5.309416527685851817e-01 7.044497868632905169e-01 1.154128969038270558e-02 9.729276606889798451e-01 2.701671827292823069e-01 7.051259548945632005e-01 4.983369082800626071e-02 3.688040581831029119e-01 9.955589412629739510e-01 9.098538338699366790e-01 2.357002338544326170e-01 6.733514439798676809e-01 1.501525103342902234e-01 7.135762064242502367e-01 1.758415865357948471e-01 5.025152275622070119e-01 3.602258177013303309e-01 5.483621992989877736e-01 3.424407953963238826e-01 6.677426039781142464e-01 8.334827747881039528e-01 8.306652521309954018e-02 3.789432969761364900e-01 9.359699129561961373e-01 9.761158247255466991e-01 2.698847562127736355e-01
7.121502292768577824e-02 7.483515895878246615e-01 1.615334371279818493e-01 9.569414611878557242e-02 8.898557317819499879e-01 5.778819018410167319e-01 4.415431022577664955e-02 4.943891119638998966e-02 2.530565790127270454e-02 3.022115560662904654e-01 9.970400301469894977e-03 4.248681332859172155e-01 8.711284271865016304e-01 5.309416527685851817e-01 0.000000000000000000e+00 9.558888282851947249e-01 8.748653830921977459e-01 2.656835413450783223e-01 5.148589220540461531e-01 6.918125887109333183e-01 6.213580347134176618e-01 5.182638624058764076e-01 9.607432999154275066e-02 4.601851751041927674e-01 2.059749884853636637e-01 3.925425497470367286e-01 2.324544851388830047e-01 5.854588990430925621e-01 9.983067050210985283e-01 5.781539952769944035e-01 9.120666014265418342e-01 6.636954538098046585e-01 3.033208658853229212e-01 3.909367918306900780e-01 2.732317973729387894e-01 1.281059534152684254e-01 2.639694388330158237e-01 5.504555828361253900e-01 5.363138530338742438e-01 7.959500188508911167e-01
8.465590952842504402e-01 3.733390555664032329e-01 7.084916511376345705e-01 9.803842412516547977e-01 4.360897121316358316e-01 4.266274715771426473e-01 4.952751460705119291e-01 3.432700994727769794e-01 1.692044517574224916e-01 4.021565722166940970e-01 7.097977207519760023e-01 5.597151063212828515e-01 4.441078484556608696e-01 7.044497868632905169e-01 9.558888282851947249e-01 0.000000000000000000e+00 4.404670627464073451e-01 1.630681675769429795e-01 1.362673001346482726e-01 8.092934654226152658e-01 5.991359006114452823e-01 7.051963251580928294e-01 7.191518721847738327e-01 3.290044870019437351e-02 1.754171580830115040e-01 3.792531194258101923e-01 9.218813812062174318e-01 2.979078573672589991e-01 6.083937882037250278e-01 7.588541437515975430e-01 8.291260459134102145e-01 4.520148866883260119e-01 9.727098063533410333e-01 3.445093553793682206e-01 3.378382640250336966e-01 6.615637271258870689e-01 2.294985517902974337e-01 8.872761598216039047e-03 5.480242149559804155e-01 8.352698201386468124e-01
8.812762097983324328e-01 6.715420022497777808e-01 9.294128291764113259e-01 2.675168068779197883e-01 3.553752553019425831e-01 1.059933457574953053e-01 8.872497744708551792e-03 4.787015309797010287e-01 5.804783248889686664e-01 3.978675699381430952e-01 7.920440716179072416e-01 8.606591092147856115e-01 1.686000631053689025e-01 1.154128969038270558e-02 8.748653830921977459e-01 4.404670627464073451e-01 0.000000000000000000e+00 1.878244055588580430e-01 2.013285088723725247e-01 3.110386701390305264e-01 1.898880424020668034e-01 6.588658564621852065e-02 3.307052001195330826e-01 1.801627358553037350e-01 8.709989803364978078e-01 4.640515032373010440e-01 6.497814404870412286e-01 3.637574258185132248e-01 3.449712563437962176e-01 3.066978609139097145e-01 3.014078085524229955e-02 3.539132718718240866e-02 6.611330074926040634e-01 4.832678772283316437e-02 5.523594994689354776e-01 8.068228671227372084e-01 2.617725339096693693e-01 6.634222657715552751e-01 9.183586718624033862e-01 5.864637875013726243e-01
3.063660421051035421e-01 2.017798187908614871e-01 5.994220631833435675e-01 2.344003469456533706e-01 2.376440286379833955e-01 2.270289630045415619e-01 6.346453111959791116e-01 1.793475019311069341e-01 8.196828081413450873e-01 3.514603575693817650e-01 8.945454810687838432e-01 3.560643823945600639e-01 2.907695103972465223e-01 9.729276606889798451e-01 2.656835413450783223e-01 1.630681675769429795e-01 1.878244055588580430e-01 0.000000000000000000e+00 7.901387312604605251e-01 4.208016344679088583e-02 9.039061408458748392e-01 8.635506433188993025e-01 1.963416755328865060e-01 9.277077764004988403e-01 3.812169855515648020e-01 9.742398733796234778e-01 8.536085049656678692e-01 2.236493040856183390e-01 2.506148087548554226e-02 1.600876985516520579e-01 2.487515617708605520e-01 6.885049321297918024e-01 2.609731581889755958e-01 8.846751445906233524e-01 9.326489746577431017e-01 6.201090499816739321e-01 4.064322880477906352e-01 1.706098890568480408e-01 5.426142413494086103e-01 1.018286235938381523e-02
9.714902206962233722e-01 9.389224272667709981e-01 8.497861631925396342e-02 9.636378109664525127e-01 1.535820426781770998e-01 6.599751722386082431e-02 7.699529167772056759e-03 6.597378113881410266e-01 3.489353857239133605e-01 7.490357963353362347e-01 3.101817230857479846e-01 9.330513680577523505e-02 6.455107161820088368e-01 2.701671827292823069e-01 5.148589220540461531e-01 1.362673001346482726e-01 2.013285088723725247e-01 7.901387312604605251e-01 0.000000000000000000e+00 4.065191242922309156e-01 8.642395670919283956e-01 9.809793328581973837e-01 5.525380986233339176e-01 4.845747700878597630e-01 8.799026666819119713e-01 2.586337987831524021e-01 9.627627857966207792e-01 5.591859260591500735e-01 4.343641176771311230e-01 1.809213736532018224e-01 7.035160498301322729e-01 4.226301336319504554e-01 1.416933229538219763e-01 8.138078978954449427e-01 9.146191657423277110e-01 7.828661864830075423e-01 7.434243722331247417e-01 8.764686721594968644e-01 4.038851848288966817e-01 3.203645834840145312e-01
2.582226972322986258e-01 1.392853958593862629e-01 2.720363902041271764e-01 3.489687961178771225e-01 7.704833275309422858e-01 5.651936855161834306e-01 9.781578127112698917e-01 6.364142347577033121e-01 8.927755151338032658e-01 8.442367804426361699e-01 9.272729513073615371e-01 6.242714520996397454e-01 1.420061559238313675e-01 7.051259548945632005e-01 6.918125887109333183e-01 8.092934654226152658e-01 3.110386701390305264e-01 4.208016344679088583e-02 4.065191242922309156e-01 0.000000000000000000e+00 8.123145352887053416e-01 3.111563695674830488e-01 4.618418469681725425e-01 4.081669831396950165e-01 9.297239626478600583e-01 8.174867418554796483e-01 3.171931160702790020e-01 1.899251314554071257e-01 6.226708771398586917e-01 1.066219066254273651e-01 1.448981703069811555e-01 9.406149082520380844e-01 3.725025966736411620e-01 9.205700611995507598e-01 3.735343394062614619e-01 8.690497146221594083e-01 4.726923451197753145e-01 8.208351600030227013e-01 1.298494354655765903e-02 4.499604999460778965e-01
7.779669999711140704e-01 7.937550495808812778e-01 4.388795682032317069e-01 4.442068688096660889e-01 6.175510979443505910e-01 3.354563387499577276e-01 7.202933872467615073e-01 7.214037759567499819e-01 6.114883859643039932e-01 2.645758686952168759e-01 6.984777948549296678e-01 2.625613520779239707e-01 5.495663278349979253e-01 4.983369082800626071e-02 6.213580347134176618e-01 5.991359006114452823e-01 1.898880424020668034e-01 9.039061408458748392e-01 8.642395670919283956e-01 8.123145352887053416e-01 0.000000000000000000e+00 1.345359561420511607e-01 7.576418618103507585e-01 3.724560704427235525e-01 7.793668923151849670e-01 4.079132619753791378e-01 4.699604766332332595e-01 9.906168529882763973e-02 1.816313446197403980e-02 4.209686779877340745e-01 1.556995896718837979e-02 6.206166481717050321e-01 3.109450934546403866e-01 4.762079520138671196e-01 8.028299447376920916e-01 3.830506281751866471e-02 9.774530501218132716e-01 4.731236869977095694e-02 4.506743197261362521e-01 5.777552562474773667e-01
8.368517737795035938e-01 2.620533075803517242e-01 4.332223132582518899e-01 1.357339487826877411e-01 3.342702607396497161e-01 6.296633525530896947e-01 9.087099779316752945e-01 1.301257326060488717e-01 5.743244725287739438e-01 9.401542218603475831e-01 3.881996643061380592e-02 8.466615844730362994e-01 2.078000500735663891e-01 3.688040581831029119e-01 5.182638624058764076e-01 7.051963251580928294e-01 6.588658564621852065e-02 8.635506433188993025e-01 9.809793328581973837e-01 3.111563695674830488e-01 1.345359561420511607e-01 0.000000000000000000e+00 3.862040851156706145e-01 8.145077529416349105e-01 6.331085432058864981e-01 1.084358116231701752e-01 6.957875445908117129e-01 9.493215511833721365e-01 1.506777461665020912e-01 7.357303252681556271e-01 9.046450015494191810e-01 1.697757910704813522e-01 1.604912393427520012e-01 8.429482315012779559e-01 8.508704533711524132e-01 7.149121186297086039e-01 1.388072215388770347e-01 8.853802048740555541e-02 3.397640520748697046e-01 8.679360345855062775e-01
5.187251242247766791e-01 7.126381426149810405e-01 5.807017880619463890e-01 3.903084666582006257e-01 2.280484944077568743e-01 4.629529631528279676e-01 3.780140511480469812e-01 2.497917987804615381e-01 4.305650294424601121e-02 7.048590196059909552e-01 8.498805459119126438e-01 9.588192637429217013e-01 6.867985124617220771e-01 9.955589412629739510e-01 9.607432999154275066e-02 7.191518721847738327e-01 3.307052001195330826e-01 1.963416755328865060e-01 5.525380986233339176e-01 4.618418469681725425e-01 7.576418618103507585e-01 3.862040851156706145e-01 0.000000000000000000e+00 8.813910000587870108e-01 3.240179414569241967e-01 2.971985315373925074e-01 9.693925530031488602e-02 9.616949317110750073e-01 1.701915971135575800e-01 2.409566697896137200e-02 4.109529251681574014e-01 6.688372779880000785e-01 5.747680335995375422e-01 9.878688689518284605e-01 4.632510109857859160e-01 6.865357944105349164e-01 1.975905346061712642e-01 9.563894659379756913e-01 7.285644557090379392e-01 9.926221394868225412e-01
2.752439913719859632e-01 8.156629224882948614e-01 1.108311014434397723e-01 9.550903315717357289e-01 1.486616260935074152e-01 5.140386744740012004e-01 4.969541450930368143e-01 4.721801993223665450e-01 9.408927520273421274e-01 7.859479025290899701e-01 8.275747118887113452e-01 6.569871796800104136e-01 8.652094753080272760e-01 9.098538338699366790e-01 4.601851751041927674e-01 3.290044870019437351e-02 1.801627358553037350e-01 9.277077764004988403e-01 4.845747700878597630e-01 4.081669831396950165e-01 3.724560704427235525e-01 8.145077529416349105e-01 8.813910000587870108e-01 0.000000000000000000e+00 6.819617335949546000e-02 4.807668852433374385e-01 7.477890763973638055e-02 6.064901484940642407e-01 7.000758684959907940e-01 8.825979599518714025e-01 6.835064793211295120e-01 6.269241894562826989e-02 9.928681534243882778e-01 3.062971699666260372e-01 6.353203003969957186e-01 7.500371425259875213e-01 6.371564497005365313e-01 1.393400208666609741e-01 9.378515137208491836e-01 6.062921260500684362e-01
6.857328013810779499e-01 2.496248340250576403e-01 1.038407881702795299e-01 8.524706743476251347e-01 7.874435399893375820e-01 4.149980358057597796e-01 7.599562893323908996e-01 7.898520110728924903e-01 6.828129755939358336e-01 8.789085010849605473e-01 3.477225111828566861e-01 8.749289211005963907e-01 5.847539334765894381e-03 2.357002338544326170e-01 2.059749884853636637e-01 1.754171580830115040e-01 8.709989803364978078e-01 3.812169855515648020e-01 8.799026666819119713e-01 9.297239626478600583e-01 7.793668923151849670e-01 6.331085432058864981e-01 3.240179414569241967e-01 6.819617335949546000e-02 0.000000000000000000e+00 3.665193274670607293e-01 3.314293418927165558e-01 5.940154750904380609e-02 8.760977892581317539e-01 1.941676642937076869e-01 5.381728135137676672e-01 8.282980297978368434e-01 6.579359868356802199e-01 1.759938774099901737e-01 4.185731517476127816e-01 5.223618928360485025e-02 6.872835820960184749e-01 6.566163217822107434e-01 1.282628612409605351e-01 5.767440900257672087e-01
3.085730715354014775e-01 6.470082448465523939e-01 5.121656105865944886e-01 6.469507437233464886e-01 9.192586870824064338e-01 8.546045813175775496e-01 7.294137760343335497e-01 9.020568391200914915e-01 2.446766081293298978e-01 5.497929394519649460e-01 9.912859697450425722e-01 7.179073473921508963e-01 1.837029209962590670e-01 6.733514439798676809e-01 3.925425497470367286e-01 3.792531194258101923e-01 4.640515032373010440e-01 9.742398733796234778e-01 2.586337987831524021e-01 8.174867418554796483e-01 4.079132619753791378e-01 1.084358116231701752e-01 2.971985315373925074e-01 4.807668852433374385e-01 3.665193274670607293e-01 0.000000000000000000e+00 1.598972584225152316e-01 3.719805233970951974e-02 8.073337299718821303e-01 9.338114188877526534e-01 6.494152986576789965e-01 7.978661196634885266e-01 8.873698793018480746e-01 2.676622699684563234e-01 6.702683001121413353e-01 1.905023597110127032e-01 2.176369460603841954e-01 5.595445107222573045e-01 8.675475284957295807e-01 9.559708994453721687e-01
6.993443631370580560e-01 6.266147995185751274e-01 2.155500783882448035e-01 5.086941139953882196e-02 4.429848041933509561e-01 2.428618322892587278e-01 8.418807730578764525e-01 5.708616626667412097e-01 3.311639863912574366e-01 6.476630053189034175e-01 1.513556367595452201e-01 7.485578378549643253e-01 8.934375639463990604e-01 1.501525103342902234e-01 2.324544851388830047e-01 9.218813812062174318e-01 6.497814404870412286e-01 8.536085049656678692e-01 9.627627857966207792e-01 3.171931160702790020e-01 4.699604766332332595e-01 6.957875445908117129e-01 9.693925530031488602e-02 7.477890763973638055e-02 3.314293418927165558e-01 1.598972584225152316e-01 0.000000000000000000e+00 9.393322385319504697e-01 9.026769129893135180e-01 3.242933414118854829e-01 8.572503698810887141e-01 3.325146457879252226e-01 1.982737016053367496e-01 2.737832245016935673e-01 8.180072733457768308e-01 8.649018653841298310e-01 2.026678825449316212e-01 9.605067097090274064e-01 7.024965948097486867e-01 9.366905646292729148e-01
2.245861409300724532e-01 5.436578305285130197e-01 4.853887816761524032e-01 8.060250412201827031e-01 7.288826281346090230e-01 4.065477788403837334e-01 6.255733775340018843e-01 2.479525862639199163e-01 5.780310947643171327e-01 2.685672883169855085e-01 3.265978374533331507e-01 4.042946939481377733e-01 1.641476188276731474e-01 7.135762064242502367e-01 5.854588990430925621e-01 2.979078573672589991e-01 3.637574258185132248e-01 2.236493040856183390e-01 5.591859260591500735e-01 1.899251314554071257e-01 9.906168529882763973e-02 9.493215511833721365e-01 9.616949317110750073e-01 6.064901484940642407e-01 5.940154750904380609e-02 3.719805233970951974e-02 9.393322385319504697e-01 0.000000000000000000e+00 7.783989347800759351e-01 3.169317206640976936e-01 5.958695696414954002e-01 7.109996508952998173e-01 5.469605848105967283e-01 3.977857413127445785e-01 4.575890668881259504e-01 9.102828765679221723e-01 6.150791259074402939e-01 7.849298166779240526e-01 5.890925673868393497e-01 7.548499283326873810e-01
9.354650070835711650e-01 3.323872699769747641e-02 9.198390734450654360e-01 1.708326930873268479e-01 6.280301722795278430e-02 8.582720068839502225e-01 7.109854787233131912e-01 9.768440140870630062e-01 6.309099218033479284e-01 6.591957204909218992e-01 7.909551147923865599e-02 5.304643381474140051e-01 8.664825885963933771e-01 1.758415865357948471e-01 9.983067050210985283e-01 6.083937882037250278e-01 3.449712563437962176e-01 2.506148087548554226e-02 4.343641176771311230e-01 6.226708771398586917e-01 1.816313446197403980e-02 1.506777461665020912e-01 1.701915971135575800e-01 7.000758684959907940e-01 8.760977892581317539e-01 8.073337299718821303e-01 9.026769129893135180e-01 7.783989347800759351e-01 0.000000000000000000e+00 4.880175273540918734e-01 9.042597165402228576e-01 7.719934572848694554e-01 5.975840287982914223e-01 7.614921884328577084e-01 5.304558953808844457e-01 2.409048150714490077e-01 2.716785846887170841e-01 5.685092025484600464e-01 4.237585299965621610e-01 4.205497128324526823e-01
3.626154341070710885e-01 9.611442641130301112e-01 9.333295181169862786e-01 1.020417344304083151e-01 3.099188803493411193e-01 4.850112725315909312e-01 7.008210935176772960e-02 7.597580335147582353e-01 1.186484777946956726e-01 5.880230790759777282e-01 6.937211255479017735e-01 3.998893843666011527e-01 5.825279503604072762e-01 5.025152275622070119e-01 5.781539952769944035e-01 7.588541437515975430e-01 3.066978609139097145e-01 1.600876985516520579e-01 1.809213736532018224e-01 1.066219066254273651e-01 4.209686779877340745e-01 7.357303252681556271e-01 2.409566697896137200e-02 8.825979599518714025e-01 1.941676642937076869e-01 9.338114188877526534e-01 3.242933414118854829e-01 3.169317206640976936e-01 4.880175273540918734e-01 0.000000000000000000e+00 9.701529489167826092e-02 3.342248743913299736e-01 6.553049216857675940e-01 8.409070700616515515e-01 2.154675971618966734e-01 3.847963304840206211e-01 9.937342302964451424e-01 6.276080688802434526e-01 5.802588034149501750e-01 5.305177445156953331e-01
1.212288414431582639e-01 5.411005709907287242e-01 9.884513059384646416e-01 8.413327819646057026e-01 2.481863254666264451e-01 3.969748240187008781e-01 4.140863808401895607e-01 5.581696477608654172e-01 4.610512806821106535e-01 9.701782447431783751e-02 4.812163940282782049e-01 5.356905147196892036e-01 8.768775091303263602e-01 3.602258177013303309e-01 9.120666014265418342e-01 8.291260459134102145e-01 3.014078085524229955e-02 2.487515617708605520e-01 7.035160498301322729e-01 1.448981703069811555e-01 1.556995896718837979e-02 9.046450015494191810e-01 4.109529251681574014e-01 6.835064793211295120e-01 5.381728135137676672e-01 6.494152986576789965e-01 8.572503698810887141e-01 5.958695696414954002e-01 9.042597165402228576e-01 9.701529489167826092e-02 0.000000000000000000e+00 6.543689008947541907e-01 8.958138158929800365e-01 6.709892228923594049e-01 3.410940473075532164e-01 7.043557069181261010e-01 4.900398615324608187e-02 3.824405272153810209e-01 2.244972559622903097e-01 7.679645660002745178e-01
8.558494705680320669e-01 7.718044680025042403e-01 1.723467249512906641e-01 1.813348244046120161e-02 8.607963869413244318e-01 2.657402497962760846e-01 9.616964332635267176e-01 9.887864251255228387e-01 8.608447759174341352e-01 7.808185893072638883e-02 8.082983277298577685e-01 9.851795566454303321e-01 8.019877063685926233e-01 5.483621992989877736e-01 6.636954538098046585e-01 4.520148866883260119e-01 3.539132718718240866e-02 6.885049321297918024e-01 4.226301336319504554e-01 9.406149082520380844e-01 6.206166481717050321e-01 1.697757910704813522e-01 6.688372779880000785e-01 6.269241894562826989e-02 8.282980297978368434e-01 7.978661196634885266e-01 3.325146457879252226e-01 7.109996508952998173e-01 7.719934572848694554e-01 3.342248743913299736e-01 6.543689008947541907e-01 0.000000000000000000e+00 4.853444062859124664e-01 2.596041963434296829e-01 7.297177196764454976e-01 9.976571183743802029e-01 4.691489523608853851e-01 5.998408383323067250e-01 7.364941284066509608e-01 3.520455409300859984e-02
5.562168640541281794e-01 2.241399093303668710e-01 7.496416394084457480e-01 3.915068716132146243e-01 2.762828640694803273e-02 5.896478807040297365e-01 3.702310091885162580e-01 8.680469228242202462e-01 2.261310094461976838e-01 4.818640640489567639e-01 2.619077634880432326e-01 4.489791882948591661e-01 7.482425128552006033e-01 3.424407953963238826e-01 3.033208658853229212e-01 9.727098063533410333e-01 6.611330074926040634e-01 2.609731581889755958e-01 1.416933229538219763e-01 3.725025966736411620e-01 3.109450934546403866e-01 1.604912393427520012e-01 5.747680335995375422e-01 9.928681534243882778e-01 6.579359868356802199e-01 8.873698793018480746e-01 1.982737016053367496e-01 5.469605848105967283e-01 5.975840287982914223e-01 6.553049216857675940e-01 8.958138158929800365e-01 4.853444062859124664e-01 0.000000000000000000e+00 2.965719970078806167e-01 7.895836173473718134e-01 1.833571273040990324e-01 3.603739871817155382e-01 5.703938078822778923e-02 5.318637156300176638e-02 2.029631002866971734e-01
3.376861441878525882e-01 9.375887867108381180e-01 2.266076552987369430e-01 1.444550858109717728e-01 3.025600321651494840e-01 4.522694488581902039e-02 5.350816987263573576e-01 8.424642755253922699e-01 6.619298462675858863e-01 3.315966354781416658e-01 5.722561042232466866e-01 9.480270423450467554e-01 9.375849095545528700e-01 6.677426039781142464e-01 3.909367918306900780e-01 3.445093553793682206e-01 4.832678772283316437e-02 8.846751445906233524e-01 8.138078978954449427e-01 9.205700611995507598e-01 4.762079520138671196e-01 8.429482315012779559e-01 9.878688689518284605e-01 3.062971699666260372e-01 1.759938774099901737e-01 2.676622699684563234e-01 2.737832245016935673e-01 3.977857413127445785e-01 7.614921884328577084e-01 8.409070700616515515e-01 6.709892228923594049e-01 2.596041963434296829e-01 2.965719970078806167e-01 0.000000000000000000e+00 1.820649479079360367e-01 5.039430950977514811e-01 1.384403893300371058e-01 5.233980329212780669e-01 2.405940224585813025e-01 8.085489344180535332e-01
9.597378628710891979e-01 2.618124444438367782e-01 9.904634584375099360e-01 4.597667464367805046e-01 9.998161684989544939e-01 9.099844190481332085e-02 3.563182142152603316e-01 8.169190744381228386e-01 2.585446912949190823e-01 6.491587607276456673e-01 9.848778884038378312e-02 4.082610766348752085e-01 4.948774874530817991e-01 8.334827747881039528e-01 2.732317973729387894e-01 3.378382640250336966e-01 5.523594994689354776e-01 9.326489746577431017e-01 9.146191657423277110e-01 3.735343394062614619e-01 8.028299447376920916e-01 8.508704533711524132e-01 4.632510109857859160e-01 6.353203003969957186e-01 4.185731517476127816e-01 6.702683001121413353e-01 8.180072733457768308e-01 4.575890668881259504e-01 5.304558953808844457e-01 2.154675971618966734e-01 3.410940473075532164e-01 7.297177196764454976e-01 7.895836173473718134e-01 1.820649479079360367e-01 0.000000000000000000e+00 6.522746117956377265e-01 7.021444887980894389e-01 2.684733244120008910e-01 7.257334918713579386e-01 4.305530430091135674e-01
1.186104587613755479e-01 8.256311182304169050e-01 8.281341221637268379e-01 6.082945225673093148e-01 5.755526128841035316e-01 5.247598567747223663e-01 7.063282542003057607e-01 7.684894882414295969e-01 2.931276268217116732e-01 3.154718067986984620e-01 8.056973694424108823e-01 1.781933131611135313e-01 2.139330911289809567e-01 8.306652521309954018e-02 1.281059534152684254e-01 6.615637271258870689e-01 8.068228671227372084e-01 6.201090499816739321e-01 7.828661864830075423e-01 8.690497146221594083e-01 3.830506281751866471e-02 7.149121186297086039e-01 6.865357944105349164e-01 7.500371425259875213e-01 5.223618928360485025e-02 1.905023597110127032e-01 8.649018653841298310e-01 9.102828765679221723e-01 2.409048150714490077e-01 3.847963304840206211e-01 7.043557069181261010e-01 9.976571183743802029e-01 1.833571273040990324e-01 5.039430950977514811e-01 6.522746117956377265e-01 0.000000000000000000e+00 8.655183567032755931e-01 8.833628412865129897e-01 2.511994854585953840e-01 9.954682832872674414e-02
4.860653786374892205e-01 9.993634171797454169e-01 5.403705244155332377e-01 1.607243853231230535e-01 1.625033515548027774e-01 9.842352260596043401e-01 1.032094789129270884e-01 1.544587272359415620e-01 6.150762505222032717e-01 4.207117262812152259e-01 6.957850484504370936e-01 5.903914999271601127e-01 6.258109099694729727e-01 3.789432969761364900e-01 2.639694388330158237e-01 2.294985517902974337e-01 2.617725339096693693e-01 4.064322880477906352e-01 7.434243722331247417e-01 4.726923451197753145e-01 9.774530501218132716e-01 1.388072215388770347e-01 1.975905346061712642e-01 6.371564497005365313e-01 6.872835820960184749e-01 2.176369460603841954e-01 2.026678825449316212e-01 6.150791259074402939e-01 2.716785846887170841e-01 9.937342302964451424e-01 4.900398615324608187e-02 4.691489523608853851e-01 3.603739871817155382e-01 1.384403893300371058e-01 7.021444887980894389e-01 8.655183567032755931e-01 0.000000000000000000e+00 8.889770266685369515e-01 5.367618044253857912e-01 2.719386450203180594e-01
7.491156240282058620e-01 1.033642816721175306e-01 1.282508359960787825e-01 2.284478801105913615e-01 5.713802102115477233e-01 8.294200037564685157e-01 3.640599879131209970e-01 7.338773908976617966e-01 7.768425843259185726e-01 9.281624334590403702e-01 4.035409704920067675e-01 7.310697409877763286e-01 3.145732523011668391e-02 9.359699129561961373e-01 5.504555828361253900e-01 8.872761598216039047e-03 6.634222657715552751e-01 1.706098890568480408e-01 8.764686721594968644e-01 8.208351600030227013e-01 4.731236869977095694e-02 8.853802048740555541e-02 9.563894659379756913e-01 1.393400208666609741e-01 6.566163217822107434e-01 5.595445107222573045e-01 9.605067097090274064e-01 7.849298166779240526e-01 5.685092025484600464e-01 6.276080688802434526e-01 3.824405272153810209e-01 5.998408383323067250e-01 5.703938078822778923e-02 5.233980329212780669e-01 2.684733244120008910e-01 8.833628412865129897e-01 8.889770266685369515e-01 0.000000000000000000e+00 3.239245844715193945e-01 5.783979180463764136e-01
1.569211952214140116e-01 2.547296573323428737e-01 7.535833736215995504e-01 5.297270738496898668e-01 2.359191308042382085e-01 3.729543176230187829e-01 7.692143051802641240e-01 1.666948955099345486e-02 8.468970438423568670e-01 2.346284270344588530e-01 8.961293911087769848e-01 8.568049067479199810e-02 6.234380647473557469e-01 9.761158247255466991e-01 5.363138530338742438e-01 5.480242149559804155e-01 9.183586718624033862e-01 5.426142413494086103e-01 4.038851848288966817e-01 1.298494354655765903e-02 4.506743197261362521e-01 3.397640520748697046e-01 7.285644557090379392e-01 9.378515137208491836e-01 1.282628612409605351e-01 8.675475284957295807e-01 7.024965948097486867e-01 5.890925673868393497e-01 4.237585299965621610e-01 5.802588034149501750e-01 2.244972559622903097e-01 7.364941284066509608e-01 5.318637156300176638e-02 2.405940224585813025e-01 7.257334918713579386e-01 2.511994854585953840e-01 5.367618044253857912e-01 3.239245844715193945e-01 0.000000000000000000e+00 9.279848674287551891e-01
