0.000000000000000000e+00 4.481887074763364343e-01 7.397268220537323025e-01 6.169178814525376753e-01 8.872589762552539616e-01 1.479040394463182473e-02 4.424888251371550396e-01 6.865513135320364668e-01 8.046163940683073168e-01 9.928871000079958486e-01 3.100572531163964252e-01 8.020176504927254424e-01 2.628586170556568291e-02 3.015524679610689374e-01 2.827238854615027330e-01 5.828247201490632801e-01 4.807893579323259114e-01 5.859275354970635563e-01 9.275430137325323399e-01 3.703318767482521867e-01 8.840121093901522897e-01 9.740072067644193199e-01 7.504640624939206139e-01 5.330325686262417095e-01 9.463162359252107469e-01 4.091200546540767480e-01 6.079369634492615138e-02 6.803102500141484654e-01 3.859923101711794091e-01 1.497440941381640300e-01 8.186406050834160730e-01 9.532313670931469307e-02 8.456359970266853487e-01 7.280234788663250134e-01 4.407610827402133058e-01 4.773522499596545288e-01 2.820363692233547326e-01 2.239029437345219087e-02 4.282611392104547221e-01 1.050020233509619816e-01
4.481887074763364343e-01 0.000000000000000000e+00 4.433040557472917031e-01 4.293354631738406368e-01 7.120098982024226641e-01 4.940808290163891670e-01 9.895890527595346819e-01 1.126671211131693440e-01 1.398802727942483060e-01 6.839982450203313524e-01 1.922585923545380160e-01 6.926801930505986915e-01 8.439963003605911451e-01 7.655384016639938949e-01 8.490503761979910635e-01 8.468993212619357891e-02 6.941882643022688759e-01 7.726263372842767652e-03 2.107910965970331008e-01 9.828418384293481358e-01 9.503844415520414923e-01 1.299161461358097069e-01 8.782513138730208002e-02 4.662864066020235843e-01 4.712490207943620391e-03 7.974017717356544077e-01 3.482533491908812451e-02 4.196739937754359051e-01 7.387633376471953728e-01 6.142035529534694005e-01 2.187682735921652188e-01 7.074600387849729888e-01 3.593265985290955422e-01 2.755204794777812438e-01 6.725918831340104154e-01 1.301313847152538727e-01 4.331956325576284961e-01 4.044687803279667371e-02 9.546477026397282017e-01 7.418392553676367296e-02
7.397268220537323025e-01 4.433040557472917031e-01 0.000000000000000000e+00 9.814609570883021661e-01 8.157283403936888000e-02 7.988000585960908229e-02 6.942402780495273706e-01 8.458900834423358495e-01 7.955843809578816428e-01 9.294487026792378481e-01 4.852338357733038121e-01 1.210574773664921944e-01 7.662227670896506471e-01 4.081570395401562523e-01 6.916536756112398043e-01 5.024150887189325898e-01 2.077141995536696539e-01 3.797535900885247173e-01 1.927852840478271323e-01 6.632076559456482334e-01 1.815788827310779174e-01 7.081532672402786055e-01 8.766296189042638298e-01 9.781407897943137364e-01 4.362617682905166605e-01 2.878220637452371111e-01 8.673875226932097338e-01 5.470969277874071501e-02 2.935975721053291077e-01 4.502807751884005949e-01 8.188596065885335173e-01 7.323040834795156995e-01 9.125702201929749569e-01 4.323048482211285792e-01 8.267210169824568133e-03 4.486439942489638399e-01 1.063141433218737220e-01 6.573502074972654707e-01 3.835531830762209937e-01 9.453306192248437378e-01
6.169178814525376753e-01 4.293354631738406368e-01 9.814609570883021661e-01 0.000000000000000000e+00 4.215126604887863282e-01 1.563577641651615613e-01 7.983217230122792163e-01 8.991439253301228840e-01 1.614466470917996777e-02 9.797734863170842745e-01 4.628911834217208643e-01 7.315696298043842249e-01 5.184428882465330624e-02 7.541084295288161821e-01 5.699081445871845286e-01 5.071660531974152564e-01 8.309238055695697955e-01 7.752243067614451588e-01 3.039171748298374887e-03 1.411355750419192034e-01 6.147953790905726912e-01 4.503138079162425367e-01 6.551198537277791445e-02 5.220990495170687584e-01 2.569782742212082249e-01 6.340775848537762993e-01 9.940695038816772522e-01 2.265938755215657352e-02 6.136730902894116380e-01 6.435163017967554522e-01 2.066799186213004180e-01 1.656728399379768790e-01 8.969705027772710837e-01 4.359459725361319871e-01 4.909965637339389621e-01 2.608204141142993482e-01 3.349894319363799777e-02 5.749946385661086623e-01 1.225630479370216630e-01 9.280401508367372987e-01
8.872589762552539616e-01 7.120098982024226641e-01 8.157283403936888000e-02 4.215126604887863282e-01 0.000000000000000000e+00 6.122440081304701964e-01 3.995756540376761423e-01 3.006407595082172257e-02 9.392796559321329175e-01 4.565979647311351197e-01 5.643918944296848483e-01 3.907083949508156628e-01 1.601135373433271170e-02 9.084470978655153628e-01 6.620423040339175058e-01 2.700994346969917137e-01 6.388448465352273287e-01 7.619314044310134815e-01 2.254533084757293082e-02 8.111232286142915360e-01 9.758030999126894312e-01 4.415949060484610778e-01 2.030216130553162968e-01 5.146977360656408429e-01 8.218244568428233476e-01 2.569775761056340979e-01 2.773270441832940136e-01 3.813604255154247058e-01 6.438192140937069041e-01 1.903071723159377449e-02 8.573296499214644317e-01 6.113956897625686393e-01 4.626107722958745505e-01 9.026316983134607952e-02 8.482435549419522491e-01 6.417480796319529057e-01 1.939254240050519718e-01 3.417722221306731534e-01 7.960226933737438726e-01 9.270024307664183061e-01
1.479040394463182473e-02 4.940808290163891670e-01 7.988000585960908229e-02 1.563577641651615613e-01 6.122440081304701964e-01 0.000000000000000000e+00 1.988986039210994816e-01 7.020756266901464482e-01 6.724418991762727282e-01 2.326415199291466118e-01 4.371705061462498598e-01 5.531301455517456667e-01 9.439312608528227511e-01 7.363055238992401996e-01 6.983439747236747097e-01 8.064960750800517220e-01 9.073321208108409142e-02 8.704154680010036671e-01 9.181905572200174115e-01 5.005953505258311509e-01 3.113757870451153709e-01 3.093241422987316191e-01 4.138650196018711647e-02 7.431157613457139988e-01 4.262356188163903825e-01 5.626621454313615045e-01 5.932176350949495136e-01 9.020824050185887177e-01 2.862468741838242181e-01 2.131113148386757361e-01 5.460858522020742845e-01 8.051405938903306581e-01 4.685752196540201586e-01 3.105890987583734830e-01 1.460079702816938774e-01 8.788207414566896469e-01 5.282670413229972883e-01 5.147378491313804316e-01 8.880934710324398518e-01 1.575184107340388273e-02
4.424888251371550396e-01 9.895890527595346819e-01 6.942402780495273706e-01 7.983217230122792163e-01 3.995756540376761423e-01 1.988986039210994816e-01 0.000000000000000000e+00 6.597269745574061428e-01 5.450170874363763351e-01 5.369173195259575593e-01 7.561705569286245598e-01 2.985294835348054621e-01 8.626931603244969438e-01 8.177220695664011441e-02 8.884080359874586552e-01 3.161535506098622772e-02 8.199024428477903470e-01 4.319544170376510284e-01 5.675596480275203470e-01 6.352432605484623629e-01 5.730517453815683337e-01 3.410960264228592997e-01 8.665520449882888609e-01 3.260175476281119700e-01 2.171883290238528774e-01 7.202862355222164892e-01 4.845275187745530232e-01 9.059407435705099099e-01 4.599051031986334248e-01 7.269380915590939463e-02 8.794204283595149496e-01 9.109516600476098569e-01 6.040759405385905945e-01 4.305119695680669212e-01 3.356966237294047861e-01 7.580862246550494898e-01 1.098010189446663176e-03 5.995040216987483905e-01 5.369925072057735171e-02 6.656509381863850994e-01
6.865513135320364668e-01 1.126671211131693440e-01 8.458900834423358495e-01 8.991439253301228840e-01 3.006407595082172257e-02 7.020756266901464482e-01 6.597269745574061428e-01 0.000000000000000000e+00 9.819592911904273524e-02 6.103787267743769895e-01 8.142174726174370436e-01 7.490455079569998675e-01 5.414788394204912425e-01 9.177991324131676842e-01 3.234849508634519699e-01 3.409195342183112265e-01 7.617960750469077169e-02 3.598800527403601679e-01 9.668702163484663714e-01 5.971173157796952902e-01 2.237830393316605493e-01 1.610225064626242819e-01 7.113918738791672469e-01 3.800998322983251132e-02 7.631352634597354800e-03 4.933666411380793759e-01 2.464095489728072019e-01 9.253524866846621899e-01 4.190371415975363556e-01 9.810487831378928991e-01 5.522737914240773982e-01 9.956629677505093312e-01 9.143874490443005820e-01 2.529575856315379179e-01 3.597087395971136914e-01 3.357716888194912652e-01 2.139975911823013277e-01 9.822163970498710706e-01 4.687158862949977189e-01 7.245891198053948656e-01
8.046163940683073168e-01 1.398802727942483060e-01 7.955843809578816428e-01 1.614466470917996777e-02 9.392796559321329175e-01 6.724418991762727282e-01 5.450170874363763351e-01 9.819592911904273524e-02 0.000000000000000000e+00 5.986852903299026973e-01 3.675668595756274026e-01 5.592484696521624610e-01 2.214028300830246376e-01 9.236992859760425612e-01 8.983355634988292593e-01 5.598428334814277152e-01 6.862338968866572575e-01 1.955529779040435789e-01 7.585798694784849916e-01 4.687464577545403799e-01 5.015737611738423363e-01 2.579402499139763494e-01 4.769283702536032399e-01 3.009110767568058398e-01 4.276403602978651186e-01 1.236833337990638215e-01 8.475449019460176148e-01 2.941224169158408452e-01 5.330569981867698814e-01 4.238986911520946643e-01 2.335036734605924202e-01 6.164038024383996506e-01 1.277497209380665799e-01 8.511671627653040195e-01 5.339228170545902152e-01 5.506740362391848720e-03 8.006987868485609949e-01 8.100690903735662252e-01 1.141207381328924741e-01 1.276221988092700599e-01
9.928871000079958486e-01 6.839982450203313524e-01 9.294487026792378481e-01 9.797734863170842745e-01 4.565979647311351197e-01 2.326415199291466118e-01 5.369173195259575593e-01 6.103787267743769895e-01 5.986852903299026973e-01 0.000000000000000000e+00 9.558464186518570438e-01 8.797790799242791726e-01 1.326319059181249038e-01 8.869323978011832699e-01 7.929760074588121377e-02 7.934009180201719857e-01 1.023114576074042326e-01 6.959669040894659320e-01 6.775497052666135112e-01 4.062586527869267439e-01 9.559392621497748710e-01 6.039503868600637482e-03 7.462003067459707095e-01 1.239381725148567259e-01 4.295419888402444153e-01 3.448667606840263300e-01 7.399786791698919064e-01 7.142695095733955224e-01 4.300096939617388259e-01 2.534566380054050772e-01 9.171056385698228564e-01 2.494930814691751486e-01 9.505442240985018110e-02 5.181093512308517779e-01 5.191681927697028298e-01 3.485459892820135241e-01 7.540340363903585974e-02 5.643812721257519538e-01 8.128717134831557889e-01 4.608644478595750327e-01
3.100572531163964252e-01 1.922585923545380160e-01 4.852338357733038121e-01 4.628911834217208643e-01 5.643918944296848483e-01 4.371705061462498598e-01 7.561705569286245598e-01 8.142174726174370436e-01 3.675668595756274026e-01 9.558464186518570438e-01 0.000000000000000000e+00 4.892392889683455648e-01 5.892076451478913679e-01 5.825629441871003067e-01 3.557759195221640303e-01 2.788228959456457989e-01 4.637276595620631880e-03 6.421346313651937754e-01 9.150445287791740823e-01 4.002980062171712650e-02 2.354536229601295050e-01 7.973156554956901676e-01 7.093605288227271544e-01 3.901119691151022639e-02 6.572618943869281694e-01 3.773685644917448290e-01 5.719526238740231250e-01 4.947795497305429446e-02 9.395881590317231025e-01 4.880135230429964999e-01 3.680194958022946494e-01 6.273849955766934716e-01 2.027096121319171829e-02 4.794372218514564299e-02 3.736778396731177398e-01 4.591253343665570030e-01 8.378796772838513762e-01 3.727781125385465355e-01 6.158494124585403018e-01 6.897389967471471151e-01
8.020176504927254424e-01 6.926801930505986915e-01 1.210574773664921944e-01 7.315696298043842249e-01 3.907083949508156628e-01 5.531301455517456667e-01 2.985294835348054621e-01 7.490455079569998675e-01 5.592484696521624610e-01 8.797790799242791726e-01 4.892392889683455648e-01 0.000000000000000000e+00 5.118115240441371006e-01 7.874539662000322737e-01 1.985685329562969503e-02 7.153036943207158327e-01 9.888140629692384609e-01 9.345803658917115619e-01 9.662340534571571826e-01 6.154160664559055194e-01 2.212959411186535830e-01 7.596014693986442579e-01 7.717117663430979047e-01 7.571414323686898040e-01 7.700009511310190735e-02 3.414115125559010755e-01 5.813896041231225720e-02 3.511013613978885006e-01 4.266374703368116528e-01 2.439786137952619782e-01 4.043703341878822632e-01 4.715034387603923571e-01 1.243466832494732888e-02 8.660623030382240684e-01 9.456183733002881953e-01 6.607188884766019843e-01 4.923662683300298326e-01 3.583569077758858024e-01 1.823920268844936299e-02 2.448224790465357570e-01
2.628586170556568291e-02 8.439963003605911451e-01 7.662227670896506471e-01 5.184428882465330624e-02 1.601135373433271170e-02 9.439312608528227511e-01 8.626931603244969438e-01 5.414788394204912425e-01 2.214028300830246376e-01 1.326319059181249038e-01 5.892076451478913679e-01 5.118115240441371006e-01 0.000000000000000000e+00 9.648108605143325134e-01 8.435345688548065990e-01 7.810630740300903430e-01 2.943940808213024729e-01 3.704762824888405692e-01 8.780985711752320455e-02 1.241608592428278257e-03 4.336505173001486968e-01 8.917648152752065682e-01 9.355325757289791877e-01 2.883735660190892558e-01 3.579669242920191508e-02 9.648516841712537762e-01 3.011488120582614947e-01 8.417756136927861954e-01 7.849764978815051419e-01 7.703240982959285166e-01 6.037038015662110624e-01 3.502338152082129508e-02 9.403573923381879363e-01 2.303528217825124846e-01 1.610082282947469245e-01 6.089446071004394057e-01 1.438721253572959879e-01 1.885417060320437876e-01 6.367905518984704472e-01 6.310226491284494088e-01
3.015524679610689374e-01 7.655384016639938949e-01 4.081570395401562523e-01 7.541084295288161821e-01 9.084470978655153628e-01 7.363055238992401996e-01 8.177220695664011441e-02 9.177991324131676842e-01 9.236992859760425612e-01 8.869323978011832699e-01 5.825629441871003067e-01 7.874539662000322737e-01 9.648108605143325134e-01 0.000000000000000000e+00 8.204014151795480103e-02 3.906609879132776353e-01 1.441468475164773277e-01 8.072305900430695180e-01 1.616984498686963034e-01 1.809473112235854275e-01 1.697642480334553561e-01 9.366379998848932686e-01 5.098938512983874904e-02 7.247485357594665167e-01 7.563361484858491801e-01 3.825842882796227640e-01 5.753541765277941922e-01 1.808695177708820045e-01 1.120445036302366582e-01 9.818256859660832170e-01 9.466818600892935587e-01 4.379374635300556928e-01 6.266441622934150191e-01 5.206666455579480601e-01 9.469395678733182331e-01 6.396640043982938506e-01 6.134355328291056786e-01 4.488656306533412854e-01 5.282803720267045255e-01 9.574307269831594525e-01
2.827238854615027330e-01 8.490503761979910635e-01 6.916536756112398043e-01 5.699081445871845286e-01 6.620423040339175058e-01 6.983439747236747097e-01 8.884080359874586552e-01 3.234849508634519699e-01 8.983355634988292593e-01 7.929760074588121377e-02 3.557759195221640303e-01 1.985685329562969503e-02 8.435345688548065990e-01 8.204014151795480103e-02 0.000000000000000000e+00 6.292253840999643133e-01 7.399614721870929612e-01 1.002869516561997187e-01 8.578051330983210709e-01 2.171599218348664317e-01 8.674994104577167242e-01 7.138607067084516977e-01 8.747474604703063816e-01 5.181198792820613797e-01 6.082088870616780829e-01 3.647928803563579292e-01 7.995801447791027750e-01 8.603152308055862507e-01 8.336416293617311402e-01 5.157962251075131066e-01 7.373330542344191940e-01 5.464553444642522573e-01 4.596464709965523143e-01 9.138698619080682928e-01 7.612189062199746781e-01 3.967754912333496531e-01 7.690331251612868568e-01 3.590270166028456389e-01 7.580259099158006553e-01 6.217305923788707389e-01
5.828247201490632801e-01 8.468993212619357891e-02 5.024150887189325898e-01 5.071660531974152564e-01 2.700994346969917137e-01 8.064960750800517220e-01 3.161535506098622772e-02 3.409195342183112265e-01 5.598428334814277152e-01 7.934009180201719857e-01 2.788228959456457989e-01 7.153036943207158327e-01 7.810630740300903430e-01 3.906609879132776353e-01 6.292253840999643133e-01 0.000000000000000000e+00 2.076235411725767532e-01 5.025611473981276278e-01 7.961851544297977590e-01 8.163527935237039346e-01 4.915122285129427393e-01 1.045891824736219222e-01 5.465014252904732972e-01 3.201390601040127182e-01 7.573176843900850663e-01 7.506438567672524265e-02 7.225529533175418795e-01 5.093446957247242945e-01 3.546740307147222548e-01 7.301000191096512770e-01 3.330031543789585546e-01 7.410532315652156310e-01 6.186152523733745578e-01 5.451434741598071287e-01 7.514228744511832758e-01 3.968846519645553572e-01 5.404913462461434781e-01 5.648207187223379666e-01 5.072740464792069304e-02 8.036965927186722203e-01
4.807893579323259114e-01 6.941882643022688759e-01 2.077141995536696539e-01 8.309238055695697955e-01 6.388448465352273287e-01 9.073321208108409142e-02 8.199024428477903470e-01 7.617960750469077169e-02 6.862338968866572575e-01 1.023114576074042326e-01 4.637276595620631880e-03 9.888140629692384609e-01 2.943940808213024729e-01 1.441468475164773277e-01 7.399614721870929612e-01 2.076235411725767532e-01 0.000000000000000000e+00 1.623357704811698721e-01 4.409312413543534648e-01 7.742839942288497479e-01 6.642794900730293328e-01 9.243481496157701649e-01 9.461470549140862385e-01 9.255875038082717055e-01 3.431140177159954785e-01 8.950850590995914624e-01 3.397639142347045338e-01 5.066465114677261017e-01 3.314762151996449857e-01 4.064862028505460412e-01 2.677133119394925487e-02 4.254861654867009291e-01 8.232998558452463422e-01 9.633120661752875291e-01 6.528046950269660309e-01 7.188532639387410494e-01 2.878735742195787095e-01 9.494082289281812193e-01 3.224444973406564996e-01 3.746893936149617854e-01
5.859275354970635563e-01 7.726263372842767652e-03 3.797535900885247173e-01 7.752243067614451588e-01 7.619314044310134815e-01 8.704154680010036671e-01 4.319544170376510284e-01 3.598800527403601679e-01 1.955529779040435789e-01 6.959669040894659320e-01 6.421346313651937754e-01 9.345803658917115619e-01 3.704762824888405692e-01 8.072305900430695180e-01 1.002869516561997187e-01 5.025611473981276278e-01 1.623357704811698721e-01 0.000000000000000000e+00 3.516595880083991377e-01 3.532121632822788904e-01 4.126297833560444994e-01 8.194273065872476058e-01 7.387174524056422387e-01 7.497789809772095193e-01 2.082956974580553178e-01 6.650126154402754564e-01 6.164295667129305878e-01 1.395637815181416386e-02 7.158951328753566656e-01 3.443012128698299534e-01 5.865290425159090937e-01 7.946314114252913674e-01 6.338481807864677631e-01 5.221953990147947255e-01 5.390929002856815755e-01 4.043549816646887507e-01 5.999549287369837502e-01 9.509317538581074647e-02 3.844013921033150316e-01 8.387716427888501913e-01
9.275430137325323399e-01 2.107910965970331008e-01 1.927852840478271323e-01 3.039171748298374887e-03 2.254533084757293082e-02 9.181905572200174115e-01 5.675596480275203470e-01 9.668702163484663714e-01 7.585798694784849916e-01 6.775497052666135112e-01 9.150445287791740823e-01 9.662340534571571826e-01 8.780985711752320455e-02 1.616984498686963034e-01 8.578051330983210709e-01 7.961851544297977590e-01 4.409312413543534648e-01 3.516595880083991377e-01 0.000000000000000000e+00 1.383120246379161422e-01 3.241128552257166451e-01 6.289648812799417676e-01 3.401565186225553594e-01 4.127931774534602249e-01 4.670638904738944053e-02 3.194033288935264059e-01 6.724756661264156277e-01 1.263871169430568209e-01 2.648507635659648196e-01 2.548393774646781074e-01 9.407707356327301707e-01 7.462767940968995095e-02 9.228185251749174700e-01 7.167196875890180507e-02 3.544546237684986778e-01 8.115643325511898709e-01 7.788556328852798138e-01 1.989665547125085698e-02 2.160099298021589398e-02 6.319624212298620147e-01
3.703318767482521867e-01 9.828418384293481358e-01 6.632076559456482334e-01 1.411355750419192034e-01 8.111232286142915360e-01 5.005953505258311509e-01 6.352432605484623629e-01 5.971173157796952902e-01 4.687464577545403799e-01 4.062586527869267439e-01 4.002980062171712650e-02 6.154160664559055194e-01 1.241608592428278257e-03 1.809473112235854275e-01 2.171599218348664317e-01 8.163527935237039346e-01 7.742839942288497479e-01 3.532121632822788904e-01 1.383120246379161422e-01 0.000000000000000000e+00 9.861920484509509865e-01 6.809997381605337186e-01 9.942618903670745745e-01 1.724076624080413955e-01 4.727943971020529546e-01 7.812978030074310132e-01 1.409712702746553914e-01 7.728541922500198336e-02 6.641802106957457319e-01 5.681132476280158494e-01 8.015568944934921003e-01 4.377957382747251769e-01 9.955275529259268730e-01 9.475949552445760427e-01 4.656931514266499095e-01 9.626870726637524189e-01 2.745727932691632844e-01 1.137618566822873323e-01 1.978672890668099482e-01 7.246004285361409281e-01
8.840121093901522897e-01 9.503844415520414923e-01 1.815788827310779174e-01 6.147953790905726912e-01 9.758030999126894312e-01 3.113757870451153709e-01 5.730517453815683337e-01 2.237830393316605493e-01 5.015737611738423363e-01 9.559392621497748710e-01 2.354536229601295050e-01 2.212959411186535830e-01 4.336505173001486968e-01 1.697642480334553561e-01 8.674994104577167242e-01 4.915122285129427393e-01 6.642794900730293328e-01 4.126297833560444994e-01 3.241128552257166451e-01 9.861920484509509865e-01 0.000000000000000000e+00 3.265957746889036617e-02 2.250001698539356720e-01 1.250930320939335205e-01 3.387169857172500631e-01 5.664646336073143607e-01 2.506698149855997038e-01 4.916785177086033798e-01 7.429716396738819117e-01 5.424291608248925645e-01 5.011910437536953866e-01 1.993721085573221252e-01 8.493841970142816944e-01 2.906615753832897386e-01 3.341685539054413123e-01 1.620546618673368577e-01 3.184881410957185466e-03 1.097773810454971688e-02 9.872390422611551086e-01 2.497312213783104973e-01
9.740072067644193199e-01 1.299161461358097069e-01 7.081532672402786055e-01 4.503138079162425367e-01 4.415949060484610778e-01 3.093241422987316191e-01 3.410960264228592997e-01 1.610225064626242819e-01 2.579402499139763494e-01 6.039503868600637482e-03 7.973156554956901676e-01 7.596014693986442579e-01 8.917648152752065682e-01 9.366379998848932686e-01 7.138607067084516977e-01 1.045891824736219222e-01 9.243481496157701649e-01 8.194273065872476058e-01 6.289648812799417676e-01 6.809997381605337186e-01 3.265957746889036617e-02 0.000000000000000000e+00 1.494099509521759073e-01 7.732735221936273273e-01 4.513207259154686790e-01 4.526749363605182541e-01 7.872647242451822347e-01 3.535603412873974394e-01 6.634293788307081829e-01 4.674608231383470258e-01 4.935633589700938462e-02 4.092840048417716314e-01 3.865727761189418077e-01 6.855150565330452306e-01 1.887363307546671143e-01 8.697644952733906143e-01 3.981271242064047255e-01 4.982911286085613956e-01 9.391671244186823309e-01 8.137325406446430653e-01
7.504640624939206139e-01 8.782513138730208002e-02 8.766296189042638298e-01 6.551198537277791445e-02 2.030216130553162968e-01 4.138650196018711647e-02 8.665520449882888609e-01 7.113918738791672469e-01 4.769283702536032399e-01 7.462003067459707095e-01 7.093605288227271544e-01 7.717117663430979047e-01 9.355325757289791877e-01 5.098938512983874904e-02 8.747474604703063816e-01 5.465014252904732972e-01 9.461470549140862385e-01 7.387174524056422387e-01 3.401565186225553594e-01 9.942618903670745745e-01 2.250001698539356720e-01 1.494099509521759073e-01 0.000000000000000000e+00 6.643552168497123267e-01 2.333079785107083914e-01 8.251254955977367356e-01 5.597822273720348685e-01 1.455037811208610421e-01 4.024165452928644138e-01 6.776233216958140737e-01 8.007339643712814148e-01 2.400479711947216543e-01 5.801170172082995569e-01 8.477146435181501793e-01 8.297240802287372263e-01 5.521183827235598418e-01 6.538381551602084896e-01 8.340550762185013900e-01 9.385587478422753316e-01 5.378723171676010884e-01
5.330325686262417095e-01 4.662864066020235843e-01 9.781407897943137364e-01 5.220990495170687584e-01 5.146977360656408429e-01 7.431157613457139988e-01 3.260175476281119700e-01 3.800998322983251132e-02 3.009110767568058398e-01 1.239381725148567259e-01 3.901119691151022639e-02 7.571414323686898040e-01 2.883735660190892558e-01 7.247485357594665167e-01 5.181198792820613797e-01 3.201390601040127182e-01 9.255875038082717055e-01 7.497789809772095193e-01 4.127931774534602249e-01 1.724076624080413955e-01 1.250930320939335205e-01 7.732735221936273273e-01 6.643552168497123267e-01 0.000000000000000000e+00 9.754317151894751348e-01 6.870310882441940104e-01 4.755461754302409139e-01 4.408198493085541125e-01 1.524997479557999025e-01 9.361435107271682821e-01 9.191836294292820009e-01 2.551186382756890358e-01 3.573916547605965333e-01 9.314704637152848576e-02 9.361047677911984444e-01 4.592614043990275174e-01 6.138532199828516944e-01 9.218305867243369311e-01 6.818551896618370023e-01 8.756045607095482852e-01
9.463162359252107469e-01 4.712490207943620391e-03 4.362617682905166605e-01 2.569782742212082249e-01 8.218244568428233476e-01 4.262356188163903825e-01 2.171883290238528774e-01 7.631352634597354800e-03 4.276403602978651186e-01 4.295419888402444153e-01 6.572618943869281694e-01 7.700009511310190735e-02 3.579669242920191508e-02 7.563361484858491801e-01 6.082088870616780829e-01 7.573176843900850663e-01 3.431140177159954785e-01 2.082956974580553178e-01 4.670638904738944053e-02 4.727943971020529546e-01 3.387169857172500631e-01 4.513207259154686790e-01 2.333079785107083914e-01 9.754317151894751348e-01 0.000000000000000000e+00 6.220453086561097411e-01 2.121814500717237317e-01 9.997761879139751562e-01 2.131866963701100071e-01 7.152648570515136583e-01 7.292532200562557021e-01 3.730994571194699017e-01 3.807779433214856235e-01 1.312152755576864172e-01 2.503456137949344740e-02 3.217861291875617757e-01 6.660487575023513740e-01 2.800933456824743484e-01 3.733093702381115042e-01 5.845556903684753225e-01
4.091200546540767480e-01 7.974017717356544077e-01 2.878220637452371111e-01 6.340775848537762993e-01 2.569775761056340979e-01 5.626621454313615045e-01 7.202862355222164892e-01 4.933666411380793759e-01 1.236833337990638215e-01 3.448667606840263300e-01 3.773685644917448290e-01 3.414115125559010755e-01 9.648516841712537762e-01 3.825842882796227640e-01 3.647928803563579292e-01 7.506438567672524265e-02 8.950850590995914624e-01 6.650126154402754564e-01 3.194033288935264059e-01 7.812978030074310132e-01 5.664646336073143607e-01 4.526749363605182541e-01 8.251254955977367356e-01 6.870310882441940104e-01 6.220453086561097411e-01 0.000000000000000000e+00 3.173866783088391541e-01 5.024143531468749924e-01 9.716274998437463006e-01 4.357720112084657593e-01 2.042513235221088408e-03 7.403849889217251068e-02 9.175034841683471498e-03 5.207204728703175300e-01 1.604762944380500045e-04 9.049170016428821350e-01 2.098724854161791997e-01 8.082056285011965935e-01 1.295609054751003519e-01 7.787611003164328638e-01
6.079369634492615138e-02 3.482533491908812451e-02 8.673875226932097338e-01 9.940695038816772522e-01 2.773270441832940136e-01 5.932176350949495136e-01 4.845275187745530232e-01 2.464095489728072019e-01 8.475449019460176148e-01 7.399786791698919064e-01 5.719526238740231250e-01 5.813896041231225720e-02 3.011488120582614947e-01 5.753541765277941922e-01 7.995801447791027750e-01 7.225529533175418795e-01 3.397639142347045338e-01 6.164295667129305878e-01 6.724756661264156277e-01 1.409712702746553914e-01 2.506698149855997038e-01 7.872647242451822347e-01 5.597822273720348685e-01 4.755461754302409139e-01 2.121814500717237317e-01 3.173866783088391541e-01 0.000000000000000000e+00 9.601935965863367395e-01 5.959908497523489501e-01 1.655556137204498013e-01 1.761922629647082461e-01 3.864478961752393360e-02 6.999881053180307955e-01 6.603174434828331663e-01 4.652843962728244742e-01 7.318056709051098396e-01 5.621641495476272787e-01 2.639630059333989420e-01 8.306950405357789169e-01 3.595770548657988286e-01
6.803102500141484654e-01 4.196739937754359051e-01 5.470969277874071501e-02 2.265938755215657352e-02 3.813604255154247058e-01 9.020824050185887177e-01 9.059407435705099099e-01 9.253524866846621899e-01 2.941224169158408452e-01 7.142695095733955224e-01 4.947795497305429446e-02 3.511013613978885006e-01 8.417756136927861954e-01 1.808695177708820045e-01 8.603152308055862507e-01 5.093446957247242945e-01 5.066465114677261017e-01 1.395637815181416386e-02 1.263871169430568209e-01 7.728541922500198336e-02 4.916785177086033798e-01 3.535603412873974394e-01 1.455037811208610421e-01 4.408198493085541125e-01 9.997761879139751562e-01 5.024143531468749924e-01 9.601935965863367395e-01 0.000000000000000000e+00 4.747700928326162861e-01 3.092922274863604271e-01 3.709797371180605374e-01 9.487497484290086103e-02 2.513628577514185336e-01 2.600603094028361983e-01 5.672899241608345688e-01 1.339426513708299460e-01 3.099371791286624767e-01 1.613006437574635576e-01 1.457453170923164176e-01 8.953414098691228062e-01
3.859923101711794091e-01 7.387633376471953728e-01 2.935975721053291077e-01 6.136730902894116380e-01 6.438192140937069041e-01 2.862468741838242181e-01 4.599051031986334248e-01 4.190371415975363556e-01 5.330569981867698814e-01 4.300096939617388259e-01 9.395881590317231025e-01 4.266374703368116528e-01 7.849764978815051419e-01 1.120445036302366582e-01 8.336416293617311402e-01 3.546740307147222548e-01 3.314762151996449857e-01 7.158951328753566656e-01 2.648507635659648196e-01 6.641802106957457319e-01 7.429716396738819117e-01 6.634293788307081829e-01 4.024165452928644138e-01 1.524997479557999025e-01 2.131866963701100071e-01 9.716274998437463006e-01 5.959908497523489501e-01 4.747700928326162861e-01 0.000000000000000000e+00 1.839971865328221545e-01 4.595643517540037859e-02 4.951876026948205389e-01 9.321608151344891180e-01 4.162003331226914460e-01 6.393887766016301821e-01 5.735873092501607706e-01 5.500322379702540232e-01 3.883299321351355582e-01 8.526626264258416743e-01 2.290000080545194772e-01
1.497440941381640300e-01 6.142035529534694005e-01 4.502807751884005949e-01 6.435163017967554522e-01 1.903071723159377449e-02 2.131113148386757361e-01 7.269380915590939463e-02 9.810487831378928991e-01 4.238986911520946643e-01 2.534566380054050772e-01 4.880135230429964999e-01 2.439786137952619782e-01 7.703240982959285166e-01 9.818256859660832170e-01 5.157962251075131066e-01 7.301000191096512770e-01 4.064862028505460412e-01 3.443012128698299534e-01 2.548393774646781074e-01 5.681132476280158494e-01 5.424291608248925645e-01 4.674608231383470258e-01 6.776233216958140737e-01 9.361435107271682821e-01 7.152648570515136583e-01 4.357720112084657593e-01 1.655556137204498013e-01 3.092922274863604271e-01 1.839971865328221545e-01 0.000000000000000000e+00 3.949372620565773095e-01 5.706566518745747052e-01 5.108942702663843427e-01 7.576136282867642624e-01 4.563728954121319958e-01 9.232883783462240146e-01 2.284119056689816185e-01 5.117400358544281769e-01 5.183272438911776803e-01 6.982438620297551912e-01
8.186406050834160730e-01 2.187682735921652188e-01 8.188596065885335173e-01 2.066799186213004180e-01 8.573296499214644317e-01 5.460858522020742845e-01 8.794204283595149496e-01 5.522737914240773982e-01 2.335036734605924202e-01 9.171056385698228564e-01 3.680194958022946494e-01 4.043703341878822632e-01 6.037038015662110624e-01 9.466818600892935587e-01 7.373330542344191940e-01 3.330031543789585546e-01 2.677133119394925487e-02 5.865290425159090937e-01 9.407707356327301707e-01 8.015568944934921003e-01 5.011910437536953866e-01 4.935633589700938462e-02 8.007339643712814148e-01 9.191836294292820009e-01 7.292532200562557021e-01 2.042513235221088408e-03 1.761922629647082461e-01 3.709797371180605374e-01 4.595643517540037859e-02 3.949372620565773095e-01 0.000000000000000000e+00 6.944453664534144810e-01 1.601084340399798744e-01 1.125326909388093544e-01 7.020237260427159010e-01 5.267048248631025498e-01 6.539346264895270489e-01 9.081720336523126935e-01 7.411846338113812216e-01 2.929180479596992237e-01
9.532313670931469307e-02 7.074600387849729888e-01 7.323040834795156995e-01 1.656728399379768790e-01 6.113956897625686393e-01 8.051405938903306581e-01 9.109516600476098569e-01 9.956629677505093312e-01 6.164038024383996506e-01 2.494930814691751486e-01 6.273849955766934716e-01 4.715034387603923571e-01 3.502338152082129508e-02 4.379374635300556928e-01 5.464553444642522573e-01 7.410532315652156310e-01 4.254861654867009291e-01 7.946314114252913674e-01 7.462767940968995095e-02 4.377957382747251769e-01 1.993721085573221252e-01 4.092840048417716314e-01 2.400479711947216543e-01 2.551186382756890358e-01 3.730994571194699017e-01 7.403849889217251068e-02 3.864478961752393360e-02 9.487497484290086103e-02 4.951876026948205389e-01 5.706566518745747052e-01 6.944453664534144810e-01 0.000000000000000000e+00 3.492766903568982340e-01 7.485630931864343252e-01 9.663131690817261532e-02 7.755609737720130514e-01 6.952051024571761495e-01 7.132626761566370766e-01 7.531770332533550549e-01 3.912335208893128469e-01
8.456359970266853487e-01 3.593265985290955422e-01 9.125702201929749569e-01 8.969705027772710837e-01 4.626107722958745505e-01 4.685752196540201586e-01 6.040759405385905945e-01 9.143874490443005820e-01 1.277497209380665799e-01 9.505442240985018110e-02 2.027096121319171829e-02 1.243466832494732888e-02 9.403573923381879363e-01 6.266441622934150191e-01 4.596464709965523143e-01 6.186152523733745578e-01 8.232998558452463422e-01 6.338481807864677631e-01 9.228185251749174700e-01 9.955275529259268730e-01 8.493841970142816944e-01 3.865727761189418077e-01 5.801170172082995569e-01 3.573916547605965333e-01 3.807779433214856235e-01 9.175034841683471498e-03 6.999881053180307955e-01 2.513628577514185336e-01 9.321608151344891180e-01 5.108942702663843427e-01 1.601084340399798744e-01 3.492766903568982340e-01 0.000000000000000000e+00 2.957743268644124068e-01 7.136821866685709725e-01 9.926040896995194096e-01 1.865139441739545045e-01 5.383660749612297902e-01 9.515138910424542074e-01 9.868418802817439106e-01
7.280234788663250134e-01 2.755204794777812438e-01 4.323048482211285792e-01 4.359459725361319871e-01 9.026316983134607952e-02 3.105890987583734830e-01 4.305119695680669212e-01 2.529575856315379179e-01 8.511671627653040195e-01 5.181093512308517779e-01 4.794372218514564299e-02 8.660623030382240684e-01 2.303528217825124846e-01 5.206666455579480601e-01 9.138698619080682928e-01 5.451434741598071287e-01 9.633120661752875291e-01 5.221953990147947255e-01 7.167196875890180507e-02 9.475949552445760427e-01 2.906615753832897386e-01 6.855150565330452306e-01 8.477146435181501793e-01 9.314704637152848576e-02 1.312152755576864172e-01 5.207204728703175300e-01 6.603174434828331663e-01 2.600603094028361983e-01 4.162003331226914460e-01 7.576136282867642624e-01 1.125326909388093544e-01 7.485630931864343252e-01 2.957743268644124068e-01 0.000000000000000000e+00 2.011354156645172031e-01 6.153310429442188090e-01 8.084116820771113376e-01 9.226382259301327826e-01 1.624526584521132078e-01 6.314850521235827463e-01
4.407610827402133058e-01 6.725918831340104154e-01 8.267210169824568133e-03 4.909965637339389621e-01 8.482435549419522491e-01 1.460079702816938774e-01 3.356966237294047861e-01 3.597087395971136914e-01 5.339228170545902152e-01 5.191681927697028298e-01 3.736778396731177398e-01 9.456183733002881953e-01 1.610082282947469245e-01 9.469395678733182331e-01 7.612189062199746781e-01 7.514228744511832758e-01 6.528046950269660309e-01 5.390929002856815755e-01 3.544546237684986778e-01 4.656931514266499095e-01 3.341685539054413123e-01 1.887363307546671143e-01 8.297240802287372263e-01 9.361047677911984444e-01 2.503456137949344740e-02 1.604762944380500045e-04 4.652843962728244742e-01 5.672899241608345688e-01 6.393887766016301821e-01 4.563728954121319958e-01 7.020237260427159010e-01 9.663131690817261532e-02 7.136821866685709725e-01 2.011354156645172031e-01 0.000000000000000000e+00 3.750697159292113447e-01 6.888092472596980542e-01 8.596862397498793440e-01 7.458571875045340027e-01 4.469850457838503432e-01
4.773522499596545288e-01 1.301313847152538727e-01 4.486439942489638399e-01 2.608204141142993482e-01 6.417480796319529057e-01 8.788207414566896469e-01 7.580862246550494898e-01 3.357716888194912652e-01 5.506740362391848720e-03 3.485459892820135241e-01 4.591253343665570030e-01 6.607188884766019843e-01 6.089446071004394057e-01 6.396640043982938506e-01 3.967754912333496531e-01 3.968846519645553572e-01 7.188532639387410494e-01 4.043549816646887507e-01 8.115643325511898709e-01 9.626870726637524189e-01 1.620546618673368577e-01 8.697644952733906143e-01 5.521183827235598418e-01 4.592614043990275174e-01 3.217861291875617757e-01 9.049170016428821350e-01 7.318056709051098396e-01 1.339426513708299460e-01 5.735873092501607706e-01 9.232883783462240146e-01 5.267048248631025498e-01 7.755609737720130514e-01 9.926040896995194096e-01 6.153310429442188090e-01 3.750697159292113447e-01 0.000000000000000000e+00 1.204097417032808925e-01 4.673079806240683087e-01 4.060534393092222194e-01 5.766115235024135144e-01
2.820363692233547326e-01 4.331956325576284961e-01 1.063141433218737220e-01 3.349894319363799777e-02 1.939254240050519718e-01 5.282670413229972883e-01 1.098010189446663176e-03 2.139975911823013277e-01 8.006987868485609949e-01 7.540340363903585974e-02 8.378796772838513762e-01 4.923662683300298326e-01 1.438721253572959879e-01 6.134355328291056786e-01 7.690331251612868568e-01 5.404913462461434781e-01 2.878735742195787095e-01 5.999549287369837502e-01 7.788556328852798138e-01 2.745727932691632844e-01 3.184881410957185466e-03 3.981271242064047255e-01 6.538381551602084896e-01 6.138532199828516944e-01 6.660487575023513740e-01 2.098724854161791997e-01 5.621641495476272787e-01 3.099371791286624767e-01 5.500322379702540232e-01 2.284119056689816185e-01 6.539346264895270489e-01 6.952051024571761495e-01 1.865139441739545045e-01 8.084116820771113376e-01 6.888092472596980542e-01 1.204097417032808925e-01 0.000000000000000000e+00 8.671141072662612581e-01 1.774197394691195973e-01 6.864700021750925751e-01
2.239029437345219087e-02 4.044687803279667371e-02 6.573502074972654707e-01 5.749946385661086623e-01 3.417722221306731534e-01 5.147378491313804316e-01 5.995040216987483905e-01 9.822163970498710706e-01 8.100690903735662252e-01 5.643812721257519538e-01 3.727781125385465355e-01 3.583569077758858024e-01 1.885417060320437876e-01 4.488656306533412854e-01 3.590270166028456389e-01 5.648207187223379666e-01 9.494082289281812193e-01 9.509317538581074647e-02 1.989665547125085698e-02 1.137618566822873323e-01 1.097773810454971688e-02 4.982911286085613956e-01 8.340550762185013900e-01 9.218305867243369311e-01 2.800933456824743484e-01 8.082056285011965935e-01 2.639630059333989420e-01 1.613006437574635576e-01 3.883299321351355582e-01 5.117400358544281769e-01 9.081720336523126935e-01 7.132626761566370766e-01 5.383660749612297902e-01 9.226382259301327826e-01 8.596862397498793440e-01 4.673079806240683087e-01 8.671141072662612581e-01 0.000000000000000000e+00 9.108659445569305957e-01 2.075115673162679641e-01
4.282611392104547221e-01 9.546477026397282017e-01 3.835531830762209937e-01 1.225630479370216630e-01 7.960226933737438726e-01 8.880934710324398518e-01 5.369925072057735171e-02 4.687158862949977189e-01 1.141207381328924741e-01 8.128717134831557889e-01 6.158494124585403018e-01 1.823920268844936299e-02 6.367905518984704472e-01 5.282803720267045255e-01 7.580259099158006553e-01 5.072740464792069304e-02 3.224444973406564996e-01 3.844013921033150316e-01 2.160099298021589398e-02 1.978672890668099482e-01 9.872390422611551086e-01 9.391671244186823309e-01 9.385587478422753316e-01 6.818551896618370023e-01 3.733093702381115042e-01 1.295609054751003519e-01 8.306950405357789169e-01 1.457453170923164176e-01 8.526626264258416743e-01 5.183272438911776803e-01 7.411846338113812216e-01 7.531770332533550549e-01 9.515138910424542074e-01 1.624526584521132078e-01 7.458571875045340027e-01 4.060534393092222194e-01 1.774197394691195973e-01 9.108659445569305957e-01 0.000000000000000000e+00 2.114147131530761392e-01
