0.000000000000000000e+00 9.645616830998485769e-01 6.357427978417005132e-01 7.787480136332489700e-01 8.394140665578312399e-01 5.885959133105020946e-01 7.493761158201982520e-01 3.231575777957759188e-01 8.298121524285781980e-01 5.084719983244746500e-01 4.278579731992783186e-01 4.078647281431396765e-01 3.207686464259182912e-01 9.204192962022386126e-01 5.989827780836306514e-01 2.745467146915836487e-02 3.308363263947156074e-01 6.019085852566704586e-01 3.364075963113710710e-02 4.586416980179586211e-03 2.687109178499125228e-01 3.182391570603838593e-01 5.652939858938705875e-01 6.015305551464630307e-01 9.400359534318100119e-01 7.010403785343474192e-01 9.946318363898112302e-01 4.627131314549828289e-01 6.814476013551620248e-01 7.490906519036758526e-01 1.320286699151205223e-01 2.353056027622292268e-01 5.560120021613269570e-01 3.774594942716370527e-01 8.745507507748581100e-01 5.195687995535680503e-02 5.331390713176670237e-01 8.004263013750376743e-01 1.666520272797086255e-01 9.238722506564390757e-01
9.645616830998485769e-01 0.000000000000000000e+00 5.401798631334474576e-01 5.031062223546333145e-01 7.564106096084983744e-01 6.427928880196580597e-01 4.165781479296610801e-01 6.335563889748219157e-01 9.731554820109138415e-01 8.830312935568240817e-04 5.053183337780530193e-01 2.979188144382158843e-01 8.237712715200188329e-01 8.513991351189796886e-01 7.615051883916335029e-02 1.126745969447042750e-01 4.641161840924854509e-01 7.915680389694268460e-02 9.739532837530747722e-01 3.854174695063885547e-01 3.051197488655622569e-01 8.178271753283463674e-01 7.753578299324791478e-01 7.387925595031102910e-01 8.472459661596316582e-01 9.022680517806543898e-01 4.312992682755947271e-01 6.988100605528924092e-01 3.446858524519591516e-01 6.991069518469703592e-01 5.541856384926984180e-01 7.014963932177549211e-01 5.991742254284756486e-01 8.683621845876458023e-01 6.031795402170846421e-01 1.268409586679272172e-01 9.111053645404044721e-01 9.184865944874456289e-01 1.476437344789778283e-01 9.405342680352244411e-01
6.357427978417005132e-01 5.401798631334474576e-01 0.000000000000000000e+00 7.647917694354017248e-01 4.076741758531299276e-02 5.605734277657914433e-02 8.049664833344135628e-01 6.062585932584135806e-01 7.504459684581054058e-01 8.513571133566396609e-01 1.854621341136548640e-01 3.057490435581474708e-01 7.032549743378557761e-01 6.923734169300943542e-01 3.809772341294574982e-01 6.662379727596260404e-01 8.629519737029049953e-01 3.885272824694363525e-02 1.771105127375748323e-01 8.299292062142293869e-01 1.624408178005556369e-01 4.845959539242784553e-01 6.083273039886739619e-01 3.068053756047109948e-01 7.355772942259860558e-01 2.741659585990698922e-01 1.620376539474486233e-01 2.289922974930191923e-01 4.741943836460422723e-01 9.089073983755875386e-01 8.230754074919386376e-01 2.444335944680475770e-01 3.538587191920400388e-01 9.189633918919131172e-01 1.454538218066103727e-01 9.992191413355173690e-01 4.067735326872680135e-01 5.355631821738864318e-01 8.561345559171500419e-01 7.742834223177272879e-01
7.787480136332489700e-01 5.031062223546333145e-01 7.647917694354017248e-01 0.000000000000000000e+00 5.431520511936536177e-01 9.228617704857232651e-01 7.085156380307233714e-01 8.895802236238870009e-01 3.993570958408243499e-03 8.632893297575465752e-01 4.818771949850101377e-01 7.499864455169980015e-01 2.136893278501538207e-01 8.845603095143452776e-01 2.127337302871675773e-01 9.402153047213189785e-01 3.207826779835792896e-01 7.051219264709434054e-01 2.345887642234800730e-01 8.005250698145164323e-01 2.395737126839251330e-01 2.799251899858117287e-01 7.950619197754370537e-01 5.731659654374752222e-01 4.846060486774990128e-01 5.980082056508738697e-01 3.428504777313272633e-01 2.268294414075245902e-01 9.370571612018530061e-02 3.601776111889946064e-01 7.837540015843367236e-01 6.784577752260095851e-01 4.517502300042318675e-01 8.053911561205251424e-01 2.200622004308669943e-01 3.678845939722558134e-01 5.895228189633612281e-01 1.522987176017325250e-01 7.927470815072003019e-01 4.531831163728151646e-01
8.394140665578312399e-01 7.564106096084983744e-01 4.076741758531299276e-02 5.431520511936536177e-01 0.000000000000000000e+00 6.215824027327691015e-01 4.491974553128376124e-01 9.176039452870310420e-02 6.418562798948718173e-01 5.283842379766220398e-01 3.407236929025374561e-01 3.179867237001147151e-01 4.909978510801653595e-01 7.300778457197899529e-01 3.501710372538511251e-01 9.482543773438960599e-01 9.661594525575001313e-01 2.908738262333853131e-01 9.903463366748943564e-02 6.191870269538163329e-01 7.341803851663025737e-01 9.293370577037586289e-01 5.788018673521629909e-01 8.988874128657453610e-03 8.776439458074029032e-01 3.332898162005719644e-01 1.673552395584744223e-01 8.250217702479250015e-01 3.039743130875852684e-01 8.629804450592539755e-01 3.387857265674570906e-01 3.030088530393552082e-01 3.347679420598848044e-01 9.265829561915257528e-01 9.334969590210531187e-01 3.004311089089051201e-03 4.160363739820887030e-01 9.306045428854969881e-01 6.262192908879679054e-01 4.376187538095295260e-01
5.885959133105020946e-01 6.427928880196580597e-01 5.605734277657914433e-02 9.228617704857232651e-01 6.215824027327691015e-01 0.000000000000000000e+00 9.617407254701753061e-01 2.333087336110026833e-01 1.467894189448295528e-01 3.259115190326986600e-01 5.390625318985192704e-01 9.470814487382626101e-01 7.117457767986170580e-01 7.677311116128635593e-01 9.008877490047126901e-01 5.642280382583055864e-01 5.792387005245118736e-01 1.696802514691416741e-01 3.566860795747917035e-01 5.455269084882401476e-01 5.785859713993739550e-01 5.062438765151505704e-01 8.992565338804405783e-01 7.562487415981035133e-01 4.951489134871245312e-01 1.965347787669595725e-01 6.398321478068771384e-01 9.213700838022550466e-01 6.989824121334242690e-02 2.402368387299682606e-01 1.338012044014466051e-01 1.425794601962298014e-01 4.716529379449915238e-01 8.749364069149448975e-01 4.333599520459125998e-01 9.886785531145829697e-01 5.149931719347045078e-01 6.707770239733756856e-02 9.813286514999541854e-01 5.366124713211783970e-01
7.493761158201982520e-01 4.165781479296610801e-01 8.049664833344135628e-01 7.085156380307233714e-01 4.491974553128376124e-01 9.617407254701753061e-01 0.000000000000000000e+00 6.651081529361170253e-01 4.584209915833764581e-01 7.925735837262771755e-01 3.707297605830514042e-01 7.884690759503731883e-01 3.075716321487981242e-01 7.089971945321276170e-01 3.054318553947052983e-01 4.069852132023651370e-01 3.273359159338854463e-01 2.958233212938787826e-02 3.408773742933537410e-01 9.021364508621330103e-01 5.267309285496319937e-01 8.447409036771402757e-02 5.680829810099952137e-01 8.711027834454576624e-01 1.196215147506629606e-02 6.914710584150353112e-01 7.145126016043457096e-01 2.921365386881722426e-01 6.962157739475393070e-01 6.732985004309310906e-02 5.657525694181910758e-01 7.593427786988288242e-01 4.369868944910633157e-01 4.353978973343382020e-01 7.700536258075713070e-01 1.779756843960025314e-01 1.868165778119502685e-01 5.584538637013573004e-01 2.582892354943147062e-01 1.464744818344140276e-01
3.231575777957759188e-01 6.335563889748219157e-01 6.062585932584135806e-01 8.895802236238870009e-01 9.176039452870310420e-02 2.333087336110026833e-01 6.651081529361170253e-01 0.000000000000000000e+00 9.871430546060577793e-01 3.731294946975959315e-01 5.692059286451547351e-01 4.030101375500324545e-01 4.584878175904416597e-02 4.741643792858256656e-01 9.121907086595648639e-01 7.074311489634336203e-01 4.494886459922875499e-02 4.322961910288308784e-01 7.176088184241847800e-01 5.143608056549231478e-03 4.451930509302444161e-01 2.877720365768199340e-02 9.017057017114682438e-01 1.251109415050593032e-01 8.149859942535538915e-01 2.070166683463605661e-01 5.087958692417939854e-01 9.358794525393019370e-01 5.913165047177493250e-02 8.319165132838279852e-02 6.078070196013477533e-01 5.064945620320653319e-01 5.239918329236311623e-01 6.707652182490171366e-01 3.081568366358820033e-01 4.753076524947671411e-01 4.933836235125255154e-01 6.426497032767004569e-01 4.972549404553763264e-01 6.369069008970573709e-02
8.298121524285781980e-01 9.731554820109138415e-01 7.504459684581054058e-01 3.993570958408243499e-03 6.418562798948718173e-01 1.467894189448295528e-01 4.584209915833764581e-01 9.871430546060577793e-01 0.000000000000000000e+00 7.563619558397127740e-02 7.505673262293993675e-01 2.869820040091194402e-01 6.580427910537164360e-01 4.735639409045919734e-01 2.804319738903870984e-01 2.030014113162958989e-02 9.768068435095705881e-01 5.271531852245137095e-02 4.644734761271004375e-01 5.322903330978390191e-02 6.488761220994770929e-01 1.573654934545456463e-01 6.427603914387388651e-01 3.798843548552830462e-01 4.004456815156915983e-01 8.845046815997189560e-01 3.529372254902941597e-01 2.910516911139893192e-01 4.506394759560856667e-01 1.897492978391634999e-02 7.383798235957007572e-01 3.961938897495118628e-01 4.751918320834510601e-01 6.221842749246000448e-01 2.386574873013140863e-01 5.834105908850973909e-01 7.657046929381419176e-01 9.473791003480762640e-01 8.642895680990089202e-01 9.089837169489294322e-01
5.084719983244746500e-01 8.830312935568240817e-04 8.513571133566396609e-01 8.632893297575465752e-01 5.283842379766220398e-01 3.259115190326986600e-01 7.925735837262771755e-01 3.731294946975959315e-01 7.563619558397127740e-02 0.000000000000000000e+00 9.392612686575078085e-01 7.740965660017506966e-01 3.555630153953617256e-01 2.363539461377269779e-01 3.272863206355911547e-01 6.270022646647344100e-01 7.897767934675441470e-01 4.289767064787681772e-01 9.004059142366391821e-01 3.268824357943376224e-01 2.831880143034744002e-01 8.254763685554398212e-01 2.000274242287078952e-01 7.732159466920260904e-01 8.553788059335720728e-01 5.884131868685612554e-01 7.263626486829934947e-01 1.696828170495104926e-01 3.507273497194234313e-01 9.152146756609169653e-02 8.954278427582168520e-01 9.236780207684329724e-01 4.892675390662122314e-01 7.335470916202255776e-01 1.805763873161215782e-01 3.655905142376556505e-01 2.486890493876421360e-01 6.144554686380128139e-01 4.009667391390677738e-01 9.680057326131645823e-01
4.278579731992783186e-01 5.053183337780530193e-01 1.854621341136548640e-01 4.818771949850101377e-01 3.407236929025374561e-01 5.390625318985192704e-01 3.707297605830514042e-01 5.692059286451547351e-01 7.505673262293993675e-01 9.392612686575078085e-01 0.000000000000000000e+00 7.137093427598333317e-01 9.444239160934521093e-01 2.466680978422234327e-01 2.526509994061365560e-01 5.562600007441764749e-01 1.013531528035076512e-01 4.263932447928888703e-01 7.126439120251524262e-01 9.183495053499369787e-01 4.161046364666367570e-01 2.233738171283217167e-02 8.465285755757984143e-01 3.282276753405922731e-01 1.570805391353478075e-01 2.130962300215388794e-02 7.565022357401385289e-02 5.938357230933466457e-02 5.370101044102182364e-01 2.898532316897215466e-01 8.305598295968833478e-01 8.499075703569178852e-01 7.210616643440392881e-02 7.906889344981782308e-02 7.506698509055899082e-01 4.818766601446783371e-01 8.284607408845798826e-01 8.485127680490321955e-01 6.956682324734235756e-01 4.462871087336318654e-01
4.078647281431396765e-01 2.979188144382158843e-01 3.057490435581474708e-01 7.499864455169980015e-01 3.179867237001147151e-01 9.470814487382626101e-01 7.884690759503731883e-01 4.030101375500324545e-01 2.869820040091194402e-01 7.740965660017506966e-01 7.137093427598333317e-01 0.000000000000000000e+00 9.539225474963042295e-01 4.256096495778818323e-01 4.668188497418388483e-01 3.554576760752630182e-01 1.586757065305860470e-01 8.518801408432957745e-01 1.659236935129378976e-01 9.819707340152187269e-01 9.775532273762378432e-01 4.084339260521718806e-01 1.324615693158551766e-01 5.988532685467048422e-01 3.173243687811588831e-01 9.761535224112305453e-02 7.239055425411766720e-02 9.060950678228969490e-01 4.111714156223194028e-01 9.044431874627373302e-01 3.591078221221791766e-01 1.049112429792372625e-01 4.872427343175002035e-01 4.023579747257398642e-01 5.439135301566105918e-01 9.841908921787871911e-01 1.001801845269798541e-01 2.542882075904230321e-01 5.119258666787288581e-01 4.975328507632805763e-01
3.207686464259182912e-01 8.237712715200188329e-01 7.032549743378557761e-01 2.136893278501538207e-01 4.909978510801653595e-01 7.117457767986170580e-01 3.075716321487981242e-01 4.584878175904416597e-02 6.580427910537164360e-01 3.555630153953617256e-01 9.444239160934521093e-01 9.539225474963042295e-01 0.000000000000000000e+00 5.623572471457336519e-01 8.423193673675987148e-01 6.436761683997136441e-01 2.331870831996130100e-02 1.949207796396921211e-01 6.690177924611713234e-01 5.985001495207447064e-01 6.090364219584932792e-01 7.232585994111420113e-01 6.879900580786111330e-01 3.933435396239239878e-01 1.484430945338861552e-01 1.515066439657204445e-01 3.082418295997235713e-02 6.763040184709607772e-01 4.851567097785254301e-01 8.069280797428544094e-01 1.227619804157709105e-02 7.899120483117990643e-01 5.027607747634241786e-01 5.021521983786765286e-01 5.020233639626834332e-01 3.074268945902819405e-01 8.446531034096770307e-01 7.356735439878803184e-02 3.786608804181336163e-01 3.550671449006967961e-01
9.204192962022386126e-01 8.513991351189796886e-01 6.923734169300943542e-01 8.845603095143452776e-01 7.300778457197899529e-01 7.677311116128635593e-01 7.089971945321276170e-01 4.741643792858256656e-01 4.735639409045919734e-01 2.363539461377269779e-01 2.466680978422234327e-01 4.256096495778818323e-01 5.623572471457336519e-01 0.000000000000000000e+00 1.836845554443307105e-01 9.157653954093050164e-01 6.627560784789480186e-01 2.830402778249818674e-02 7.359300239826347401e-01 2.118313076377930093e-01 8.250951537079154186e-02 6.823981165927217596e-01 3.018983348112111997e-01 8.072278488830842980e-01 7.977123858667148903e-01 7.897443839529704190e-01 6.003413649823019504e-01 7.032157647148004065e-01 8.140580441804737832e-01 3.177943025320216774e-01 1.636637131808177381e-01 1.816916663156384892e-01 9.361095332327878937e-01 8.762710435008015386e-01 6.265535059028159992e-03 5.642621577499148389e-01 2.756634408807850933e-01 1.237402361160599984e-01 9.710760826542396140e-01 4.495117394379755105e-02
5.989827780836306514e-01 7.615051883916335029e-02 3.809772341294574982e-01 2.127337302871675773e-01 3.501710372538511251e-01 9.008877490047126901e-01 3.054318553947052983e-01 9.121907086595648639e-01 2.804319738903870984e-01 3.272863206355911547e-01 2.526509994061365560e-01 4.668188497418388483e-01 8.423193673675987148e-01 1.836845554443307105e-01 0.000000000000000000e+00 8.996411441955630695e-01 1.929059660742681315e-01 6.300103063440074536e-01 3.881525888326287088e-02 4.246618519682098247e-01 2.533946798927875221e-01 4.979549083253039798e-01 6.151550127351620434e-01 2.785778591471265164e-01 2.028320795939345667e-01 4.575130900730538519e-01 3.788107903889477157e-01 6.203214382225097356e-01 6.902885466001420500e-01 9.429506349755464312e-01 7.603655335496561918e-03 2.204311016509663546e-02 5.368238852697377883e-01 2.584114508773202035e-01 5.579302285056694233e-01 7.988612647829484992e-01 8.376972660809497429e-01 1.790879972804644282e-01 7.347386108999940380e-01 8.417252805744800392e-01
2.745467146915836487e-02 1.126745969447042750e-01 6.662379727596260404e-01 9.402153047213189785e-01 9.482543773438960599e-01 5.642280382583055864e-01 4.069852132023651370e-01 7.074311489634336203e-01 2.030014113162958989e-02 6.270022646647344100e-01 5.562600007441764749e-01 3.554576760752630182e-01 6.436761683997136441e-01 9.157653954093050164e-01 8.996411441955630695e-01 0.000000000000000000e+00 6.033244115451534828e-01 7.955154607182935989e-01 2.114044998403676878e-01 1.544203243725280617e-01 3.354801037826133925e-01 9.420651504701833545e-01 2.737891122449964687e-01 5.431351132074485610e-01 7.760720708129692502e-01 7.795948056578358987e-01 6.843070491418210555e-01 4.085464999061215741e-01 1.866184229929436222e-01 3.680114649958073914e-01 5.545269916787282094e-01 2.438221443993420223e-01 1.824778177831776205e-02 1.751109351444414264e-01 8.273384877167495599e-01 5.016319496407939393e-02 8.863293515666808009e-01 8.207088132005743164e-01 6.384671191512236721e-01 5.227786405511949397e-01
3.308363263947156074e-01 4.641161840924854509e-01 8.629519737029049953e-01 3.207826779835792896e-01 9.661594525575001313e-01 5.792387005245118736e-01 3.273359159338854463e-01 4.494886459922875499e-02 9.768068435095705881e-01 7.897767934675441470e-01 1.013531528035076512e-01 1.586757065305860470e-01 2.331870831996130100e-02 6.627560784789480186e-01 1.929059660742681315e-01 6.033244115451534828e-01 0.000000000000000000e+00 1.573243702213964479e-01 8.055226906422571220e-01 1.596940992237902979e-01 8.534947170305752229e-01 7.970358235467666086e-01 5.862508197225283491e-01 7.884463811619171203e-01 6.328535199652025600e-01 8.018874293324944613e-01 6.538060398462256506e-01 1.735322816519238032e-01 7.811993071696098356e-01 1.614464345827870684e-02 2.436452668805120236e-01 5.291293894948322363e-01 3.384554403292854285e-01 9.319861446993886744e-01 1.273607628462496422e-01 8.888648296035109864e-01 3.700596878250335120e-01 2.337215716274513300e-01 5.862627920190781605e-01 2.008988800405319131e-01
6.019085852566704586e-01 7.915680389694268460e-02 3.885272824694363525e-02 7.051219264709434054e-01 2.908738262333853131e-01 1.696802514691416741e-01 2.958233212938787826e-02 4.322961910288308784e-01 5.271531852245137095e-02 4.289767064787681772e-01 4.263932447928888703e-01 8.518801408432957745e-01 1.949207796396921211e-01 2.830402778249818674e-02 6.300103063440074536e-01 7.955154607182935989e-01 1.573243702213964479e-01 0.000000000000000000e+00 4.148482138322853174e-01 3.040507743392983908e-02 6.454561528844312557e-01 5.573153929513913196e-01 3.538834042975591565e-02 3.151359262353778945e-01 4.008721274437033744e-01 4.120171037809357006e-01 3.545910156812337455e-01 7.795704898065144439e-01 9.740864185246813634e-01 1.937216864435068464e-01 5.247905222244272361e-01 3.192257111418640436e-01 3.069780927457531616e-01 8.523774408527750035e-01 3.460578480341097718e-01 3.324434279823773597e-02 7.393069904465235931e-01 4.777436348018154755e-01 6.821977425568731546e-01 6.159708186050297796e-01
3.364075963113710710e-02 9.739532837530747722e-01 1.771105127375748323e-01 2.345887642234800730e-01 9.903463366748943564e-02 3.566860795747917035e-01 3.408773742933537410e-01 7.176088184241847800e-01 4.644734761271004375e-01 9.004059142366391821e-01 7.126439120251524262e-01 1.659236935129378976e-01 6.690177924611713234e-01 7.359300239826347401e-01 3.881525888326287088e-02 2.114044998403676878e-01 8.055226906422571220e-01 4.148482138322853174e-01 0.000000000000000000e+00 1.619044606623180060e-01 9.590179346430831586e-01 6.930880235103527021e-01 9.383602651348615931e-01 7.575644992466611383e-01 9.839213202186145590e-01 3.599452268489655715e-01 7.254824553843683965e-01 9.935146222747891498e-01 6.404734994515126623e-02 5.912765967169628656e-01 5.332828226261362436e-01 5.082563775634366676e-01 7.334583891777067821e-01 9.797671668482728080e-01 1.443586028747846361e-01 7.771255926427730332e-01 6.683830955884154656e-01 1.889300067877442979e-01 3.029325958478169545e-01 8.932533943334941551e-01
4.586416980179586211e-03 3.854174695063885547e-01 8.299292062142293869e-01 8.005250698145164323e-01 6.191870269538163329e-01 5.455269084882401476e-01 9.021364508621330103e-01 5.143608056549231478e-03 5.322903330978390191e-02 3.268824357943376224e-01 9.183495053499369787e-01 9.819707340152187269e-01 5.985001495207447064e-01 2.118313076377930093e-01 4.246618519682098247e-01 1.544203243725280617e-01 1.596940992237902979e-01 3.040507743392983908e-02 1.619044606623180060e-01 0.000000000000000000e+00 2.075232014606567255e-01 2.322203693794461232e-01 4.481610373480570120e-01 4.624811150887450095e-01 9.720534260989188713e-02 9.773918544840719536e-01 4.371668583010152043e-01 9.518096292332978159e-01 5.012571740677256305e-01 1.008730864354978607e-02 7.025272302088789722e-01 3.418374745245555957e-01 9.075609964450621625e-01 7.472635052460837590e-01 6.889481594558835020e-01 6.400308111632914132e-01 5.126309816276503062e-01 4.968976621160546836e-01 1.527614362594637010e-01 3.874003926687685784e-03
2.687109178499125228e-01 3.051197488655622569e-01 1.624408178005556369e-01 2.395737126839251330e-01 7.341803851663025737e-01 5.785859713993739550e-01 5.267309285496319937e-01 4.451930509302444161e-01 6.488761220994770929e-01 2.831880143034744002e-01 4.161046364666367570e-01 9.775532273762378432e-01 6.090364219584932792e-01 8.250951537079154186e-02 2.533946798927875221e-01 3.354801037826133925e-01 8.534947170305752229e-01 6.454561528844312557e-01 9.590179346430831586e-01 2.075232014606567255e-01 0.000000000000000000e+00 8.726796215616103858e-01 2.989848486589269383e-01 3.030621697041788742e-01 9.757112255315749660e-01 3.641295300250607658e-01 8.386562587326364948e-01 8.300922677404725114e-01 6.215885235667099051e-01 2.574070827160550579e-01 3.427309387029663368e-01 3.105480134752895971e-01 4.657562945428160850e-01 8.005698138704128164e-01 5.997805731146688135e-02 4.329582715851798547e-01 5.296804556792422680e-01 6.540501558941198557e-01 9.859421181170359150e-01 2.717792678601274048e-01
3.182391570603838593e-01 8.178271753283463674e-01 4.845959539242784553e-01 2.799251899858117287e-01 9.293370577037586289e-01 5.062438765151505704e-01 8.447409036771402757e-02 2.877720365768199340e-02 1.573654934545456463e-01 8.254763685554398212e-01 2.233738171283217167e-02 4.084339260521718806e-01 7.232585994111420113e-01 6.823981165927217596e-01 4.979549083253039798e-01 9.420651504701833545e-01 7.970358235467666086e-01 5.573153929513913196e-01 6.930880235103527021e-01 2.322203693794461232e-01 8.726796215616103858e-01 0.000000000000000000e+00 1.207171020424873120e-01 3.121980196363077775e-01 1.685966680356950631e-01 4.381628034857041332e-01 7.811967165617217379e-01 4.941382623114700667e-01 4.351493245850228675e-01 2.682453787541804191e-01 1.401343858880992332e-01 9.688757518200937779e-01 6.991185890453054386e-01 9.600418219370460138e-01 9.764774143511286697e-01 3.041442607033366663e-01 8.108191655536833853e-01 5.165587790387051736e-01 6.475504147255617404e-03 4.510621076612756353e-01
5.652939858938705875e-01 7.753578299324791478e-01 6.083273039886739619e-01 7.950619197754370537e-01 5.788018673521629909e-01 8.992565338804405783e-01 5.680829810099952137e-01 9.017057017114682438e-01 6.427603914387388651e-01 2.000274242287078952e-01 8.465285755757984143e-01 1.324615693158551766e-01 6.879900580786111330e-01 3.018983348112111997e-01 6.151550127351620434e-01 2.737891122449964687e-01 5.862508197225283491e-01 3.538834042975591565e-02 9.383602651348615931e-01 4.481610373480570120e-01 2.989848486589269383e-01 1.207171020424873120e-01 0.000000000000000000e+00 5.393003799405896581e-01 7.687449305265432464e-01 4.687675527933865549e-01 4.780026924073063066e-01 8.357627944430039424e-01 5.017283087068231673e-01 8.474309871092156055e-01 3.408903759076162832e-01 5.536607961606496708e-01 2.928323579314552338e-01 5.192546684424195202e-01 7.416551771308691476e-01 3.404715401300300037e-01 8.142213890677763022e-02 8.424384747150324149e-01 4.034555225139561108e-01 8.621237315091934139e-01
6.015305551464630307e-01 7.387925595031102910e-01 3.068053756047109948e-01 5.731659654374752222e-01 8.988874128657453610e-03 7.562487415981035133e-01 8.711027834454576624e-01 1.251109415050593032e-01 3.798843548552830462e-01 7.732159466920260904e-01 3.282276753405922731e-01 5.988532685467048422e-01 3.933435396239239878e-01 8.072278488830842980e-01 2.785778591471265164e-01 5.431351132074485610e-01 7.884463811619171203e-01 3.151359262353778945e-01 7.575644992466611383e-01 4.624811150887450095e-01 3.030621697041788742e-01 3.121980196363077775e-01 5.393003799405896581e-01 0.000000000000000000e+00 9.861943821929647358e-01 5.431145923979141532e-02 9.628714257611613592e-01 8.424989649114306145e-01 6.858022644553304348e-01 1.967092604506197606e-01 7.331047421334584424e-01 2.961209326780476214e-01 8.648156854048186792e-01 1.702725761098361490e-01 3.200711785091248096e-01 3.520791326945558186e-01 3.052784785946658364e-01 2.393852615201979006e-01 8.789318044329379465e-01 3.826703163679238129e-01
9.400359534318100119e-01 8.472459661596316582e-01 7.355772942259860558e-01 4.846060486774990128e-01 8.776439458074029032e-01 4.951489134871245312e-01 1.196215147506629606e-02 8.149859942535538915e-01 4.004456815156915983e-01 8.553788059335720728e-01 1.570805391353478075e-01 3.173243687811588831e-01 1.484430945338861552e-01 7.977123858667148903e-01 2.028320795939345667e-01 7.760720708129692502e-01 6.328535199652025600e-01 4.008721274437033744e-01 9.839213202186145590e-01 9.720534260989188713e-02 9.757112255315749660e-01 1.685966680356950631e-01 7.687449305265432464e-01 9.861943821929647358e-01 0.000000000000000000e+00 6.635689277820921994e-02 9.576265980643321463e-01 9.088726626069186798e-01 9.521907372970772609e-02 5.650758347030035988e-01 9.060666612561558697e-01 4.205443679261688938e-01 2.029692193298308078e-01 1.864596876674572412e-01 9.634855689165066073e-01 2.433230939450655717e-01 8.118034368658664235e-01 9.522679540917633467e-01 4.226214912562248349e-01 8.985831631068743608e-01
7.010403785343474192e-01 9.022680517806543898e-01 2.741659585990698922e-01 5.980082056508738697e-01 3.332898162005719644e-01 1.965347787669595725e-01 6.914710584150353112e-01 2.070166683463605661e-01 8.845046815997189560e-01 5.884131868685612554e-01 2.130962300215388794e-02 9.761535224112305453e-02 1.515066439657204445e-01 7.897443839529704190e-01 4.575130900730538519e-01 7.795948056578358987e-01 8.018874293324944613e-01 4.120171037809357006e-01 3.599452268489655715e-01 9.773918544840719536e-01 3.641295300250607658e-01 4.381628034857041332e-01 4.687675527933865549e-01 5.431145923979141532e-02 6.635689277820921994e-02 0.000000000000000000e+00 4.551489952889720136e-01 2.629252176876329949e-01 1.131512211720033800e-01 9.683015977613048664e-01 4.994138470011771913e-01 3.750276148418790756e-01 8.701333676924905003e-02 4.135782883041421165e-01 2.220509141784064999e-01 7.585046527499306190e-02 8.471111861542673926e-01 6.322686770907637310e-04 7.539042269929180362e-01 1.928342322193327130e-01
9.946318363898112302e-01 4.312992682755947271e-01 1.620376539474486233e-01 3.428504777313272633e-01 1.673552395584744223e-01 6.398321478068771384e-01 7.145126016043457096e-01 5.087958692417939854e-01 3.529372254902941597e-01 7.263626486829934947e-01 7.565022357401385289e-02 7.239055425411766720e-02 3.082418295997235713e-02 6.003413649823019504e-01 3.788107903889477157e-01 6.843070491418210555e-01 6.538060398462256506e-01 3.545910156812337455e-01 7.254824553843683965e-01 4.371668583010152043e-01 8.386562587326364948e-01 7.811967165617217379e-01 4.780026924073063066e-01 9.628714257611613592e-01 9.576265980643321463e-01 4.551489952889720136e-01 0.000000000000000000e+00 5.053778571800719988e-01 5.954073841696965186e-01 2.223460498186058398e-01 3.123882050923679765e-01 2.266434913415071861e-02 5.813866267160682222e-01 5.109883945557214258e-01 7.871064191042053126e-01 3.840573265156022043e-02 4.956592672103302677e-01 6.139912258574391490e-01 8.399749194704537736e-01 9.170180760721672319e-01
4.627131314549828289e-01 6.988100605528924092e-01 2.289922974930191923e-01 2.268294414075245902e-01 8.250217702479250015e-01 9.213700838022550466e-01 2.921365386881722426e-01 9.358794525393019370e-01 2.910516911139893192e-01 1.696828170495104926e-01 5.938357230933466457e-02 9.060950678228969490e-01 6.763040184709607772e-01 7.032157647148004065e-01 6.203214382225097356e-01 4.085464999061215741e-01 1.735322816519238032e-01 7.795704898065144439e-01 9.935146222747891498e-01 9.518096292332978159e-01 8.300922677404725114e-01 4.941382623114700667e-01 8.357627944430039424e-01 8.424989649114306145e-01 9.088726626069186798e-01 2.629252176876329949e-01 5.053778571800719988e-01 0.000000000000000000e+00 1.459251317016623251e-01 2.150220543088657843e-01 6.362458670855051235e-01 7.973618188887174885e-01 6.560530908856726517e-01 2.831912888512188031e-01 3.087939892267618225e-01 6.893936434127181379e-01 6.400122002750393557e-01 8.620877858245573622e-01 9.813499464742663214e-01 3.600606420931729001e-02
6.814476013551620248e-01 3.446858524519591516e-01 4.741943836460422723e-01 9.370571612018530061e-02 3.039743130875852684e-01 6.989824121334242690e-02 6.962157739475393070e-01 5.913165047177493250e-02 4.506394759560856667e-01 3.507273497194234313e-01 5.370101044102182364e-01 4.111714156223194028e-01 4.851567097785254301e-01 8.140580441804737832e-01 6.902885466001420500e-01 1.866184229929436222e-01 7.811993071696098356e-01 9.740864185246813634e-01 6.404734994515126623e-02 5.012571740677256305e-01 6.215885235667099051e-01 4.351493245850228675e-01 5.017283087068231673e-01 6.858022644553304348e-01 9.521907372970772609e-02 1.131512211720033800e-01 5.954073841696965186e-01 1.459251317016623251e-01 0.000000000000000000e+00 4.053585932041108286e-01 4.297696065109753993e-01 8.090843661016823285e-01 5.077231503356773867e-01 4.207257300832655256e-01 9.574246044114186338e-01 1.102476606623573607e-01 3.038863854403093256e-01 1.198829598977896316e-01 3.437191282785504454e-01 6.203988238930150390e-01
7.490906519036758526e-01 6.991069518469703592e-01 9.089073983755875386e-01 3.601776111889946064e-01 8.629804450592539755e-01 2.402368387299682606e-01 6.732985004309310906e-02 8.319165132838279852e-02 1.897492978391634999e-02 9.152146756609169653e-02 2.898532316897215466e-01 9.044431874627373302e-01 8.069280797428544094e-01 3.177943025320216774e-01 9.429506349755464312e-01 3.680114649958073914e-01 1.614464345827870684e-02 1.937216864435068464e-01 5.912765967169628656e-01 1.008730864354978607e-02 2.574070827160550579e-01 2.682453787541804191e-01 8.474309871092156055e-01 1.967092604506197606e-01 5.650758347030035988e-01 9.683015977613048664e-01 2.223460498186058398e-01 2.150220543088657843e-01 4.053585932041108286e-01 0.000000000000000000e+00 2.132714049941106804e-01 8.440893524351805732e-01 8.346049168086553394e-01 2.791236978767090982e-01 8.267095444133292226e-01 8.407421671297571342e-01 2.506011359153054174e-01 4.349991229246646940e-01 3.430365453185931779e-01 2.509584839028178305e-01
1.320286699151205223e-01 5.541856384926984180e-01 8.230754074919386376e-01 7.837540015843367236e-01 3.387857265674570906e-01 1.338012044014466051e-01 5.657525694181910758e-01 6.078070196013477533e-01 7.383798235957007572e-01 8.954278427582168520e-01 8.305598295968833478e-01 3.591078221221791766e-01 1.227619804157709105e-02 1.636637131808177381e-01 7.603655335496561918e-03 5.545269916787282094e-01 2.436452668805120236e-01 5.247905222244272361e-01 5.332828226261362436e-01 7.025272302088789722e-01 3.427309387029663368e-01 1.401343858880992332e-01 3.408903759076162832e-01 7.331047421334584424e-01 9.060666612561558697e-01 4.994138470011771913e-01 3.123882050923679765e-01 6.362458670855051235e-01 4.297696065109753993e-01 2.132714049941106804e-01 0.000000000000000000e+00 4.325369501578519849e-01 1.837133122974666799e-01 8.135365316952469783e-01 9.937068513704772066e-02 5.545740606376641235e-01 7.670418406665283628e-01 1.386218752694545753e-01 3.556348788470364841e-02 4.114193168258929445e-01
2.353056027622292268e-01 7.014963932177549211e-01 2.444335944680475770e-01 6.784577752260095851e-01 3.030088530393552082e-01 1.425794601962298014e-01 7.593427786988288242e-01 5.064945620320653319e-01 3.961938897495118628e-01 9.236780207684329724e-01 8.499075703569178852e-01 1.049112429792372625e-01 7.899120483117990643e-01 1.816916663156384892e-01 2.204311016509663546e-02 2.438221443993420223e-01 5.291293894948322363e-01 3.192257111418640436e-01 5.082563775634366676e-01 3.418374745245555957e-01 3.105480134752895971e-01 9.688757518200937779e-01 5.536607961606496708e-01 2.961209326780476214e-01 4.205443679261688938e-01 3.750276148418790756e-01 2.266434913415071861e-02 7.973618188887174885e-01 8.090843661016823285e-01 8.440893524351805732e-01 4.325369501578519849e-01 0.000000000000000000e+00 5.189256766172870572e-01 2.771857561590843622e-01 6.617791103302270717e-01 2.778514273563944537e-01 6.144218702153416700e-01 1.850469114645528768e-01 8.574458891673700789e-01 5.740177958386357693e-01
5.560120021613269570e-01 5.991742254284756486e-01 3.538587191920400388e-01 4.517502300042318675e-01 3.347679420598848044e-01 4.716529379449915238e-01 4.369868944910633157e-01 5.239918329236311623e-01 4.751918320834510601e-01 4.892675390662122314e-01 7.210616643440392881e-02 4.872427343175002035e-01 5.027607747634241786e-01 9.361095332327878937e-01 5.368238852697377883e-01 1.824778177831776205e-02 3.384554403292854285e-01 3.069780927457531616e-01 7.334583891777067821e-01 9.075609964450621625e-01 4.657562945428160850e-01 6.991185890453054386e-01 2.928323579314552338e-01 8.648156854048186792e-01 2.029692193298308078e-01 8.701333676924905003e-02 5.813866267160682222e-01 6.560530908856726517e-01 5.077231503356773867e-01 8.346049168086553394e-01 1.837133122974666799e-01 5.189256766172870572e-01 0.000000000000000000e+00 9.619123929782457116e-01 5.808863964481344455e-01 1.413246605208599016e-01 3.852968920600265967e-01 5.227763642202539751e-01 9.655038955955418389e-01 3.461455297866896652e-01
3.774594942716370527e-01 8.683621845876458023e-01 9.189633918919131172e-01 8.053911561205251424e-01 9.265829561915257528e-01 8.749364069149448975e-01 4.353978973343382020e-01 6.707652182490171366e-01 6.221842749246000448e-01 7.335470916202255776e-01 7.906889344981782308e-02 4.023579747257398642e-01 5.021521983786765286e-01 8.762710435008015386e-01 2.584114508773202035e-01 1.751109351444414264e-01 9.319861446993886744e-01 8.523774408527750035e-01 9.797671668482728080e-01 7.472635052460837590e-01 8.005698138704128164e-01 9.600418219370460138e-01 5.192546684424195202e-01 1.702725761098361490e-01 1.864596876674572412e-01 4.135782883041421165e-01 5.109883945557214258e-01 2.831912888512188031e-01 4.207257300832655256e-01 2.791236978767090982e-01 8.135365316952469783e-01 2.771857561590843622e-01 9.619123929782457116e-01 0.000000000000000000e+00 2.932233115408409141e-01 9.626314241706980246e-01 6.039224220238288421e-01 7.386958638120326714e-01 4.773343772984228739e-02 2.024853346087305273e-01
8.745507507748581100e-01 6.031795402170846421e-01 1.454538218066103727e-01 2.200622004308669943e-01 9.334969590210531187e-01 4.333599520459125998e-01 7.700536258075713070e-01 3.081568366358820033e-01 2.386574873013140863e-01 1.805763873161215782e-01 7.506698509055899082e-01 5.439135301566105918e-01 5.020233639626834332e-01 6.265535059028159992e-03 5.579302285056694233e-01 8.273384877167495599e-01 1.273607628462496422e-01 3.460578480341097718e-01 1.443586028747846361e-01 6.889481594558835020e-01 5.997805731146688135e-02 9.764774143511286697e-01 7.416551771308691476e-01 3.200711785091248096e-01 9.634855689165066073e-01 2.220509141784064999e-01 7.871064191042053126e-01 3.087939892267618225e-01 9.574246044114186338e-01 8.267095444133292226e-01 9.937068513704772066e-02 6.617791103302270717e-01 5.808863964481344455e-01 2.932233115408409141e-01 0.000000000000000000e+00 7.410408848496830014e-02 4.200065929367815531e-01 5.878459305602506957e-01 5.929348064847612676e-01 9.112391941962127984e-01
5.195687995535680503e-02 1.268409586679272172e-01 9.992191413355173690e-01 3.678845939722558134e-01 3.004311089089051201e-03 9.886785531145829697e-01 1.779756843960025314e-01 4.753076524947671411e-01 5.834105908850973909e-01 3.655905142376556505e-01 4.818766601446783371e-01 9.841908921787871911e-01 3.074268945902819405e-01 5.642621577499148389e-01 7.988612647829484992e-01 5.016319496407939393e-02 8.888648296035109864e-01 3.324434279823773597e-02 7.771255926427730332e-01 6.400308111632914132e-01 4.329582715851798547e-01 3.041442607033366663e-01 3.404715401300300037e-01 3.520791326945558186e-01 2.433230939450655717e-01 7.585046527499306190e-02 3.840573265156022043e-02 6.893936434127181379e-01 1.102476606623573607e-01 8.407421671297571342e-01 5.545740606376641235e-01 2.778514273563944537e-01 1.413246605208599016e-01 9.626314241706980246e-01 7.410408848496830014e-02 0.000000000000000000e+00 2.877577435597796773e-01 2.111495118677734206e-01 3.833170487102816049e-01 4.402308195947997049e-01
5.331390713176670237e-01 9.111053645404044721e-01 4.067735326872680135e-01 5.895228189633612281e-01 4.160363739820887030e-01 5.149931719347045078e-01 1.868165778119502685e-01 4.933836235125255154e-01 7.657046929381419176e-01 2.486890493876421360e-01 8.284607408845798826e-01 1.001801845269798541e-01 8.446531034096770307e-01 2.756634408807850933e-01 8.376972660809497429e-01 8.863293515666808009e-01 3.700596878250335120e-01 7.393069904465235931e-01 6.683830955884154656e-01 5.126309816276503062e-01 5.296804556792422680e-01 8.108191655536833853e-01 8.142213890677763022e-02 3.052784785946658364e-01 8.118034368658664235e-01 8.471111861542673926e-01 4.956592672103302677e-01 6.400122002750393557e-01 3.038863854403093256e-01 2.506011359153054174e-01 7.670418406665283628e-01 6.144218702153416700e-01 3.852968920600265967e-01 6.039224220238288421e-01 4.200065929367815531e-01 2.877577435597796773e-01 0.000000000000000000e+00 5.568818257643991521e-01 9.040706914589281551e-01 9.420102848793415751e-01
8.004263013750376743e-01 9.184865944874456289e-01 5.355631821738864318e-01 1.522987176017325250e-01 9.306045428854969881e-01 6.707770239733756856e-02 5.584538637013573004e-01 6.426497032767004569e-01 9.473791003480762640e-01 6.144554686380128139e-01 8.485127680490321955e-01 2.542882075904230321e-01 7.356735439878803184e-02 1.237402361160599984e-01 1.790879972804644282e-01 8.207088132005743164e-01 2.337215716274513300e-01 4.777436348018154755e-01 1.889300067877442979e-01 4.968976621160546836e-01 6.540501558941198557e-01 5.165587790387051736e-01 8.424384747150324149e-01 2.393852615201979006e-01 9.522679540917633467e-01 6.322686770907637310e-04 6.139912258574391490e-01 8.620877858245573622e-01 1.198829598977896316e-01 4.349991229246646940e-01 1.386218752694545753e-01 1.850469114645528768e-01 5.227763642202539751e-01 7.386958638120326714e-01 5.878459305602506957e-01 2.111495118677734206e-01 5.568818257643991521e-01 0.000000000000000000e+00 5.478107984968783040e-02 9.185759916242767220e-01
1.666520272797086255e-01 1.476437344789778283e-01 8.561345559171500419e-01 7.927470815072003019e-01 6.262192908879679054e-01 9.813286514999541854e-01 2.582892354943147062e-01 4.972549404553763264e-01 8.642895680990089202e-01 4.009667391390677738e-01 6.956682324734235756e-01 5.119258666787288581e-01 3.786608804181336163e-01 9.710760826542396140e-01 7.347386108999940380e-01 6.384671191512236721e-01 5.862627920190781605e-01 6.821977425568731546e-01 3.029325958478169545e-01 1.527614362594637010e-01 9.859421181170359150e-01 6.475504147255617404e-03 4.034555225139561108e-01 8.789318044329379465e-01 4.226214912562248349e-01 7.539042269929180362e-01 8.399749194704537736e-01 9.813499464742663214e-01 3.437191282785504454e-01 3.430365453185931779e-01 3.556348788470364841e-02 8.574458891673700789e-01 9.655038955955418389e-01 4.773343772984228739e-02 5.929348064847612676e-01 3.833170487102816049e-01 9.040706914589281551e-01 5.478107984968783040e-02 0.000000000000000000e+00 5.561269038523335428e-01
