0.000000000000000000e+00 6.288605728164311515e-01 8.032001581539228718e-01 4.257550886918279875e-01 1.064171114712348931e-01 1.842866979813434503e-01 6.942412327393084892e-01 4.601370576615505525e-01 2.668019130125310889e-01 1.264799773124902771e-01 5.719483281403214825e-01 8.684189905871142479e-01 5.245240110334006278e-01 2.333941673177719611e-01 6.368359186853582710e-01 8.716195603899313804e-01 6.253705093460766307e-01 1.433147260973103299e-01 5.767965915861786863e-01 6.020762482875161581e-01 2.720266614970391350e-01 9.977389979500315143e-01 2.450059421620550681e-01 1.361642202420186853e-01 2.770508243490952260e-01 7.480269258559566481e-01 6.696280845599371645e-01 7.530779934417974886e-01 3.228007979963747331e-01 6.839377609472220287e-01 3.316604497510349248e-01 5.111625452472687847e-01 5.289738123706154704e-01 5.994087660055680278e-01 9.319939614522549931e-01 6.923539241222114171e-01 4.400266839622758441e-01 7.102420682888355152e-01 9.446483093906753448e-01 4.612685719118434502e-01
6.288605728164311515e-01 0.000000000000000000e+00 4.898473113089830688e-01 8.111250520295743005e-01 4.930324214605713573e-01 3.933555169071457636e-01 6.562136013519266342e-01 1.832485233166030181e-01 1.356150816135517356e-01 7.999421901862990847e-02 6.449672250265792162e-02 3.423105475961433219e-01 4.606190471715151391e-01 5.013346815245799393e-01 1.718006041194272138e-01 2.158280296251959829e-01 4.626173286426594755e-01 5.803483707417376181e-01 5.163901817078662138e-01 9.941875906322718004e-01 1.811429986736422526e-01 7.724385826351571893e-01 1.147686766907529687e-01 2.753623732959669113e-01 7.768095964782707474e-01 5.076846171246821582e-01 5.857673407908013941e-01 6.232669709375375788e-01 1.615840696934620624e-01 6.303708890181357605e-01 2.302213515180797643e-01 3.727456331824957614e-01 6.649980403768980253e-01 6.443649695181954407e-01 2.797926663854453100e-01 7.365719841016260538e-01 4.281753351019396137e-01 8.811771750114264501e-01 9.619042696820941929e-01 1.779085215185833846e-01
8.032001581539228718e-01 4.898473113089830688e-01 0.000000000000000000e+00 1.382260643697680313e-01 2.195490496707813710e-01 2.414751449984364751e-02 2.710424325118572231e-01 9.677303574100235561e-01 8.786676655006137038e-01 7.656808010511935159e-01 2.816287531801313637e-01 9.993667356604210017e-01 3.581436887698998817e-01 2.359981557369533745e-01 3.435732756291289824e-01 4.185922805799637825e-01 1.267014822286126607e-01 7.669248973062566810e-01 5.110911436146821085e-01 2.049996037016305062e-01 5.017744996904727195e-02 8.192697001625104392e-01 2.184040174201641316e-01 3.700912064299308746e-01 3.898014601980492877e-02 8.511262113216989666e-01 4.972138230101887935e-01 7.834561575553198320e-01 1.654115351663625333e-01 8.960965341360832559e-01 5.381167505567511222e-01 4.039215324078504477e-01 4.371984728468970571e-01 4.212170127372212303e-01 1.788303653543384941e-01 4.079322884341357591e-01 9.013952844690168442e-01 8.803489413765120952e-01 1.814961235406375994e-02 5.115462438842480752e-01
4.257550886918279875e-01 8.111250520295743005e-01 1.382260643697680313e-01 0.000000000000000000e+00 9.557391122695012564e-01 2.060610704268722726e-01 5.090843846832556752e-01 1.574914753741119000e-01 3.798391321639760232e-01 7.291841971162537073e-01 4.901092374672216812e-01 3.877072881100747104e-01 3.245019798106389963e-01 5.123380103412636943e-01 1.319882032030313956e-01 9.971582329379448106e-01 2.573863440842019124e-01 4.952235184432272064e-01 8.153554950183049543e-01 5.929453691425664585e-01 4.056940496345454727e-01 4.096344637707434178e-01 9.881008156580148860e-01 3.568642687878332831e-01 3.734582955464220699e-01 7.931504464838167179e-01 9.213092484542924065e-01 5.324209769620839028e-01 8.543798993039045664e-01 4.003480218454886774e-01 1.627714985301055295e-01 8.515624651596481742e-01 2.802978892975537262e-01 6.992220014664309868e-01 5.242135122276292414e-02 8.770142256393408386e-01 4.884529355230082803e-01 8.296034144279186284e-01 6.045893083404777490e-01 8.662085170214095520e-02
1.064171114712348931e-01 4.930324214605713573e-01 2.195490496707813710e-01 9.557391122695012564e-01 0.000000000000000000e+00 5.867640010320773758e-01 8.127185183682162917e-01 9.296421312407857629e-01 5.195148324480870494e-01 8.653572703726076787e-01 1.581756076340334882e-02 9.367129124967155107e-01 5.681131067363575093e-01 2.650605174411480025e-01 4.669887303845537962e-01 7.650950568275690644e-01 8.228556112334139971e-01 2.862426487964503385e-01 5.716906017607357171e-01 8.122122995381175770e-02 3.171292035880729498e-01 9.443541982569179094e-01 6.315216549421663883e-01 4.750677399532738931e-01 7.251409086410922633e-01 4.777446472898960739e-01 3.402689350576785232e-01 5.017311166690181512e-01 8.600441630162654061e-01 3.687769630577615310e-01 8.821439814182469030e-01 2.687399015537462743e-01 2.431515952992150398e-01 4.958674834463222547e-01 3.948226301657548065e-01 4.461383130834458699e-01 9.701019778681995165e-01 8.052557267347445480e-01 6.589650030361062782e-01 5.861678850893630166e-01
1.842866979813434503e-01 3.933555169071457636e-01 2.414751449984364751e-02 2.060610704268722726e-01 5.867640010320773758e-01 0.000000000000000000e+00 3.799652726278868187e-02 5.884146595005337321e-01 4.570008206748704671e-01 4.703281910008214606e-01 2.505247855882319907e-01 4.907026760687889233e-01 6.164045606725513382e-01 8.560113363832313471e-01 8.924745221253509442e-01 5.965220941496282014e-01 1.404444575523065009e-01 7.326216264648294230e-01 1.481918596863230908e-01 6.724757635471940720e-01 6.965517873172435426e-01 6.796059190616743351e-02 1.862873787568397610e-02 2.550417297359348634e-01 8.181779362193182248e-01 7.352941739275388189e-01 3.190348910716176434e-01 6.342250543573624277e-02 6.553064926610765450e-01 4.190551638048423122e-01 6.956202796792225751e-01 6.593312396620665261e-02 5.323831173564186336e-02 9.481375080227248953e-01 6.119062379689171882e-01 9.228581035419671785e-01 5.955103516851683043e-01 2.431673807354852723e-01 5.537224033402096124e-01 6.539071767772853816e-01
6.942412327393084892e-01 6.562136013519266342e-01 2.710424325118572231e-01 5.090843846832556752e-01 8.127185183682162917e-01 3.799652726278868187e-02 0.000000000000000000e+00 9.946995749194259551e-01 2.117336447685481682e-01 5.304096250542194024e-01 8.206399085217476186e-01 5.899105772986942275e-01 2.749173614047446534e-01 8.260189608061392352e-01 3.534176774689051781e-01 4.205289354391709145e-01 8.765692785995189418e-01 3.548491769179776822e-01 6.466689606557739500e-01 2.660225709142549633e-01 6.543594854328580457e-01 1.523034309601503100e-01 3.123828408833106973e-01 4.448703808023191097e-02 4.141847212870549688e-01 8.092196687796268106e-01 8.350181164211782914e-01 7.398009030238055228e-01 6.912597818406434058e-01 7.537313357706298955e-02 9.730476822547268201e-01 4.932236164372139076e-01 3.559684201330862718e-01 4.997862375799424495e-01 1.794372181958722168e-01 2.323519874357248272e-01 5.893678283526874173e-01 9.142367131877839892e-01 9.333165822038148596e-01 8.514262206906806352e-01
4.601370576615505525e-01 1.832485233166030181e-01 9.677303574100235561e-01 1.574914753741119000e-01 9.296421312407857629e-01 5.884146595005337321e-01 9.946995749194259551e-01 0.000000000000000000e+00 8.922714168654607425e-01 1.369835704096856732e-01 2.110190173877735109e-01 7.320410251166687976e-01 6.311723897998874344e-01 6.517832653441754109e-01 9.690914878797962650e-01 7.388033733987215967e-01 3.541732542790365645e-01 4.832301735503471418e-01 8.704239181629429556e-01 9.908746150254479357e-01 1.455413105288192455e-01 3.792669819880724047e-01 2.942345140331715792e-01 4.630359243619445175e-01 3.501777972464327204e-01 6.884489621650982105e-01 9.516600822840720619e-01 4.436111847700439093e-01 5.287696004943286399e-01 5.017776069920227844e-01 5.553688654452343387e-01 2.069773560860438399e-01 7.142034650166335652e-01 7.700393162167008532e-01 9.665442108362750639e-01 3.237309560265330122e-01 2.077006592846970534e-01 8.544262001987571464e-01 4.107095103836010397e-01 7.539066378071385133e-01
2.668019130125310889e-01 1.356150816135517356e-01 8.786676655006137038e-01 3.798391321639760232e-01 5.195148324480870494e-01 4.570008206748704671e-01 2.117336447685481682e-01 8.922714168654607425e-01 0.000000000000000000e+00 3.386551355503201188e-01 4.781014436449072535e-01 2.933303750513499564e-01 7.066995319753046623e-01 4.440258847501521444e-01 7.809606341472898894e-01 8.628851562472390491e-01 7.982283239436700484e-01 5.996298281006990916e-01 9.575685903796327114e-02 9.156408985125134015e-01 8.008521665770683695e-01 4.971294591550818875e-01 8.621744793592510669e-01 7.563807990262928493e-01 8.156575219609042415e-01 8.012228439285444814e-01 9.609837550396310712e-01 8.474193820339508409e-01 5.360279207260210121e-01 2.069215152922265766e-02 2.384173535495223151e-01 4.983295753670864414e-01 5.208687141102826823e-01 4.797164809084984993e-01 4.128737206370529655e-01 1.723257019330551865e-01 1.430699140849831519e-01 5.004100949024381517e-01 7.306074669214307482e-01 4.011618634303489861e-01
1.264799773124902771e-01 7.999421901862990847e-02 7.656808010511935159e-01 7.291841971162537073e-01 8.653572703726076787e-01 4.703281910008214606e-01 5.304096250542194024e-01 1.369835704096856732e-01 3.386551355503201188e-01 0.000000000000000000e+00 1.958298132911490130e-01 4.368888044191109321e-01 4.389739440881834653e-02 2.423392055782827015e-01 1.480541675943861657e-01 7.009358383425481342e-01 7.885713227965118755e-01 6.158848641774894439e-01 6.795500074871952956e-01 5.333311455651577049e-01 5.219459149741350057e-01 3.915472621149767019e-01 5.706833748708864951e-01 5.876235729355195891e-01 1.993005506890643819e-02 7.050697677004542641e-01 8.220024222798767433e-01 4.309945115967148688e-01 6.326505449452508589e-01 8.134614663234210896e-01 4.532989422578717065e-01 3.718025737488425131e-01 8.241516228379646147e-01 3.745715444133359551e-01 7.389328722298764696e-01 9.452322549555118858e-01 2.263050167796341050e-01 5.735275766800279618e-01 4.327853813414010986e-01 6.017167097881936932e-02
5.719483281403214825e-01 6.449672250265792162e-02 2.816287531801313637e-01 4.901092374672216812e-01 1.581756076340334882e-02 2.505247855882319907e-01 8.206399085217476186e-01 2.110190173877735109e-01 4.781014436449072535e-01 1.958298132911490130e-01 0.000000000000000000e+00 5.547617692517293753e-01 8.359215983344797651e-01 3.003872329666607000e-01 1.478469708480572020e-01 4.471904887477005097e-01 6.237315931106872657e-01 6.919414356292837853e-01 8.783944494338586928e-01 5.079067888395168984e-01 7.366341549776187492e-01 1.867440141710654533e-01 7.121577003754808732e-01 8.486277214413309178e-01 8.280014234561673403e-01 1.105659299417022234e-01 2.151456135720672957e-01 9.443092231487685284e-01 7.386854654816416010e-01 3.726987842735813850e-01 6.242299536722679676e-01 8.278334797616101470e-01 2.662355695597639071e-01 8.006933651499774651e-01 6.167732024794692069e-02 3.719766278520292291e-01 6.922268945294450804e-01 7.412642420851743852e-01 6.530211279255810908e-01 1.556060130366168082e-01
8.684189905871142479e-01 3.423105475961433219e-01 9.993667356604210017e-01 3.877072881100747104e-01 9.367129124967155107e-01 4.907026760687889233e-01 5.899105772986942275e-01 7.320410251166687976e-01 2.933303750513499564e-01 4.368888044191109321e-01 5.547617692517293753e-01 0.000000000000000000e+00 3.942921615044020500e-01 6.968159546876907529e-01 1.671075170884577243e-01 3.455137596445875259e-01 6.877168996732723194e-01 4.967371405356605374e-01 8.347077934021867041e-01 6.842450356350866514e-01 6.913872663077230696e-01 5.090670816527468334e-01 1.311468842099740018e-01 4.099628676103593827e-01 1.609762632931257542e-01 2.530848946837851443e-01 8.394519614146496167e-01 8.739607351132320234e-01 1.807635030260585918e-01 7.065229031184013797e-01 6.582454411482152601e-01 3.523970476461784074e-01 7.654862531529348368e-01 8.259327154933926440e-02 1.487871435033881751e-01 1.004720622596252388e-01 2.211345036859072577e-01 9.348368243738827132e-01 2.821623468874517870e-01 7.557885245669959673e-02
5.245240110334006278e-01 4.606190471715151391e-01 3.581436887698998817e-01 3.245019798106389963e-01 5.681131067363575093e-01 6.164045606725513382e-01 2.749173614047446534e-01 6.311723897998874344e-01 7.066995319753046623e-01 4.389739440881834653e-02 8.359215983344797651e-01 3.942921615044020500e-01 0.000000000000000000e+00 1.240177508674220608e-01 9.701434582190914258e-01 7.094674963701406156e-01 1.085606626232396010e-01 9.791408014107300106e-01 7.721935062650322479e-01 8.990564269423020338e-01 7.519002891155898149e-01 2.122406007669127570e-01 4.233211628968599483e-01 8.165868114128600475e-01 7.825645461425232430e-01 2.910972114215470974e-01 5.558920864334052636e-01 4.308207184566029690e-01 7.421327768494553334e-01 8.393657972489171337e-01 4.792515421658016805e-01 4.370043142678389225e-01 8.025836072408976118e-02 4.564902413857130359e-01 5.957175177917942710e-01 3.412408342326230803e-01 5.884217518525972634e-01 5.500567183931986959e-01 1.020876230849121491e-01 5.293364054417432074e-01
2.333941673177719611e-01 5.013346815245799393e-01 2.359981557369533745e-01 5.123380103412636943e-01 2.650605174411480025e-01 8.560113363832313471e-01 8.260189608061392352e-01 6.517832653441754109e-01 4.440258847501521444e-01 2.423392055782827015e-01 3.003872329666607000e-01 6.968159546876907529e-01 1.240177508674220608e-01 0.000000000000000000e+00 2.070220410428845748e-01 2.198788268343644381e-01 7.397497217419543025e-01 3.084169158466437688e-01 4.158822681520859543e-01 3.846267632835183026e-01 5.628420505431043219e-01 4.961996482215953463e-01 4.219109655654071922e-01 3.286714818033995567e-01 4.641057443585410169e-01 5.947280031003958634e-01 1.456060686038180840e-01 2.280461382908710588e-01 2.614492223646158742e-02 1.907514552483232650e-01 5.562461829166179816e-01 2.281440163545395139e-01 1.010100409498683183e-01 5.303401799571048070e-01 8.813044767137189206e-01 1.628152450790166794e-01 5.075084878493101304e-01 5.564672057611494971e-01 6.457742679424722798e-01 5.219468395994431020e-02
6.368359186853582710e-01 1.718006041194272138e-01 3.435732756291289824e-01 1.319882032030313956e-01 4.669887303845537962e-01 8.924745221253509442e-01 3.534176774689051781e-01 9.690914878797962650e-01 7.809606341472898894e-01 1.480541675943861657e-01 1.478469708480572020e-01 1.671075170884577243e-01 9.701434582190914258e-01 2.070220410428845748e-01 0.000000000000000000e+00 2.164091112065291700e-02 4.886519090311991498e-02 3.384409598002672270e-01 1.353275731957890304e-01 1.043710795325357710e-01 4.240945941698183175e-01 4.063402930011057457e-01 2.507753906255798526e-01 5.236243886690347127e-01 5.236793860854160876e-01 8.147592251848267964e-01 9.408844202637314247e-01 6.564445720946021634e-02 6.744580415557420716e-01 4.995977407638619860e-01 4.420835578230231100e-01 7.784255275567892873e-01 2.888866679762116529e-01 7.543610594898862987e-01 4.757403776853044164e-01 9.975781263047811542e-02 8.405412055487533340e-01 6.547057935413682639e-01 3.396571174313802732e-01 9.079491088741664662e-01
8.716195603899313804e-01 2.158280296251959829e-01 4.185922805799637825e-01 9.971582329379448106e-01 7.650950568275690644e-01 5.965220941496282014e-01 4.205289354391709145e-01 7.388033733987215967e-01 8.628851562472390491e-01 7.009358383425481342e-01 4.471904887477005097e-01 3.455137596445875259e-01 7.094674963701406156e-01 2.198788268343644381e-01 2.164091112065291700e-02 0.000000000000000000e+00 7.093538951696010120e-01 6.200418329274135498e-01 2.152147522493158549e-01 4.841325933917990376e-01 8.316991861088113280e-01 5.059749538693646409e-01 4.476484287289039798e-01 3.664678571429775822e-01 3.530487669910926662e-01 9.380327860724012590e-01 8.082978572228908254e-01 5.755882255468889319e-01 4.932429633086917731e-01 7.621203635892921380e-01 2.119187549561366568e-01 4.636116065407652753e-01 3.421250965298462399e-01 8.576485537353051303e-01 2.891682385147033019e-01 3.545964470465617913e-01 7.396068608312379444e-01 4.952579791758696670e-01 5.132363991813048143e-01 9.461616048402236023e-01
6.253705093460766307e-01 4.626173286426594755e-01 1.267014822286126607e-01 2.573863440842019124e-01 8.228556112334139971e-01 1.404444575523065009e-01 8.765692785995189418e-01 3.541732542790365645e-01 7.982283239436700484e-01 7.885713227965118755e-01 6.237315931106872657e-01 6.877168996732723194e-01 1.085606626232396010e-01 7.397497217419543025e-01 4.886519090311991498e-02 7.093538951696010120e-01 0.000000000000000000e+00 3.539661377336177361e-01 9.224317939970955171e-01 7.048316606833493481e-01 5.965151491816280682e-01 1.005858387579442459e-01 3.928434610655370252e-01 8.616849446270919977e-01 5.153062963886340109e-01 5.988904035086041189e-01 5.367394573488606380e-01 9.375253114481865158e-01 7.106158061042573415e-01 9.697500630655182530e-01 2.653135506618491402e-01 2.463410828431461530e-01 7.315090812702871315e-01 9.055269357747487424e-01 6.946467175883345169e-01 1.755783673851868398e-01 6.571967842928216896e-02 4.248781014668407963e-01 1.452865984832855117e-01 6.667054717882646697e-01
1.433147260973103299e-01 5.803483707417376181e-01 7.669248973062566810e-01 4.952235184432272064e-01 2.862426487964503385e-01 7.326216264648294230e-01 3.548491769179776822e-01 4.832301735503471418e-01 5.996298281006990916e-01 6.158848641774894439e-01 6.919414356292837853e-01 4.967371405356605374e-01 9.791408014107300106e-01 3.084169158466437688e-01 3.384409598002672270e-01 6.200418329274135498e-01 3.539661377336177361e-01 0.000000000000000000e+00 2.185309387470975029e-01 1.041343884829536437e-01 7.070664014707047640e-01 3.543625396412035666e-01 4.576903831957921387e-01 4.386777900655738360e-01 7.193597209695610228e-01 3.116533023142693537e-01 1.679758521031060603e-02 1.459974983437062335e-01 7.103327344611306549e-01 1.654835634695417390e-01 5.507891916665297316e-02 7.196366537303838795e-01 9.272891998650268919e-01 8.508539157780727891e-01 5.348788500006840252e-02 9.149234426154939648e-01 1.262910228104486832e-01 2.852194410013153547e-02 4.758261113619084437e-01 3.239567226856329141e-01
5.767965915861786863e-01 5.163901817078662138e-01 5.110911436146821085e-01 8.153554950183049543e-01 5.716906017607357171e-01 1.481918596863230908e-01 6.466689606557739500e-01 8.704239181629429556e-01 9.575685903796327114e-02 6.795500074871952956e-01 8.783944494338586928e-01 8.347077934021867041e-01 7.721935062650322479e-01 4.158822681520859543e-01 1.353275731957890304e-01 2.152147522493158549e-01 9.224317939970955171e-01 2.185309387470975029e-01 0.000000000000000000e+00 8.188014849963498598e-01 3.123943054725248913e-01 1.741912436659085461e-01 1.519016586903915167e-01 7.943612153704338041e-01 1.288172323435122779e-01 5.782231110846458577e-02 4.918034055140751981e-02 4.032976727206958323e-01 2.388344189507433102e-01 3.725378221233157650e-01 2.538003825980107431e-01 5.786605932294847099e-01 5.212749614142574428e-01 4.860801868936248660e-01 9.499262804947793404e-01 5.575515797870108647e-01 2.000617541038161029e-01 6.406404308917013068e-02 6.842776675501537342e-01 6.125690582954724794e-01
6.020762482875161581e-01 9.941875906322718004e-01 2.049996037016305062e-01 5.929453691425664585e-01 8.122122995381175770e-02 6.724757635471940720e-01 2.660225709142549633e-01 9.908746150254479357e-01 9.156408985125134015e-01 5.333311455651577049e-01 5.079067888395168984e-01 6.842450356350866514e-01 8.990564269423020338e-01 3.846267632835183026e-01 1.043710795325357710e-01 4.841325933917990376e-01 7.048316606833493481e-01 1.041343884829536437e-01 8.188014849963498598e-01 0.000000000000000000e+00 5.693449685503719770e-01 4.058522248614966355e-01 1.302122088484902740e-01 5.421740075879223353e-01 7.454313568952103397e-01 1.659338990590364382e-01 8.138705070733188718e-01 8.120570991862342547e-01 8.702954557508897349e-01 7.849546507799953776e-01 1.085328595943851893e-01 1.113774579273064669e-01 2.610688035504452609e-01 4.702055519063634836e-01 2.641277457879229740e-01 4.454075135553319242e-01 2.767086756926495639e-02 6.472754956954832606e-01 9.692076014087201985e-01 2.021165702928986452e-01
2.720266614970391350e-01 1.811429986736422526e-01 5.017744996904727195e-02 4.056940496345454727e-01 3.171292035880729498e-01 6.965517873172435426e-01 6.543594854328580457e-01 1.455413105288192455e-01 8.008521665770683695e-01 5.219459149741350057e-01 7.366341549776187492e-01 6.913872663077230696e-01 7.519002891155898149e-01 5.628420505431043219e-01 4.240945941698183175e-01 8.316991861088113280e-01 5.965151491816280682e-01 7.070664014707047640e-01 3.123943054725248913e-01 5.693449685503719770e-01 0.000000000000000000e+00 6.858116460310936802e-02 1.098613764180557117e-01 2.189170890801571678e-01 3.100020669184034849e-01 7.052994771403241492e-01 8.549234766797916274e-01 5.663488070157363108e-01 4.651202816885708913e-01 9.347155173406471729e-01 5.175704811598447197e-02 1.410996181666069882e-01 3.108925917867536581e-01 4.943579370536343998e-02 5.589963486232005785e-01 5.971532637746828076e-01 6.134892922821041372e-01 5.141426135994330293e-01 8.884375150297301182e-01 2.511133651505165210e-01
9.977389979500315143e-01 7.724385826351571893e-01 8.192697001625104392e-01 4.096344637707434178e-01 9.443541982569179094e-01 6.796059190616743351e-02 1.523034309601503100e-01 3.792669819880724047e-01 4.971294591550818875e-01 3.915472621149767019e-01 1.867440141710654533e-01 5.090670816527468334e-01 2.122406007669127570e-01 4.961996482215953463e-01 4.063402930011057457e-01 5.059749538693646409e-01 1.005858387579442459e-01 3.543625396412035666e-01 1.741912436659085461e-01 4.058522248614966355e-01 6.858116460310936802e-02 0.000000000000000000e+00 9.938464450620835278e-01 8.397389537374363444e-01 8.554939423384022579e-02 4.131728651800964380e-01 6.009983351280079322e-02 5.646882507472029689e-01 6.818016506034337842e-01 3.387800232152089475e-01 9.361210719224333232e-01 1.562174628040525759e-01 6.010290946094776210e-01 3.817165852018686856e-01 4.729377794365079435e-01 7.536658871474779531e-01 6.448014097452011706e-01 1.255978254408218753e-01 1.493821196324288669e-01 5.478919786278959592e-01
2.450059421620550681e-01 1.147686766907529687e-01 2.184040174201641316e-01 9.881008156580148860e-01 6.315216549421663883e-01 1.862873787568397610e-02 3.123828408833106973e-01 2.942345140331715792e-01 8.621744793592510669e-01 5.706833748708864951e-01 7.121577003754808732e-01 1.311468842099740018e-01 4.233211628968599483e-01 4.219109655654071922e-01 2.507753906255798526e-01 4.476484287289039798e-01 3.928434610655370252e-01 4.576903831957921387e-01 1.519016586903915167e-01 1.302122088484902740e-01 1.098613764180557117e-01 9.938464450620835278e-01 0.000000000000000000e+00 4.488723679880272099e-01 3.678118717157677908e-01 9.899353426976889025e-01 9.924227241815146705e-01 2.533256365598668403e-01 7.169717199077860759e-01 6.399188033165541523e-01 2.781834356850146905e-01 5.232443100936259306e-01 4.661716851199002587e-01 9.548314904448641505e-01 4.980498796012240437e-01 8.657752892199110928e-02 7.375297865813194020e-01 5.840229249587386429e-01 5.553606000133567422e-01 6.946648151153755890e-03
1.361642202420186853e-01 2.753623732959669113e-01 3.700912064299308746e-01 3.568642687878332831e-01 4.750677399532738931e-01 2.550417297359348634e-01 4.448703808023191097e-02 4.630359243619445175e-01 7.563807990262928493e-01 5.876235729355195891e-01 8.486277214413309178e-01 4.099628676103593827e-01 8.165868114128600475e-01 3.286714818033995567e-01 5.236243886690347127e-01 3.664678571429775822e-01 8.616849446270919977e-01 4.386777900655738360e-01 7.943612153704338041e-01 5.421740075879223353e-01 2.189170890801571678e-01 8.397389537374363444e-01 4.488723679880272099e-01 0.000000000000000000e+00 8.212171556522230853e-01 9.252834430187123482e-01 7.592224777730147700e-01 6.397366099012720131e-01 9.596379726353854167e-01 6.386407980154069630e-01 1.614041320457830775e-01 2.559726258352945649e-02 1.257587877590481407e-01 9.365812523878445095e-01 7.309551931699974636e-01 4.468880835855715272e-01 2.258123675826368970e-01 4.929821635506542732e-01 3.430230831562378624e-01 8.388950550212892487e-01
2.770508243490952260e-01 7.768095964782707474e-01 3.898014601980492877e-02 3.734582955464220699e-01 7.251409086410922633e-01 8.181779362193182248e-01 4.141847212870549688e-01 3.501777972464327204e-01 8.156575219609042415e-01 1.993005506890643819e-02 8.280014234561673403e-01 1.609762632931257542e-01 7.825645461425232430e-01 4.641057443585410169e-01 5.236793860854160876e-01 3.530487669910926662e-01 5.153062963886340109e-01 7.193597209695610228e-01 1.288172323435122779e-01 7.454313568952103397e-01 3.100020669184034849e-01 8.554939423384022579e-02 3.678118717157677908e-01 8.212171556522230853e-01 0.000000000000000000e+00 9.680037900855565924e-01 5.035278154506628301e-02 8.458644996900287483e-01 5.648262806645423240e-01 9.412817736089079679e-01 5.489587544175777989e-02 3.067082796093150154e-01 2.750551394181831588e-01 9.125054662870383249e-01 1.472827957359469364e-01 8.062875195523033778e-02 2.852851014307554722e-01 4.956454010840654067e-01 7.114568104156782091e-03 6.154732591571611122e-01
7.480269258559566481e-01 5.076846171246821582e-01 8.511262113216989666e-01 7.931504464838167179e-01 4.777446472898960739e-01 7.352941739275388189e-01 8.092196687796268106e-01 6.884489621650982105e-01 8.012228439285444814e-01 7.050697677004542641e-01 1.105659299417022234e-01 2.530848946837851443e-01 2.910972114215470974e-01 5.947280031003958634e-01 8.147592251848267964e-01 9.380327860724012590e-01 5.988904035086041189e-01 3.116533023142693537e-01 5.782231110846458577e-02 1.659338990590364382e-01 7.052994771403241492e-01 4.131728651800964380e-01 9.899353426976889025e-01 9.252834430187123482e-01 9.680037900855565924e-01 0.000000000000000000e+00 9.434915645862398392e-01 6.571750465579313527e-01 9.870309080386183709e-01 8.221373168257848363e-01 4.054120637405063121e-01 1.875996761922591460e-01 1.444942923666211465e-01 3.729562257540545156e-01 6.100046119010837931e-02 1.362702763565537545e-02 7.600030054949185043e-01 9.715204576530912517e-01 6.634316950715386518e-01 4.541302150111533598e-01
6.696280845599371645e-01 5.857673407908013941e-01 4.972138230101887935e-01 9.213092484542924065e-01 3.402689350576785232e-01 3.190348910716176434e-01 8.350181164211782914e-01 9.516600822840720619e-01 9.609837550396310712e-01 8.220024222798767433e-01 2.151456135720672957e-01 8.394519614146496167e-01 5.558920864334052636e-01 1.456060686038180840e-01 9.408844202637314247e-01 8.082978572228908254e-01 5.367394573488606380e-01 1.679758521031060603e-02 4.918034055140751981e-02 8.138705070733188718e-01 8.549234766797916274e-01 6.009983351280079322e-02 9.924227241815146705e-01 7.592224777730147700e-01 5.035278154506628301e-02 9.434915645862398392e-01 0.000000000000000000e+00 6.391472997466240979e-01 5.017314108597679123e-01 4.510673699825035188e-01 2.920557643637596845e-01 1.804669457692494872e-01 4.671874050472731854e-01 3.865597156288939074e-01 7.730994873260257361e-01 4.965393516364324800e-01 4.682751226288794921e-02 9.272336967348578929e-01 8.115660126431849530e-01 3.095992374169909134e-01
7.530779934417974886e-01 6.232669709375375788e-01 7.834561575553198320e-01 5.324209769620839028e-01 5.017311166690181512e-01 6.342250543573624277e-02 7.398009030238055228e-01 4.436111847700439093e-01 8.474193820339508409e-01 4.309945115967148688e-01 9.443092231487685284e-01 8.739607351132320234e-01 4.308207184566029690e-01 2.280461382908710588e-01 6.564445720946021634e-02 5.755882255468889319e-01 9.375253114481865158e-01 1.459974983437062335e-01 4.032976727206958323e-01 8.120570991862342547e-01 5.663488070157363108e-01 5.646882507472029689e-01 2.533256365598668403e-01 6.397366099012720131e-01 8.458644996900287483e-01 6.571750465579313527e-01 6.391472997466240979e-01 0.000000000000000000e+00 9.983783326038819794e-02 4.584187870077346405e-01 5.255653867858733896e-02 5.707906419534122255e-01 2.976268821919921814e-01 9.729499019709177965e-01 4.237335324477277121e-01 5.599035154339748743e-01 2.637747354858717141e-01 4.417024735997379103e-01 4.568824104266383523e-01 2.404613581724626137e-01
3.228007979963747331e-01 1.615840696934620624e-01 1.654115351663625333e-01 8.543798993039045664e-01 8.600441630162654061e-01 6.553064926610765450e-01 6.912597818406434058e-01 5.287696004943286399e-01 5.360279207260210121e-01 6.326505449452508589e-01 7.386854654816416010e-01 1.807635030260585918e-01 7.421327768494553334e-01 2.614492223646158742e-02 6.744580415557420716e-01 4.932429633086917731e-01 7.106158061042573415e-01 7.103327344611306549e-01 2.388344189507433102e-01 8.702954557508897349e-01 4.651202816885708913e-01 6.818016506034337842e-01 7.169717199077860759e-01 9.596379726353854167e-01 5.648262806645423240e-01 9.870309080386183709e-01 5.017314108597679123e-01 9.983783326038819794e-02 0.000000000000000000e+00 6.505724767400896669e-01 6.201355781024057157e-01 3.823352800348129854e-01 5.289144814857705823e-01 8.116549345453921704e-01 3.346526613995535193e-01 7.977324861125871802e-01 8.579571509991538170e-01 1.974223832722764582e-01 4.717813746073936665e-01 1.323617946104659326e-01
6.839377609472220287e-01 6.303708890181357605e-01 8.960965341360832559e-01 4.003480218454886774e-01 3.687769630577615310e-01 4.190551638048423122e-01 7.537313357706298955e-02 5.017776069920227844e-01 2.069215152922265766e-02 8.134614663234210896e-01 3.726987842735813850e-01 7.065229031184013797e-01 8.393657972489171337e-01 1.907514552483232650e-01 4.995977407638619860e-01 7.621203635892921380e-01 9.697500630655182530e-01 1.654835634695417390e-01 3.725378221233157650e-01 7.849546507799953776e-01 9.347155173406471729e-01 3.387800232152089475e-01 6.399188033165541523e-01 6.386407980154069630e-01 9.412817736089079679e-01 8.221373168257848363e-01 4.510673699825035188e-01 4.584187870077346405e-01 6.505724767400896669e-01 0.000000000000000000e+00 8.853922541704302152e-01 9.950202208868275111e-01 9.058354682479645703e-01 7.935641309669412280e-01 1.117969631123091334e-01 9.683852887950974431e-01 3.096002921672144081e-01 4.821306709916816091e-01 6.562831817024772363e-02 5.928341165447296168e-01
3.316604497510349248e-01 2.302213515180797643e-01 5.381167505567511222e-01 1.627714985301055295e-01 8.821439814182469030e-01 6.956202796792225751e-01 9.730476822547268201e-01 5.553688654452343387e-01 2.384173535495223151e-01 4.532989422578717065e-01 6.242299536722679676e-01 6.582454411482152601e-01 4.792515421658016805e-01 5.562461829166179816e-01 4.420835578230231100e-01 2.119187549561366568e-01 2.653135506618491402e-01 5.507891916665297316e-02 2.538003825980107431e-01 1.085328595943851893e-01 5.175704811598447197e-02 9.361210719224333232e-01 2.781834356850146905e-01 1.614041320457830775e-01 5.489587544175777989e-02 4.054120637405063121e-01 2.920557643637596845e-01 5.255653867858733896e-02 6.201355781024057157e-01 8.853922541704302152e-01 0.000000000000000000e+00 7.090473705730813148e-01 9.429641619396268437e-01 4.375921730347885896e-01 4.897246725786777999e-01 9.024247307882039548e-01 7.502330125217537837e-02 3.582594570560297953e-01 4.613855877675732131e-02 7.354437166589747887e-01
5.111625452472687847e-01 3.727456331824957614e-01 4.039215324078504477e-01 8.515624651596481742e-01 2.687399015537462743e-01 6.593312396620665261e-02 4.932236164372139076e-01 2.069773560860438399e-01 4.983295753670864414e-01 3.718025737488425131e-01 8.278334797616101470e-01 3.523970476461784074e-01 4.370043142678389225e-01 2.281440163545395139e-01 7.784255275567892873e-01 4.636116065407652753e-01 2.463410828431461530e-01 7.196366537303838795e-01 5.786605932294847099e-01 1.113774579273064669e-01 1.410996181666069882e-01 1.562174628040525759e-01 5.232443100936259306e-01 2.559726258352945649e-02 3.067082796093150154e-01 1.875996761922591460e-01 1.804669457692494872e-01 5.707906419534122255e-01 3.823352800348129854e-01 9.950202208868275111e-01 7.090473705730813148e-01 0.000000000000000000e+00 8.903911800539789922e-01 8.501008461746176748e-01 3.355174609735827040e-01 8.034876453887529468e-02 4.212719753493576746e-04 8.548219919124298016e-01 7.312473944772640566e-01 5.097504603393240297e-01
5.289738123706154704e-01 6.649980403768980253e-01 4.371984728468970571e-01 2.802978892975537262e-01 2.431515952992150398e-01 5.323831173564186336e-02 3.559684201330862718e-01 7.142034650166335652e-01 5.208687141102826823e-01 8.241516228379646147e-01 2.662355695597639071e-01 7.654862531529348368e-01 8.025836072408976118e-02 1.010100409498683183e-01 2.888866679762116529e-01 3.421250965298462399e-01 7.315090812702871315e-01 9.272891998650268919e-01 5.212749614142574428e-01 2.610688035504452609e-01 3.108925917867536581e-01 6.010290946094776210e-01 4.661716851199002587e-01 1.257587877590481407e-01 2.750551394181831588e-01 1.444942923666211465e-01 4.671874050472731854e-01 2.976268821919921814e-01 5.289144814857705823e-01 9.058354682479645703e-01 9.429641619396268437e-01 8.903911800539789922e-01 0.000000000000000000e+00 1.341346868753710009e-01 6.484113828814196401e-01 2.048884505386894261e-02 5.319450258891328387e-01 8.663809626939539266e-01 8.910178840116250720e-01 7.407482958792338534e-01
5.994087660055680278e-01 6.443649695181954407e-01 4.212170127372212303e-01 6.992220014664309868e-01 4.958674834463222547e-01 9.481375080227248953e-01 4.997862375799424495e-01 7.700393162167008532e-01 4.797164809084984993e-01 3.745715444133359551e-01 8.006933651499774651e-01 8.259327154933926440e-02 4.564902413857130359e-01 5.303401799571048070e-01 7.543610594898862987e-01 8.576485537353051303e-01 9.055269357747487424e-01 8.508539157780727891e-01 4.860801868936248660e-01 4.702055519063634836e-01 4.943579370536343998e-02 3.817165852018686856e-01 9.548314904448641505e-01 9.365812523878445095e-01 9.125054662870383249e-01 3.729562257540545156e-01 3.865597156288939074e-01 9.729499019709177965e-01 8.116549345453921704e-01 7.935641309669412280e-01 4.375921730347885896e-01 8.501008461746176748e-01 1.341346868753710009e-01 0.000000000000000000e+00 8.647210110066284594e-01 5.843157361070415723e-01 6.524064488711789345e-01 6.229063140710344726e-02 6.786405746906327696e-01 6.788254286401230742e-01
9.319939614522549931e-01 2.797926663854453100e-01 1.788303653543384941e-01 5.242135122276292414e-02 3.948226301657548065e-01 6.119062379689171882e-01 1.794372181958722168e-01 9.665442108362750639e-01 4.128737206370529655e-01 7.389328722298764696e-01 6.167732024794692069e-02 1.487871435033881751e-01 5.957175177917942710e-01 8.813044767137189206e-01 4.757403776853044164e-01 2.891682385147033019e-01 6.946467175883345169e-01 5.348788500006840252e-02 9.499262804947793404e-01 2.641277457879229740e-01 5.589963486232005785e-01 4.729377794365079435e-01 4.980498796012240437e-01 7.309551931699974636e-01 1.472827957359469364e-01 6.100046119010837931e-02 7.730994873260257361e-01 4.237335324477277121e-01 3.346526613995535193e-01 1.117969631123091334e-01 4.897246725786777999e-01 3.355174609735827040e-01 6.484113828814196401e-01 8.647210110066284594e-01 0.000000000000000000e+00 6.859947919555933193e-01 5.372362154517973387e-01 2.470485462466237570e-01 9.761322932049047996e-01 4.253147015473647263e-01
6.923539241222114171e-01 7.365719841016260538e-01 4.079322884341357591e-01 8.770142256393408386e-01 4.461383130834458699e-01 9.228581035419671785e-01 2.323519874357248272e-01 3.237309560265330122e-01 1.723257019330551865e-01 9.452322549555118858e-01 3.719766278520292291e-01 1.004720622596252388e-01 3.412408342326230803e-01 1.628152450790166794e-01 9.975781263047811542e-02 3.545964470465617913e-01 1.755783673851868398e-01 9.149234426154939648e-01 5.575515797870108647e-01 4.454075135553319242e-01 5.971532637746828076e-01 7.536658871474779531e-01 8.657752892199110928e-02 4.468880835855715272e-01 8.062875195523033778e-02 1.362702763565537545e-02 4.965393516364324800e-01 5.599035154339748743e-01 7.977324861125871802e-01 9.683852887950974431e-01 9.024247307882039548e-01 8.034876453887529468e-02 2.048884505386894261e-02 5.843157361070415723e-01 6.859947919555933193e-01 0.000000000000000000e+00 1.278964985892299122e-01 1.032859445020439804e-02 4.550745715885978759e-01 4.144723869831580254e-01
4.400266839622758441e-01 4.281753351019396137e-01 9.013952844690168442e-01 4.884529355230082803e-01 9.701019778681995165e-01 5.955103516851683043e-01 5.893678283526874173e-01 2.077006592846970534e-01 1.430699140849831519e-01 2.263050167796341050e-01 6.922268945294450804e-01 2.211345036859072577e-01 5.884217518525972634e-01 5.075084878493101304e-01 8.405412055487533340e-01 7.396068608312379444e-01 6.571967842928216896e-02 1.262910228104486832e-01 2.000617541038161029e-01 2.767086756926495639e-02 6.134892922821041372e-01 6.448014097452011706e-01 7.375297865813194020e-01 2.258123675826368970e-01 2.852851014307554722e-01 7.600030054949185043e-01 4.682751226288794921e-02 2.637747354858717141e-01 8.579571509991538170e-01 3.096002921672144081e-01 7.502330125217537837e-02 4.212719753493576746e-04 5.319450258891328387e-01 6.524064488711789345e-01 5.372362154517973387e-01 1.278964985892299122e-01 0.000000000000000000e+00 1.736901635387719800e-01 4.555605448131085922e-01 9.415252027715517169e-01
7.102420682888355152e-01 8.811771750114264501e-01 8.803489413765120952e-01 8.296034144279186284e-01 8.052557267347445480e-01 2.431673807354852723e-01 9.142367131877839892e-01 8.544262001987571464e-01 5.004100949024381517e-01 5.735275766800279618e-01 7.412642420851743852e-01 9.348368243738827132e-01 5.500567183931986959e-01 5.564672057611494971e-01 6.547057935413682639e-01 4.952579791758696670e-01 4.248781014668407963e-01 2.852194410013153547e-02 6.406404308917013068e-02 6.472754956954832606e-01 5.141426135994330293e-01 1.255978254408218753e-01 5.840229249587386429e-01 4.929821635506542732e-01 4.956454010840654067e-01 9.715204576530912517e-01 9.272336967348578929e-01 4.417024735997379103e-01 1.974223832722764582e-01 4.821306709916816091e-01 3.582594570560297953e-01 8.548219919124298016e-01 8.663809626939539266e-01 6.229063140710344726e-02 2.470485462466237570e-01 1.032859445020439804e-02 1.736901635387719800e-01 0.000000000000000000e+00 9.828984391031396761e-01 5.947663162697788275e-01
9.446483093906753448e-01 9.619042696820941929e-01 1.814961235406375994e-02 6.045893083404777490e-01 6.589650030361062782e-01 5.537224033402096124e-01 9.333165822038148596e-01 4.107095103836010397e-01 7.306074669214307482e-01 4.327853813414010986e-01 6.530211279255810908e-01 2.821623468874517870e-01 1.020876230849121491e-01 6.457742679424722798e-01 3.396571174313802732e-01 5.132363991813048143e-01 1.452865984832855117e-01 4.758261113619084437e-01 6.842776675501537342e-01 9.692076014087201985e-01 8.884375150297301182e-01 1.493821196324288669e-01 5.553606000133567422e-01 3.430230831562378624e-01 7.114568104156782091e-03 6.634316950715386518e-01 8.115660126431849530e-01 4.568824104266383523e-01 4.717813746073936665e-01 6.562831817024772363e-02 4.613855877675732131e-02 7.312473944772640566e-01 8.910178840116250720e-01 6.786405746906327696e-01 9.761322932049047996e-01 4.550745715885978759e-01 4.555605448131085922e-01 9.828984391031396761e-01 0.000000000000000000e+00 1.235689877428090000e-01
