0.000000000000000000e+00 9.672739630718634185e-01 4.370963142221134801e-01 4.655204883000902960e-01 7.980757773332959326e-01 5.316378199744175026e-01 8.196692057053273084e-01 7.815891100708567407e-01 2.952131386475788100e-01 5.929227336729374631e-01 3.150878049097027844e-02 3.057095712851936042e-01 4.877709547236974696e-02 4.703499494887509735e-01 2.366838735823396656e-01 3.223845137397310934e-01 7.859132496829400738e-01 2.640363955692607290e-01 5.819940634569464866e-02 2.001557494392611769e-01 7.462991847072208973e-01 4.241977630303899183e-01 3.687049910011531706e-01 1.440010425549170803e-01 4.529517235836371114e-01 8.299260085999715653e-02 4.651174749006370401e-02 1.836921723611294466e-01 4.135871014169756332e-02 2.394746081105323388e-01 4.747517690249457578e-01 1.836571707793293040e-01 1.464271552786613473e-01 7.783781567145050539e-01 2.831618367050195983e-01 2.601190117557031778e-01 6.863362301495803397e-01 6.907680331984280553e-01 7.427403948248610943e-01 9.277647718909706187e-01
9.672739630718634185e-01 0.000000000000000000e+00 1.532686330462604829e-01 8.328129227442990778e-01 4.528284323903841724e-01 5.668880684166210937e-01 4.774658528831797755e-01 3.225611196738489284e-01 8.288710305930895306e-01 4.913854708650338132e-01 6.413771454716469256e-01 3.121287888676574918e-01 3.748871204291884807e-01 6.673684843345740747e-01 5.221946907284052974e-01 1.772799536602542858e-02 1.389732760298064695e-01 5.798478977092064168e-01 9.400258765541162909e-01 8.205686843644257600e-01 1.251696471910870301e-01 9.751757268564317238e-01 8.459325793786988124e-01 5.196460609892539217e-03 9.946387534649313578e-01 9.218668546896899851e-01 1.053481925118661122e-01 4.274488726579086517e-01 5.877665025873897164e-01 1.243513308040745668e-01 4.142553947907012812e-02 9.303864689465701776e-02 5.854523078902397204e-01 7.357672007266706782e-01 1.206873839414560612e-01 2.815744684944031517e-01 5.241334891340273527e-01 1.431259191709763900e-01 4.481219850157512896e-01 3.785651717379789893e-01
4.370963142221134801e-01 1.532686330462604829e-01 0.000000000000000000e+00 7.370146195867226524e-01 6.651249163973265155e-01 9.964573244863428325e-02 4.286892542015396934e-01 2.615724893526770733e-01 8.680251168957739960e-01 1.638132121601325597e-01 9.643974204380501014e-01 8.552844290913302894e-01 8.901346798491344137e-01 9.055832015956308823e-01 8.196014065877024191e-01 7.616243241020311805e-01 5.820256514250379265e-01 7.183285814713401551e-01 1.837514619755566958e-01 9.096487964241568580e-01 5.076172681276727161e-01 7.287539639787028456e-01 5.134107546263692035e-01 4.751571436084602862e-01 9.434836022647241638e-01 6.376732881910306405e-01 7.935338009104321300e-01 8.535303082530389940e-01 7.602956016520234783e-01 4.074032874973987361e-01 1.671433192005356005e-01 1.070724817539493445e-01 9.598898157467724568e-01 2.475182312666989182e-01 3.718046420476455172e-01 5.625186431764992445e-01 7.946624637052202011e-01 7.282667904090255329e-01 9.128613557314381177e-01 7.073914265211972419e-01
4.655204883000902960e-01 8.328129227442990778e-01 7.370146195867226524e-01 0.000000000000000000e+00 4.289255333501631462e-01 1.842109715281085025e-01 7.299348711394078038e-01 7.086106804569953788e-01 6.517329407625724880e-01 6.633490405121168498e-01 1.002255563935933180e-01 5.553372596936974048e-01 3.886415443522988067e-01 4.555757093711988448e-01 5.475853321709058807e-01 1.619070720864367319e-01 6.891520899993586191e-01 1.842399659820607161e-01 1.434615250233162165e-02 5.246102409254618237e-01 5.522073725505114439e-01 5.771510520305025427e-01 4.336305408824503438e-02 7.152224745533053429e-01 8.883620721308668200e-01 7.940348732462487735e-01 6.145171023143995992e-01 2.449773758693069015e-01 7.602063692583532761e-01 8.429650607934972006e-01 7.241919315604631313e-01 2.398282368283481958e-01 9.538319835464905694e-01 9.719618081849287217e-01 4.357095340691941043e-02 2.786339914721532862e-01 5.439209863168126269e-02 7.455913704366681216e-01 5.911916207844145621e-01 6.100842224227216448e-01
7.980757773332959326e-01 4.528284323903841724e-01 6.651249163973265155e-01 4.289255333501631462e-01 0.000000000000000000e+00 6.210135107737183580e-01 2.325684137873063051e-02 9.376568457299796489e-01 3.481534810812876302e-01 9.369743012658664494e-01 9.796956191379324608e-01 4.223965679823067365e-01 9.105855006703958976e-01 9.814268187431961499e-01 6.502561684154236632e-01 9.925983712150985294e-01 4.946449463380750977e-01 8.444244910984965991e-01 4.541981311140219635e-01 2.956874708952911268e-01 9.459530265203208721e-01 1.586572446352566557e-01 6.517840740154106083e-01 5.405761819422815195e-01 4.958637266974584845e-01 3.054653339694568537e-02 6.424037298999515366e-01 9.621343763137264471e-01 1.452903509980992824e-01 9.328893813128920076e-01 7.558486723192511247e-01 5.752893909346601387e-02 5.306576436928550633e-01 1.258147471634013526e-01 6.339927023637584869e-01 9.153929397312906557e-01 5.432747610247592451e-01 1.367057413548344869e-01 5.359075956116156059e-01 1.003845446593039092e-01
5.316378199744175026e-01 5.668880684166210937e-01 9.964573244863428325e-02 1.842109715281085025e-01 6.210135107737183580e-01 0.000000000000000000e+00 1.118114993097688581e-01 5.645750568604283037e-01 7.372725234301739095e-01 3.393883277574538671e-01 9.898742191000902135e-01 7.592418539076777328e-01 4.005189896667483707e-01 6.933499139740905148e-01 6.102811885270698067e-02 2.199446782763195829e-01 9.664860647373073599e-01 6.182249664790528954e-02 6.916256151482859105e-01 5.855904735958044061e-01 7.612492073338994469e-02 3.661220135858384017e-01 6.515600330044835076e-02 2.617229368936800915e-01 8.467874074582529831e-01 3.983105487699367675e-01 9.824427432427451645e-01 6.312653287184424311e-01 1.362212250820631354e-01 7.376571480156295380e-01 7.843881058317483390e-01 8.053285494204511785e-01 8.707752846262362123e-02 6.572954700872890577e-01 5.797087949789453409e-01 7.966777723591610405e-01 4.600116940611861382e-01 3.839121940136077660e-01 2.927207515708823982e-01 4.891799054288178406e-01
8.196692057053273084e-01 4.774658528831797755e-01 4.286892542015396934e-01 7.299348711394078038e-01 2.325684137873063051e-02 1.118114993097688581e-01 0.000000000000000000e+00 3.408511941392591282e-01 9.330839450383459077e-01 9.604053391423130748e-01 4.308818103756840712e-01 6.005820201643474743e-02 1.749294304661822563e-01 8.745048355236204607e-01 8.351408174675598595e-01 8.156300084774487091e-01 8.293971613211272853e-01 4.829165144165231682e-01 6.599348611700285305e-01 2.247373228733881012e-01 4.210862619487076852e-02 9.976200080804505932e-01 2.141819895139022156e-01 3.264401060610834238e-01 9.913412409905797418e-02 5.452779208442171122e-01 4.635865146556920058e-01 4.451839526115797252e-01 3.262887761736591452e-01 5.249879273211854880e-03 7.409476510324339849e-01 6.813497746389586274e-01 4.092083242009294519e-01 4.319216466802012766e-01 7.103114298901060941e-01 6.569708958211314398e-01 9.244313639524658344e-01 7.179606326483891632e-01 8.672072857388274381e-01 7.674201348742875073e-01
7.815891100708567407e-01 3.225611196738489284e-01 2.615724893526770733e-01 7.086106804569953788e-01 9.376568457299796489e-01 5.645750568604283037e-01 3.408511941392591282e-01 0.000000000000000000e+00 2.625678335168005750e-01 8.681435441100781025e-01 1.324514221734097719e-01 6.905372120435863126e-01 9.306702812310818640e-02 2.128057584222670107e-01 4.719070307248578455e-01 4.981679311926734410e-02 4.187203471131583088e-01 1.216258553366003081e-01 2.795005214964269014e-01 6.301567864244872474e-01 1.561400118357900713e-01 6.837177398159255404e-01 5.999348851398669247e-01 4.076189064429209807e-01 5.024999954145464853e-01 9.309664648686518662e-01 8.969707664159695115e-01 2.463537112838632970e-01 7.659197279924366830e-01 5.916474605202985959e-01 1.233944495369597716e-01 2.282819298777729600e-01 1.714740850606731870e-01 8.957036393332441504e-01 7.171688451316511337e-01 5.586771590397554554e-01 2.616926917004179787e-01 7.238321364796251878e-01 9.574818828756983535e-01 3.591113333683350062e-01
2.952131386475788100e-01 8.288710305930895306e-01 8.680251168957739960e-01 6.517329407625724880e-01 3.481534810812876302e-01 7.372725234301739095e-01 9.330839450383459077e-01 2.625678335168005750e-01 0.000000000000000000e+00 8.511609279905617553e-01 9.113442135972978919e-01 9.091897034371017039e-01 6.467857540609609490e-01 4.199172277084599614e-01 2.278398547698861076e-01 1.111700031376984255e-01 4.269897364664263506e-01 9.158509574399631425e-02 7.755570066280830233e-01 2.496322147587182183e-01 9.865811547212933741e-01 6.885987238015420786e-01 9.475315149785679125e-02 4.310916211733666348e-01 7.366268270829434694e-02 2.710797795861542570e-01 9.690730165223214732e-01 5.862448864164029327e-01 7.250674518210600272e-01 8.498583823241452340e-01 7.061887686683736565e-01 6.226286484892450401e-01 7.527331111630015670e-01 4.283392170142148458e-01 8.598292864564744953e-01 1.869670391490115824e-01 1.678193938844620980e-01 3.868573673310653493e-01 8.588148618599293904e-01 7.386459306948066628e-01
5.929227336729374631e-01 4.913854708650338132e-01 1.638132121601325597e-01 6.633490405121168498e-01 9.369743012658664494e-01 3.393883277574538671e-01 9.604053391423130748e-01 8.681435441100781025e-01 8.511609279905617553e-01 0.000000000000000000e+00 2.453128383826044256e-01 1.900241250674266080e-01 4.379693524743165645e-01 7.485373424720154212e-02 2.364153166092844982e-01 7.829614012773462584e-01 1.235876164354483553e-01 6.047944375785453408e-01 3.553474717676805561e-01 8.027141650254552285e-01 5.163218575206874883e-01 6.252466941134364742e-01 7.842414650234751372e-01 5.497205203868121837e-01 7.630191331753909401e-01 9.933773692256895327e-01 6.976538777895103793e-01 4.192595911156423716e-01 7.396883043792447099e-01 6.748785803553218887e-01 8.567910656552573112e-01 1.872192413282320889e-01 8.914318916943840820e-01 1.724932146142155176e-02 5.319711580644698179e-01 2.253805763567392484e-01 5.221236371244863950e-01 8.896549585017357042e-01 5.389816891713395952e-01 9.696868368014242012e-01
3.150878049097027844e-02 6.413771454716469256e-01 9.643974204380501014e-01 1.002255563935933180e-01 9.796956191379324608e-01 9.898742191000902135e-01 4.308818103756840712e-01 1.324514221734097719e-01 9.113442135972978919e-01 2.453128383826044256e-01 0.000000000000000000e+00 5.982846289721999167e-02 4.307086706266503029e-01 5.699606112332962216e-01 4.851605396457902009e-01 3.108727533041222291e-01 9.724668135159876270e-01 6.622133823851920065e-01 9.319115761697610578e-01 2.960224091375721622e-01 7.653229323157050290e-01 3.835866231287261563e-01 9.098465474278938370e-01 6.077007127759577187e-01 7.999262867434232538e-01 6.320926445204502198e-01 1.011203767960859867e-01 6.848250204734194213e-01 7.227820594496995321e-01 7.597695592284489097e-01 8.110348763408838924e-01 8.877697608261791995e-02 7.335021570774106214e-01 7.732325770486202510e-01 5.615729981971444573e-01 1.542456745725414580e-01 8.450182643081719513e-01 3.134027487791706257e-01 2.752467532668712025e-01 6.229333592670860398e-03
3.057095712851936042e-01 3.121287888676574918e-01 8.552844290913302894e-01 5.553372596936974048e-01 4.223965679823067365e-01 7.592418539076777328e-01 6.005820201643474743e-02 6.905372120435863126e-01 9.091897034371017039e-01 1.900241250674266080e-01 5.982846289721999167e-02 0.000000000000000000e+00 8.121337457246537994e-01 2.710907923812517772e-01 9.206356915465717661e-01 7.303996982129246085e-01 8.110187874742441627e-01 9.648912954963700939e-01 6.243963982345674957e-01 5.360908854490863407e-01 1.251155476448295722e-01 7.763181268371299737e-01 2.965760537892921933e-01 3.339998655161439123e-01 8.557742351559888272e-01 6.410443140426795861e-01 2.573081783585355886e-01 7.035340484579621911e-02 3.310845469348836501e-01 6.104175645043378173e-01 8.417444673401242028e-01 3.496827579606905934e-01 8.952197693632573117e-01 8.034870749989481142e-01 8.761865369529737713e-01 8.581813412960255238e-01 6.152767356608124238e-02 6.432197094550526906e-01 2.144104521979434130e-01 3.788001696168393773e-01
4.877709547236974696e-02 3.748871204291884807e-01 8.901346798491344137e-01 3.886415443522988067e-01 9.105855006703958976e-01 4.005189896667483707e-01 1.749294304661822563e-01 9.306702812310818640e-02 6.467857540609609490e-01 4.379693524743165645e-01 4.307086706266503029e-01 8.121337457246537994e-01 0.000000000000000000e+00 2.733748120770507217e-02 7.179471052769081929e-02 4.568164871449227338e-01 1.022804692375713920e-01 9.782490870085027712e-01 9.707216384218924077e-01 1.326503279141685310e-01 6.331687173033756499e-01 2.336137561676153718e-01 3.621282287679754575e-01 3.635392972729678540e-01 7.170582494007805563e-01 7.465165671569803374e-01 3.384650293153594891e-01 2.622468442638712371e-01 6.248502617491844546e-01 7.529968831191966583e-01 9.327035752615430164e-01 7.246486008110193389e-01 6.291945252921626874e-01 9.687991587382825953e-01 6.522924944997693375e-01 6.103664862934941038e-01 8.280528127998979526e-01 4.477865057302347074e-01 1.952663091980372245e-01 4.640767761549918768e-01
4.703499494887509735e-01 6.673684843345740747e-01 9.055832015956308823e-01 4.555757093711988448e-01 9.814268187431961499e-01 6.933499139740905148e-01 8.745048355236204607e-01 2.128057584222670107e-01 4.199172277084599614e-01 7.485373424720154212e-02 5.699606112332962216e-01 2.710907923812517772e-01 2.733748120770507217e-02 0.000000000000000000e+00 1.256910430681605906e-01 2.181788071801371576e-01 2.577260175392968033e-01 2.965122971141416208e-01 9.067283076092620409e-01 4.788333664696667880e-01 7.314814800268608641e-01 9.853965921884477730e-02 9.156887112279805674e-01 4.931459653206909932e-01 6.821409080217393228e-01 6.213813937393974918e-01 7.620909816959202665e-01 5.492919448254824921e-01 7.863876982987394459e-02 9.712945141971178753e-01 1.698317069596571027e-01 7.901043610287982188e-01 2.905048693644735058e-01 4.183450546603599829e-01 2.973232344094126622e-01 8.249995020670852774e-02 8.219833863335667123e-01 7.350319257867510281e-02 6.909390089803091328e-02 7.579077655474618647e-01
2.366838735823396656e-01 5.221946907284052974e-01 8.196014065877024191e-01 5.475853321709058807e-01 6.502561684154236632e-01 6.102811885270698067e-02 8.351408174675598595e-01 4.719070307248578455e-01 2.278398547698861076e-01 2.364153166092844982e-01 4.851605396457902009e-01 9.206356915465717661e-01 7.179471052769081929e-02 1.256910430681605906e-01 0.000000000000000000e+00 1.705223028105484762e-01 1.282865722542499975e-01 1.721807941000168540e-01 4.449935537630210769e-01 9.659863060299628268e-01 4.294550195890076694e-01 4.115966167096696271e-01 7.243467313768171545e-01 3.964150033371499626e-01 2.262233847976213852e-02 5.403580199300042075e-01 1.585858085317749522e-01 6.091227642660261843e-01 4.878774168602579842e-01 3.113202391450025086e-01 9.553952636518008301e-01 1.108492246829060335e-01 4.384323348118734920e-02 2.186730132471264021e-01 6.382852534086029817e-01 9.918605520060826963e-01 9.933597337032276098e-01 7.847322497515639705e-01 3.442876285885918541e-01 9.945398647559007266e-01
3.223845137397310934e-01 1.772799536602542858e-02 7.616243241020311805e-01 1.619070720864367319e-01 9.925983712150985294e-01 2.199446782763195829e-01 8.156300084774487091e-01 4.981679311926734410e-02 1.111700031376984255e-01 7.829614012773462584e-01 3.108727533041222291e-01 7.303996982129246085e-01 4.568164871449227338e-01 2.181788071801371576e-01 1.705223028105484762e-01 0.000000000000000000e+00 6.814988669199796290e-01 5.767455228765683284e-02 4.251921255068513705e-02 3.399727629426025910e-01 9.010228024584454598e-01 1.245262015175859771e-01 1.888645084816560349e-01 3.935114434241449022e-01 2.634855772124967688e-01 8.839683293832625299e-01 1.171917073655712738e-01 4.753565160429273906e-01 5.085239089456331518e-01 5.174318407796455466e-01 4.869522849348393301e-01 8.244024537419472054e-01 2.366016336864760206e-01 8.647860814225416526e-03 2.283598068669264736e-01 9.843454111097362791e-01 6.247240652573748942e-02 8.748976152516606541e-01 9.932352905831669521e-01 4.930973934019378113e-01
7.859132496829400738e-01 1.389732760298064695e-01 5.820256514250379265e-01 6.891520899993586191e-01 4.946449463380750977e-01 9.664860647373073599e-01 8.293971613211272853e-01 4.187203471131583088e-01 4.269897364664263506e-01 1.235876164354483553e-01 9.724668135159876270e-01 8.110187874742441627e-01 1.022804692375713920e-01 2.577260175392968033e-01 1.282865722542499975e-01 6.814988669199796290e-01 0.000000000000000000e+00 7.578767773062934365e-01 7.088352425127963929e-02 9.841169528063216099e-01 8.609267786684741131e-01 4.874411836032932488e-02 1.816739352734207946e-01 5.416020128165004444e-01 9.283141497004766540e-01 5.550192674606579946e-02 8.141283491209831968e-01 6.818131496157811000e-01 3.248467172400607561e-01 1.155714711169687492e-01 8.211158213989983023e-01 6.413421749756323953e-01 9.486272045258733465e-01 7.983288428972532547e-01 4.035893607261300531e-01 5.348672229798172584e-01 4.555439047005089837e-01 9.303379191120623171e-01 2.718920254063339481e-02 5.864310400982699623e-01
2.640363955692607290e-01 5.798478977092064168e-01 7.183285814713401551e-01 1.842399659820607161e-01 8.444244910984965991e-01 6.182249664790528954e-02 4.829165144165231682e-01 1.216258553366003081e-01 9.158509574399631425e-02 6.047944375785453408e-01 6.622133823851920065e-01 9.648912954963700939e-01 9.782490870085027712e-01 2.965122971141416208e-01 1.721807941000168540e-01 5.767455228765683284e-02 7.578767773062934365e-01 0.000000000000000000e+00 1.711567461304586146e-02 8.111919324860640268e-01 6.154504927531790903e-01 1.129588035694939485e-01 2.045914076504755652e-01 4.998009937462261076e-01 8.934511739990298462e-01 8.782529317950230618e-01 9.849200809067037987e-02 8.605845894845730593e-01 1.490006472650456937e-01 8.016120251053739931e-01 3.653115983957467838e-01 8.437265030110077113e-01 8.506631024977729938e-01 5.589868991692623634e-01 6.552919657716580470e-01 4.981239173982289214e-01 5.595927464438650301e-01 6.149642104575361312e-01 9.028773390317879066e-01 4.666037934927675934e-01
5.819940634569464866e-02 9.400258765541162909e-01 1.837514619755566958e-01 1.434615250233162165e-02 4.541981311140219635e-01 6.916256151482859105e-01 6.599348611700285305e-01 2.795005214964269014e-01 7.755570066280830233e-01 3.553474717676805561e-01 9.319115761697610578e-01 6.243963982345674957e-01 9.707216384218924077e-01 9.067283076092620409e-01 4.449935537630210769e-01 4.251921255068513705e-02 7.088352425127963929e-02 1.711567461304586146e-02 0.000000000000000000e+00 8.249749346113689485e-01 6.497804291509925445e-01 1.739333741195133731e-01 1.793976086798118041e-01 1.844660041156354069e-01 7.993740869179266628e-02 8.910570852328489888e-01 4.327142986033790661e-01 5.612818405940209754e-01 4.898935549927463384e-02 8.407493457504405798e-01 1.400164772792988899e-02 4.945524822420452882e-01 8.087188908457180192e-01 3.004286043926182037e-01 9.030065904848877389e-01 3.661770040993694852e-01 4.528038093524631158e-01 9.206544384753930776e-01 4.814297729298188111e-01 9.111328799759006447e-01
2.001557494392611769e-01 8.205686843644257600e-01 9.096487964241568580e-01 5.246102409254618237e-01 2.956874708952911268e-01 5.855904735958044061e-01 2.247373228733881012e-01 6.301567864244872474e-01 2.496322147587182183e-01 8.027141650254552285e-01 2.960224091375721622e-01 5.360908854490863407e-01 1.326503279141685310e-01 4.788333664696667880e-01 9.659863060299628268e-01 3.399727629426025910e-01 9.841169528063216099e-01 8.111919324860640268e-01 8.249749346113689485e-01 0.000000000000000000e+00 6.194271562238876649e-01 9.164688330396975058e-01 7.611109442575355599e-01 1.959369273475608519e-02 4.606856980569563609e-01 4.282917685587368517e-01 4.802914243859783827e-01 2.966116738758787230e-01 2.784727065970337145e-01 7.784732706100547794e-01 3.067062530446320601e-01 1.209571953441319625e-01 7.876826892070913910e-01 4.054051356057863931e-02 1.574441059889249983e-01 4.221361937817524890e-01 5.260416070840105984e-01 4.642948302194390697e-01 6.118468416989131242e-02 6.736076469991447713e-02
7.462991847072208973e-01 1.251696471910870301e-01 5.076172681276727161e-01 5.522073725505114439e-01 9.459530265203208721e-01 7.612492073338994469e-02 4.210862619487076852e-02 1.561400118357900713e-01 9.865811547212933741e-01 5.163218575206874883e-01 7.653229323157050290e-01 1.251155476448295722e-01 6.331687173033756499e-01 7.314814800268608641e-01 4.294550195890076694e-01 9.010228024584454598e-01 8.609267786684741131e-01 6.154504927531790903e-01 6.497804291509925445e-01 6.194271562238876649e-01 0.000000000000000000e+00 6.096370883829848042e-01 3.298686920153803825e-02 7.173900766843502863e-01 4.155059310497367653e-01 3.742687334806548138e-01 3.289569615707955696e-01 3.455767952453528968e-01 2.131409860525655953e-01 7.124649714331606765e-01 5.721289613525247786e-01 5.761968819449825308e-02 7.953670416338970428e-01 7.882375769545785227e-01 9.279844943625313869e-01 2.182985933440927395e-01 5.765909473140971020e-01 2.730047711437189051e-02 5.960721389155730909e-01 9.363906623069495616e-02
4.241977630303899183e-01 9.751757268564317238e-01 7.287539639787028456e-01 5.771510520305025427e-01 1.586572446352566557e-01 3.661220135858384017e-01 9.976200080804505932e-01 6.837177398159255404e-01 6.885987238015420786e-01 6.252466941134364742e-01 3.835866231287261563e-01 7.763181268371299737e-01 2.336137561676153718e-01 9.853965921884477730e-02 4.115966167096696271e-01 1.245262015175859771e-01 4.874411836032932488e-02 1.129588035694939485e-01 1.739333741195133731e-01 9.164688330396975058e-01 6.096370883829848042e-01 0.000000000000000000e+00 4.285573768850085008e-01 5.934573162775446109e-01 9.019089810781498739e-01 4.364839282220288608e-01 3.720843097151987910e-01 5.804987425453137506e-01 1.325016154317036898e-01 5.475986659516929311e-02 1.370546876166613970e-01 2.452005728756364578e-01 4.831809213579051354e-01 5.409024987228095993e-01 1.937109646003923880e-01 8.402492828042250617e-01 4.259559478454757464e-01 9.029469682007889020e-01 9.821118997140122486e-01 7.089447205417012121e-01
3.687049910011531706e-01 8.459325793786988124e-01 5.134107546263692035e-01 4.336305408824503438e-02 6.517840740154106083e-01 6.515600330044835076e-02 2.141819895139022156e-01 5.999348851398669247e-01 9.475315149785679125e-02 7.842414650234751372e-01 9.098465474278938370e-01 2.965760537892921933e-01 3.621282287679754575e-01 9.156887112279805674e-01 7.243467313768171545e-01 1.888645084816560349e-01 1.816739352734207946e-01 2.045914076504755652e-01 1.793976086798118041e-01 7.611109442575355599e-01 3.298686920153803825e-02 4.285573768850085008e-01 0.000000000000000000e+00 4.564211299316058845e-01 1.351536985981954819e-01 7.862035800213759140e-01 9.086819517667452661e-01 8.089198763434785056e-01 4.133820875698946962e-01 7.948060443864020108e-01 4.524184877578868447e-01 3.919367339812007689e-01 8.105396440821408532e-01 2.077507540447554035e-02 8.720320484124971516e-01 1.632564132713962834e-01 2.506703129337013447e-01 2.428420872270778963e-01 9.041261587810122125e-01 5.071004465825053042e-01
1.440010425549170803e-01 5.196460609892539217e-03 4.751571436084602862e-01 7.152224745533053429e-01 5.405761819422815195e-01 2.617229368936800915e-01 3.264401060610834238e-01 4.076189064429209807e-01 4.310916211733666348e-01 5.497205203868121837e-01 6.077007127759577187e-01 3.339998655161439123e-01 3.635392972729678540e-01 4.931459653206909932e-01 3.964150033371499626e-01 3.935114434241449022e-01 5.416020128165004444e-01 4.998009937462261076e-01 1.844660041156354069e-01 1.959369273475608519e-02 7.173900766843502863e-01 5.934573162775446109e-01 4.564211299316058845e-01 0.000000000000000000e+00 8.722487077457863336e-01 9.611068284643000670e-01 8.891378118066036729e-01 4.318103622932891739e-01 3.047701282517578658e-01 9.438342629024121244e-02 3.793323171185822851e-01 6.034242623381453896e-01 3.642639902230982996e-01 1.582816056055401654e-01 8.211386173728857374e-01 1.562960868405846027e-01 8.949209135872980836e-01 8.978672519768473581e-01 8.284641788602669088e-01 5.166374419783752447e-01
4.529517235836371114e-01 9.946387534649313578e-01 9.434836022647241638e-01 8.883620721308668200e-01 4.958637266974584845e-01 8.467874074582529831e-01 9.913412409905797418e-02 5.024999954145464853e-01 7.366268270829434694e-02 7.630191331753909401e-01 7.999262867434232538e-01 8.557742351559888272e-01 7.170582494007805563e-01 6.821409080217393228e-01 2.262233847976213852e-02 2.634855772124967688e-01 9.283141497004766540e-01 8.934511739990298462e-01 7.993740869179266628e-02 4.606856980569563609e-01 4.155059310497367653e-01 9.019089810781498739e-01 1.351536985981954819e-01 8.722487077457863336e-01 0.000000000000000000e+00 9.701488620241632832e-01 3.763822086099869457e-01 6.241777026260741934e-01 1.652301044731931956e-01 9.671888332532454502e-01 2.602222777171624424e-01 7.487439183705447698e-01 8.509038031158803195e-01 9.366082170837813914e-01 7.630200253613325101e-01 3.732667102977005325e-01 6.011328734493485149e-01 6.954111601793740993e-01 7.819792821057064414e-01 6.138958568340274757e-01
8.299260085999715653e-02 9.218668546896899851e-01 6.376732881910306405e-01 7.940348732462487735e-01 3.054653339694568537e-02 3.983105487699367675e-01 5.452779208442171122e-01 9.309664648686518662e-01 2.710797795861542570e-01 9.933773692256895327e-01 6.320926445204502198e-01 6.410443140426795861e-01 7.465165671569803374e-01 6.213813937393974918e-01 5.403580199300042075e-01 8.839683293832625299e-01 5.550192674606579946e-02 8.782529317950230618e-01 8.910570852328489888e-01 4.282917685587368517e-01 3.742687334806548138e-01 4.364839282220288608e-01 7.862035800213759140e-01 9.611068284643000670e-01 9.701488620241632832e-01 0.000000000000000000e+00 9.097397616190191494e-01 4.777499481972622419e-01 2.989733509273559964e-01 3.711666168572563818e-01 6.383516713758232708e-01 2.362452088274744622e-01 5.244174852580846258e-01 3.179019292860485457e-01 8.789451885085153293e-01 8.484258691412613906e-01 1.551378138655609140e-01 9.334999362442412130e-01 3.682390303699029088e-01 6.454946485375880894e-01
4.651174749006370401e-02 1.053481925118661122e-01 7.935338009104321300e-01 6.145171023143995992e-01 6.424037298999515366e-01 9.824427432427451645e-01 4.635865146556920058e-01 8.969707664159695115e-01 9.690730165223214732e-01 6.976538777895103793e-01 1.011203767960859867e-01 2.573081783585355886e-01 3.384650293153594891e-01 7.620909816959202665e-01 1.585858085317749522e-01 1.171917073655712738e-01 8.141283491209831968e-01 9.849200809067037987e-02 4.327142986033790661e-01 4.802914243859783827e-01 3.289569615707955696e-01 3.720843097151987910e-01 9.086819517667452661e-01 8.891378118066036729e-01 3.763822086099869457e-01 9.097397616190191494e-01 0.000000000000000000e+00 3.590595060205520328e-01 6.709873145092060120e-01 1.991022385118107474e-01 1.397506342811062341e-01 1.959989111772615367e-01 4.903328808128371019e-01 3.361866000286056755e-01 9.216405326202011805e-01 2.908263068846337340e-01 1.361951419254160411e-01 2.635732388679898897e-01 4.921974886670381633e-01 3.811896737915131395e-01
1.836921723611294466e-01 4.274488726579086517e-01 8.535303082530389940e-01 2.449773758693069015e-01 9.621343763137264471e-01 6.312653287184424311e-01 4.451839526115797252e-01 2.463537112838632970e-01 5.862448864164029327e-01 4.192595911156423716e-01 6.848250204734194213e-01 7.035340484579621911e-02 2.622468442638712371e-01 5.492919448254824921e-01 6.091227642660261843e-01 4.753565160429273906e-01 6.818131496157811000e-01 8.605845894845730593e-01 5.612818405940209754e-01 2.966116738758787230e-01 3.455767952453528968e-01 5.804987425453137506e-01 8.089198763434785056e-01 4.318103622932891739e-01 6.241777026260741934e-01 4.777499481972622419e-01 3.590595060205520328e-01 0.000000000000000000e+00 7.265258468840177786e-01 6.795591246977611410e-01 4.153503793245111320e-01 1.794929349768795701e-01 3.884800249655763205e-01 5.696757455625354183e-01 7.742740548031266101e-01 5.083550079957303014e-01 3.079148120455340587e-01 3.292670160549896474e-01 1.713734531865431787e-01 8.386386812087164300e-01
4.135871014169756332e-02 5.877665025873897164e-01 7.602956016520234783e-01 7.602063692583532761e-01 1.452903509980992824e-01 1.362212250820631354e-01 3.262887761736591452e-01 7.659197279924366830e-01 7.250674518210600272e-01 7.396883043792447099e-01 7.227820594496995321e-01 3.310845469348836501e-01 6.248502617491844546e-01 7.863876982987394459e-02 4.878774168602579842e-01 5.085239089456331518e-01 3.248467172400607561e-01 1.490006472650456937e-01 4.898935549927463384e-02 2.784727065970337145e-01 2.131409860525655953e-01 1.325016154317036898e-01 4.133820875698946962e-01 3.047701282517578658e-01 1.652301044731931956e-01 2.989733509273559964e-01 6.709873145092060120e-01 7.265258468840177786e-01 0.000000000000000000e+00 1.410941267663899934e-01 1.154000554418728175e-01 5.528687824105691373e-01 8.367590312712522849e-01 2.676118950412615938e-01 9.565937094955117015e-01 8.994755942777169500e-01 2.812023314299937349e-01 6.286182597050498089e-01 7.298811192739601550e-01 7.664031049742382473e-01
2.394746081105323388e-01 1.243513308040745668e-01 4.074032874973987361e-01 8.429650607934972006e-01 9.328893813128920076e-01 7.376571480156295380e-01 5.249879273211854880e-03 5.916474605202985959e-01 8.498583823241452340e-01 6.748785803553218887e-01 7.597695592284489097e-01 6.104175645043378173e-01 7.529968831191966583e-01 9.712945141971178753e-01 3.113202391450025086e-01 5.174318407796455466e-01 1.155714711169687492e-01 8.016120251053739931e-01 8.407493457504405798e-01 7.784732706100547794e-01 7.124649714331606765e-01 5.475986659516929311e-02 7.948060443864020108e-01 9.438342629024121244e-02 9.671888332532454502e-01 3.711666168572563818e-01 1.991022385118107474e-01 6.795591246977611410e-01 1.410941267663899934e-01 0.000000000000000000e+00 9.859282290093061007e-01 2.074337599544009425e-01 7.927433269124019022e-01 5.829041616955946692e-01 4.939924680984868477e-01 8.309851879425982357e-01 9.178679886106894115e-01 3.603824776194886059e-02 7.516269541425339984e-01 4.526084897957642905e-01
4.747517690249457578e-01 4.142553947907012812e-02 1.671433192005356005e-01 7.241919315604631313e-01 7.558486723192511247e-01 7.843881058317483390e-01 7.409476510324339849e-01 1.233944495369597716e-01 7.061887686683736565e-01 8.567910656552573112e-01 8.110348763408838924e-01 8.417444673401242028e-01 9.327035752615430164e-01 1.698317069596571027e-01 9.553952636518008301e-01 4.869522849348393301e-01 8.211158213989983023e-01 3.653115983957467838e-01 1.400164772792988899e-02 3.067062530446320601e-01 5.721289613525247786e-01 1.370546876166613970e-01 4.524184877578868447e-01 3.793323171185822851e-01 2.602222777171624424e-01 6.383516713758232708e-01 1.397506342811062341e-01 4.153503793245111320e-01 1.154000554418728175e-01 9.859282290093061007e-01 0.000000000000000000e+00 3.101587793989015740e-01 7.666896053708600611e-01 9.359004265115455912e-02 3.381856777602453290e-01 3.326907630466506838e-01 4.542717796073422187e-01 5.692113077550864375e-02 8.497546690045800766e-01 2.772652306541166789e-01
1.836571707793293040e-01 9.303864689465701776e-02 1.070724817539493445e-01 2.398282368283481958e-01 5.752893909346601387e-02 8.053285494204511785e-01 6.813497746389586274e-01 2.282819298777729600e-01 6.226286484892450401e-01 1.872192413282320889e-01 8.877697608261791995e-02 3.496827579606905934e-01 7.246486008110193389e-01 7.901043610287982188e-01 1.108492246829060335e-01 8.244024537419472054e-01 6.413421749756323953e-01 8.437265030110077113e-01 4.945524822420452882e-01 1.209571953441319625e-01 5.761968819449825308e-02 2.452005728756364578e-01 3.919367339812007689e-01 6.034242623381453896e-01 7.487439183705447698e-01 2.362452088274744622e-01 1.959989111772615367e-01 1.794929349768795701e-01 5.528687824105691373e-01 2.074337599544009425e-01 3.101587793989015740e-01 0.000000000000000000e+00 6.619663410045041330e-01 6.404097211019651459e-01 6.754173324237017217e-01 7.794675944809209556e-01 5.922103217110830098e-01 3.059282859723766457e-02 3.489172560104727427e-01 4.673805832026063367e-01
1.464271552786613473e-01 5.854523078902397204e-01 9.598898157467724568e-01 9.538319835464905694e-01 5.306576436928550633e-01 8.707752846262362123e-02 4.092083242009294519e-01 1.714740850606731870e-01 7.527331111630015670e-01 8.914318916943840820e-01 7.335021570774106214e-01 8.952197693632573117e-01 6.291945252921626874e-01 2.905048693644735058e-01 4.384323348118734920e-02 2.366016336864760206e-01 9.486272045258733465e-01 8.506631024977729938e-01 8.087188908457180192e-01 7.876826892070913910e-01 7.953670416338970428e-01 4.831809213579051354e-01 8.105396440821408532e-01 3.642639902230982996e-01 8.509038031158803195e-01 5.244174852580846258e-01 4.903328808128371019e-01 3.884800249655763205e-01 8.367590312712522849e-01 7.927433269124019022e-01 7.666896053708600611e-01 6.619663410045041330e-01 0.000000000000000000e+00 3.386483178833403773e-01 5.865003721475278153e-01 2.247190240783705217e-01 6.565859199325222439e-01 3.610980233069801537e-01 1.798360474556393029e-01 9.419878991495341802e-01
7.783781567145050539e-01 7.357672007266706782e-01 2.475182312666989182e-01 9.719618081849287217e-01 1.258147471634013526e-01 6.572954700872890577e-01 4.319216466802012766e-01 8.957036393332441504e-01 4.283392170142148458e-01 1.724932146142155176e-02 7.732325770486202510e-01 8.034870749989481142e-01 9.687991587382825953e-01 4.183450546603599829e-01 2.186730132471264021e-01 8.647860814225416526e-03 7.983288428972532547e-01 5.589868991692623634e-01 3.004286043926182037e-01 4.054051356057863931e-02 7.882375769545785227e-01 5.409024987228095993e-01 2.077507540447554035e-02 1.582816056055401654e-01 9.366082170837813914e-01 3.179019292860485457e-01 3.361866000286056755e-01 5.696757455625354183e-01 2.676118950412615938e-01 5.829041616955946692e-01 9.359004265115455912e-02 6.404097211019651459e-01 3.386483178833403773e-01 0.000000000000000000e+00 7.451458500705930854e-01 2.801941631603438454e-01 6.699118170459359423e-01 7.662947346779435120e-01 1.781223187323621726e-01 6.226732238330635605e-01
2.831618367050195983e-01 1.206873839414560612e-01 3.718046420476455172e-01 4.357095340691941043e-02 6.339927023637584869e-01 5.797087949789453409e-01 7.103114298901060941e-01 7.171688451316511337e-01 8.598292864564744953e-01 5.319711580644698179e-01 5.615729981971444573e-01 8.761865369529737713e-01 6.522924944997693375e-01 2.973232344094126622e-01 6.382852534086029817e-01 2.283598068669264736e-01 4.035893607261300531e-01 6.552919657716580470e-01 9.030065904848877389e-01 1.574441059889249983e-01 9.279844943625313869e-01 1.937109646003923880e-01 8.720320484124971516e-01 8.211386173728857374e-01 7.630200253613325101e-01 8.789451885085153293e-01 9.216405326202011805e-01 7.742740548031266101e-01 9.565937094955117015e-01 4.939924680984868477e-01 3.381856777602453290e-01 6.754173324237017217e-01 5.865003721475278153e-01 7.451458500705930854e-01 0.000000000000000000e+00 5.637481561510307992e-01 5.984111151815713070e-01 1.211737489371729204e-01 5.355358294916257034e-02 6.207602621348047300e-01
2.601190117557031778e-01 2.815744684944031517e-01 5.625186431764992445e-01 2.786339914721532862e-01 9.153929397312906557e-01 7.966777723591610405e-01 6.569708958211314398e-01 5.586771590397554554e-01 1.869670391490115824e-01 2.253805763567392484e-01 1.542456745725414580e-01 8.581813412960255238e-01 6.103664862934941038e-01 8.249995020670852774e-02 9.918605520060826963e-01 9.843454111097362791e-01 5.348672229798172584e-01 4.981239173982289214e-01 3.661770040993694852e-01 4.221361937817524890e-01 2.182985933440927395e-01 8.402492828042250617e-01 1.632564132713962834e-01 1.562960868405846027e-01 3.732667102977005325e-01 8.484258691412613906e-01 2.908263068846337340e-01 5.083550079957303014e-01 8.994755942777169500e-01 8.309851879425982357e-01 3.326907630466506838e-01 7.794675944809209556e-01 2.247190240783705217e-01 2.801941631603438454e-01 5.637481561510307992e-01 0.000000000000000000e+00 8.534667585039185100e-01 7.878318002016505561e-01 7.009466207341619182e-01 5.839095295455108969e-01
6.863362301495803397e-01 5.241334891340273527e-01 7.946624637052202011e-01 5.439209863168126269e-02 5.432747610247592451e-01 4.600116940611861382e-01 9.244313639524658344e-01 2.616926917004179787e-01 1.678193938844620980e-01 5.221236371244863950e-01 8.450182643081719513e-01 6.152767356608124238e-02 8.280528127998979526e-01 8.219833863335667123e-01 9.933597337032276098e-01 6.247240652573748942e-02 4.555439047005089837e-01 5.595927464438650301e-01 4.528038093524631158e-01 5.260416070840105984e-01 5.765909473140971020e-01 4.259559478454757464e-01 2.506703129337013447e-01 8.949209135872980836e-01 6.011328734493485149e-01 1.551378138655609140e-01 1.361951419254160411e-01 3.079148120455340587e-01 2.812023314299937349e-01 9.178679886106894115e-01 4.542717796073422187e-01 5.922103217110830098e-01 6.565859199325222439e-01 6.699118170459359423e-01 5.984111151815713070e-01 8.534667585039185100e-01 0.000000000000000000e+00 8.789423229158632722e-01 4.370245341441784115e-01 9.434805936690336958e-01
6.907680331984280553e-01 1.431259191709763900e-01 7.282667904090255329e-01 7.455913704366681216e-01 1.367057413548344869e-01 3.839121940136077660e-01 7.179606326483891632e-01 7.238321364796251878e-01 3.868573673310653493e-01 8.896549585017357042e-01 3.134027487791706257e-01 6.432197094550526906e-01 4.477865057302347074e-01 7.350319257867510281e-02 7.847322497515639705e-01 8.748976152516606541e-01 9.303379191120623171e-01 6.149642104575361312e-01 9.206544384753930776e-01 4.642948302194390697e-01 2.730047711437189051e-02 9.029469682007889020e-01 2.428420872270778963e-01 8.978672519768473581e-01 6.954111601793740993e-01 9.334999362442412130e-01 2.635732388679898897e-01 3.292670160549896474e-01 6.286182597050498089e-01 3.603824776194886059e-02 5.692113077550864375e-02 3.059282859723766457e-02 3.610980233069801537e-01 7.662947346779435120e-01 1.211737489371729204e-01 7.878318002016505561e-01 8.789423229158632722e-01 0.000000000000000000e+00 1.157104493463270156e-01 6.950837378951482126e-01
7.427403948248610943e-01 4.481219850157512896e-01 9.128613557314381177e-01 5.911916207844145621e-01 5.359075956116156059e-01 2.927207515708823982e-01 8.672072857388274381e-01 9.574818828756983535e-01 8.588148618599293904e-01 5.389816891713395952e-01 2.752467532668712025e-01 2.144104521979434130e-01 1.952663091980372245e-01 6.909390089803091328e-02 3.442876285885918541e-01 9.932352905831669521e-01 2.718920254063339481e-02 9.028773390317879066e-01 4.814297729298188111e-01 6.118468416989131242e-02 5.960721389155730909e-01 9.821118997140122486e-01 9.041261587810122125e-01 8.284641788602669088e-01 7.819792821057064414e-01 3.682390303699029088e-01 4.921974886670381633e-01 1.713734531865431787e-01 7.298811192739601550e-01 7.516269541425339984e-01 8.497546690045800766e-01 3.489172560104727427e-01 1.798360474556393029e-01 1.781223187323621726e-01 5.355358294916257034e-02 7.009466207341619182e-01 4.370245341441784115e-01 1.157104493463270156e-01 0.000000000000000000e+00 1.343578010422038505e-01
