0.000000000000000000e+00 5.375158954003010914e-01 7.784068729275162024e-01 7.414746283149091788e-01 7.469097167872652543e-01 7.909479592694896866e-01 9.835633355802554378e-01 7.422622565989386301e-01 4.418350307962497503e-01 1.981617262658087464e-01 2.238896660282752027e-01 8.258100790180454842e-01 8.767672216782338435e-01 2.410748263324844487e-01 5.170231122407009661e-01 2.192206592575135504e-01 4.337027877271792953e-02 9.741984015580162914e-01 7.469405011184251375e-01 8.709481677642377795e-01 2.032324203685698105e-01 1.423562025972653355e-01 1.909342585446508478e-01 6.494828397596031921e-01 5.313020434184234642e-01 7.444131089598566842e-01 4.601205236407145405e-01 4.445823189380802010e-01 3.367999557784210340e-01 1.268804445936128067e-01 4.543132315911637686e-01 5.672439407044922444e-01 7.559901422383865643e-01 8.713950067607879602e-01 5.712499791135606797e-01 6.105067045076482124e-01 6.251321533874835135e-01 8.147014190249897148e-01 6.909733386888642359e-01 3.959948481877529902e-01 7.504933961050674895e-02 3.778860390891192189e-02 9.059290572649357776e-01 3.686275400513794320e-01 9.804262307668036858e-01 1.965613558007397454e-01 6.080568985871649401e-01 2.767089497840706791e-01 2.308379535075855138e-02 4.845434777813658611e-01
5.375158954003010914e-01 0.000000000000000000e+00 7.854605025885000869e-01 6.977351242541087739e-01 9.166546793020741157e-01 4.671985600710674147e-01 8.766994469109805621e-01 2.859630260728783790e-01 8.950131547179567271e-01 2.421751457572196564e-01 8.096043137235593434e-01 2.852477054985258498e-02 7.212431761727456925e-01 8.983819037908920002e-01 1.518693706291738277e-01 8.806328386237738393e-03 9.615485992330567999e-01 1.651250974084704781e-01 7.352971469802603854e-01 4.296270864566500425e-01 3.426677986796634601e-01 7.291745592136658072e-01 7.482004066340363080e-01 7.713879643074896819e-01 2.975108039982594654e-01 2.322649889003552959e-01 7.642644892887312524e-01 4.546681845745466077e-01 8.428678150063095842e-03 9.428356840416486362e-01 8.136179361573444568e-01 7.498143515866243503e-01 6.217957546241603684e-02 1.325347182124605450e-01 9.731345183407213995e-02 3.989648178939775303e-02 5.210433669417712244e-01 7.930441439826926286e-01 9.525035406842607966e-02 7.124873779719160805e-01 7.200298155135469447e-01 6.167504810423015682e-01 4.025323999200951519e-01 4.182487282629084868e-01 5.865198739438201025e-01 4.085073557108982456e-01 3.016793800726677022e-01 7.708400619124810005e-01 9.179053772469132344e-01 2.960788108515250983e-01
7.784068729275162024e-01 7.854605025885000869e-01 0.000000000000000000e+00 7.618583576199178253e-01 5.141185815819454552e-01 8.917439566294806941e-01 6.158239300017842588e-02 8.436523096969579250e-01 7.248052061958480952e-01 4.425359476735852837e-01 1.890138234891092228e-01 6.576315729790892517e-01 9.327992318944278161e-01 7.369576436888074511e-01 3.934039956290777962e-01 4.328703699106454250e-01 4.261661916167118758e-01 3.845555330864116605e-01 7.378107264368216622e-01 2.461374467916236375e-01 7.148860755532115974e-01 1.005432873701284091e-02 6.178375470062446029e-01 8.947978171427369842e-01 6.964088980360843006e-01 8.858892239811601010e-01 8.055586830474505966e-01 3.678566355728878357e-01 1.397381180845392867e-01 3.248188952668106255e-01 2.909695765281931079e-01 5.772218598972557180e-01 9.250451629557782107e-01 6.902978666956298692e-01 5.723555167373628461e-02 8.316056556670388122e-01 8.477198437212649651e-01 1.272556621495934959e-01 6.995273443520431123e-01 9.742882570597777292e-02 7.065878129747941161e-01 7.631346745420064526e-02 1.156848910193841728e-01 8.088267498398222788e-01 9.954320694868961095e-01 3.584346068586271583e-01 3.080649413939560155e-01 9.344806769520032086e-01 6.534350022835109240e-01 8.022547930997118160e-01
7.414746283149091788e-01 6.977351242541087739e-01 7.618583576199178253e-01 0.000000000000000000e+00 1.106984858046449194e-01 4.391874589949354979e-01 5.465255811975593403e-01 1.051094310141151844e-01 7.376750536163239058e-01 5.832858527554730665e-01 4.324373130959757727e-02 4.988538229203707264e-01 2.042141529696794855e-02 9.893483873483254198e-01 2.148312714405389290e-01 3.074752055021875430e-01 2.378220222457501087e-01 4.517460924845875248e-01 2.841706149207218202e-01 2.597164192382793724e-01 7.837393477002971842e-01 2.176307140889788272e-03 4.514478912590015325e-01 7.116429496855859460e-01 5.118101649797024422e-01 9.581288659164138855e-01 8.486576405951338220e-01 4.961184463770740294e-02 5.137751350850635612e-01 4.192781727320729068e-01 4.649057257240707397e-02 6.333120997954161391e-01 8.408225345206250534e-01 9.313840104897408434e-02 2.488996709071770175e-01 3.687759372832621896e-02 9.294386897664508318e-02 2.678701563257671614e-01 6.156901257175925180e-01 3.869791005400686768e-01 5.453671887780372485e-01 3.987258553474589684e-01 1.828684303959183799e-01 1.069747622355136096e-01 4.437291212739293833e-01 3.350857611437924044e-01 5.877945735973348906e-01 8.827775557936708983e-01 1.245128068449463665e-02 6.987851173947356997e-01
7.469097167872652543e-01 9.166546793020741157e-01 5.141185815819454552e-01 1.106984858046449194e-01 0.000000000000000000e+00 7.054348870798378135e-01 8.414116792371412190e-01 7.950590078239522240e-01 1.493809333875062428e-02 4.304123145684028984e-01 4.983971065116837851e-01 3.101027409917875843e-01 7.047368525422637031e-01 7.353751073339835909e-01 5.081444495569304998e-01 7.997361030055460951e-01 3.492853129322225358e-01 9.372873372241687928e-01 4.246590825805030001e-02 2.651437552431402667e-01 8.710050039868417748e-01 3.147725622435468829e-01 8.545543391178350712e-01 7.763304210888621881e-02 6.282986540583372914e-01 8.046028583906666976e-01 3.279931074576457606e-01 2.900728724748908860e-01 6.369072314771262455e-01 5.346471531332053218e-02 8.700000255570646823e-01 3.158415397469794828e-01 3.131432134336156192e-01 6.641492382561082763e-01 6.849960931859064850e-01 2.926660446544616656e-01 8.289854947965409337e-01 5.795586547915169140e-01 3.629724453202859413e-01 6.747144023762605691e-01 2.729215000442287709e-01 9.518850230874131846e-01 8.673390512127050478e-01 5.971274711448658623e-01 7.499046905924795503e-01 5.898197684881416603e-01 8.740981241517175038e-01 6.297778002160028255e-01 3.899039365485799102e-01 8.906590396449723945e-01
7.909479592694896866e-01 4.671985600710674147e-01 8.917439566294806941e-01 4.391874589949354979e-01 7.054348870798378135e-01 0.000000000000000000e+00 1.094650335377562733e-01 7.690217574265606482e-01 8.672158352394571112e-01 5.125599075386572112e-01 5.226609878500606543e-01 9.578489081571469610e-01 6.092506496494443091e-01 5.218748990443207170e-01 4.972340677729314429e-01 7.695971691556602323e-01 2.240916480480792394e-02 4.760448855430142734e-01 4.307580311485614821e-02 8.447891736120030082e-01 8.622681267484213485e-01 1.033142395125883350e-01 6.320765745523110324e-01 8.619247075983629269e-01 4.800870149892997318e-01 4.272604525155629940e-01 8.896134118793337375e-01 1.061648058355675328e-01 7.774133688824019783e-01 6.277841863904740638e-01 3.940438864963702326e-02 4.383410163415739635e-01 1.544704072725167077e-02 2.326273620845019652e-01 5.883464213406053300e-02 4.334319214044235480e-01 3.212356995263261350e-01 8.161196691925861613e-01 9.030292503206740484e-01 3.810981987419835848e-01 2.300370961925140012e-01 3.712149310139161162e-01 1.749006541639919199e-02 6.554603641637600786e-01 8.780502666071254847e-02 4.912510299395322910e-01 2.360492817706322244e-01 9.836363861955568222e-01 9.729306845074343624e-01 5.310554739060225904e-01
9.835633355802554378e-01 8.766994469109805621e-01 6.158239300017842588e-02 5.465255811975593403e-01 8.414116792371412190e-01 1.094650335377562733e-01 0.000000000000000000e+00 3.039474553866550188e-03 3.880959553803906559e-01 4.239959298730016091e-01 1.364711359217721798e-01 4.468303866603757779e-01 4.650938128540870187e-01 6.965733954629510505e-01 8.538923611927616841e-01 3.076174850539908912e-01 4.081526371427930400e-01 2.276291975675786006e-01 6.054875511348589701e-01 8.823355022171511797e-01 8.069001956995466296e-01 4.329121956530953552e-01 9.966256278783316436e-01 8.197735450621975728e-01 1.199739378470097151e-01 4.996152328357618133e-01 9.938259659571018201e-01 6.695296072871922410e-01 1.430140637198532572e-01 2.836691605339696221e-01 6.510910318119381701e-01 6.266194262065520881e-01 4.792842875445568751e-03 1.158180987758854474e-01 4.394601947426562960e-01 4.306672980257558736e-01 5.237276026254662487e-01 2.239019121960464931e-01 1.577282140933063959e-01 5.335099063703970801e-01 8.818528452085794278e-01 8.935200661753439633e-02 9.125133146167752063e-02 8.652092039689862624e-02 6.348770830020804556e-01 4.669109537144237043e-01 7.625318480119727127e-01 2.609861125938450765e-01 7.602312719969354093e-01 3.373427577239932473e-01
7.422622565989386301e-01 2.859630260728783790e-01 8.436523096969579250e-01 1.051094310141151844e-01 7.950590078239522240e-01 7.690217574265606482e-01 3.039474553866550188e-03 0.000000000000000000e+00 1.273060258824587621e-01 9.473973053374442621e-01 3.566759592766661768e-01 9.898873372161636208e-01 1.581342451469658350e-02 7.031085677920824173e-01 6.650825196337342149e-01 7.717831458143199486e-01 5.981749244212820615e-01 1.706221442666526755e-01 7.456305405423691024e-02 9.514073787032757412e-01 4.247004233159444864e-01 6.310883086949230503e-01 6.075547311345724788e-01 1.857976290810294806e-01 3.545959584919784469e-01 7.580848988290774804e-01 1.854453520545665812e-01 8.014088950172323367e-01 7.329471696882661202e-01 5.604259803612898772e-03 4.577550329068988955e-01 4.803990393759266508e-01 4.483207153540889056e-01 7.236051277198026765e-01 4.811667240167100124e-01 7.127784790754118083e-01 2.981492936336147537e-01 8.174052994201082001e-01 6.167073403527099096e-01 7.076588841635561566e-01 2.810096384265833303e-01 9.533435416838373921e-01 1.225260215657785201e-01 1.886661254089250228e-02 9.591853987445698726e-01 7.614878259717303699e-01 8.099559113687543332e-01 4.650407841961967659e-01 4.354196665308202041e-01 6.421587983162265756e-01
4.418350307962497503e-01 8.950131547179567271e-01 7.248052061958480952e-01 7.376750536163239058e-01 1.493809333875062428e-02 8.672158352394571112e-01 3.880959553803906559e-01 1.273060258824587621e-01 0.000000000000000000e+00 3.225060151769657546e-01 5.211235235089844986e-01 2.119841200961343208e-01 4.195726486924854504e-01 2.015510146249419599e-01 7.148296218431517968e-01 4.504093615057095379e-01 3.552174764870508206e-01 4.399196579510626925e-01 5.413730031943747578e-01 2.771066626475883199e-01 8.361787842108200364e-01 3.184195095306568968e-01 8.287452411959399523e-01 9.794813706764032846e-01 4.326687168702825215e-02 8.467355304846917452e-01 3.887312715274637842e-02 2.234290164320253957e-01 8.576250273069455643e-01 3.854342196974545054e-01 2.840926237447547464e-01 8.940361382488746234e-01 8.276368684746099325e-01 2.161031973162910180e-01 8.908783143281837624e-01 1.030161025692317711e-01 4.866767234917623863e-01 8.586226389398676773e-02 1.939091862156501200e-01 4.244058830489692014e-01 4.838025293448765529e-01 6.959546725276878343e-01 8.354189264081317567e-01 2.572923894679884915e-01 1.197576547374650247e-01 7.482780193415059511e-01 1.642381824987370065e-01 6.313476546550355062e-01 2.077674005014106262e-01 2.656926883399237660e-01
1.981617262658087464e-01 2.421751457572196564e-01 4.425359476735852837e-01 5.832858527554730665e-01 4.304123145684028984e-01 5.125599075386572112e-01 4.239959298730016091e-01 9.473973053374442621e-01 3.225060151769657546e-01 0.000000000000000000e+00 6.928150586592994875e-01 3.537468640552832166e-01 6.129039831076762423e-01 4.347881483170715766e-01 2.068998787803837391e-01 1.733646673380018211e-01 7.263469303566952862e-01 5.472894974916187039e-01 9.568538411208414862e-01 8.586283695856780085e-01 6.374674720703382702e-01 2.172911245159128146e-01 5.052844429368715806e-01 6.199069862816730669e-02 7.108721636582093772e-01 9.038747690458757145e-01 8.137837411681200228e-01 6.156081818053582566e-02 8.781631693627630630e-01 4.306946792378794076e-01 6.977806134620686551e-01 2.359292719742610567e-01 2.618190149169393743e-01 1.328318729568398471e-01 2.575268377690523858e-01 4.562912231252760353e-01 2.778702751916757308e-01 1.599036183872367678e-01 6.342826841694899631e-01 2.737246506428036019e-01 3.599120794363894760e-01 6.183490605038292065e-01 1.531484543919668928e-01 6.162343495256494830e-02 6.156067253864884181e-01 7.037507292429315831e-01 5.890591820663638734e-01 3.676484109846800408e-01 7.795172007935238234e-01 3.014935756254816246e-01
2.238896660282752027e-01 8.096043137235593434e-01 1.890138234891092228e-01 4.324373130959757727e-02 4.983971065116837851e-01 5.226609878500606543e-01 1.364711359217721798e-01 3.566759592766661768e-01 5.211235235089844986e-01 6.928150586592994875e-01 0.000000000000000000e+00 7.582947097953088855e-01 4.280997663342880344e-01 3.076540889814183277e-02 9.087836083568233692e-01 6.511637350519994261e-02 9.013104241076936862e-01 7.902468529400091812e-01 2.023170537526689516e-01 6.930907901473858379e-01 3.518335574266979737e-01 2.770938294052718298e-01 4.758630262545504586e-01 7.156808247802959322e-02 2.923365243453323048e-01 4.139870564077022808e-01 6.766902700214467714e-01 7.614863375789238109e-02 8.425674437789335558e-01 4.351809539605538957e-01 6.240689146130810050e-01 5.026176516276540385e-01 7.010978715630936664e-01 6.181522756919463069e-01 5.107688437475528254e-01 3.480647501167003499e-01 9.376069768389815318e-01 9.498212439096919146e-01 7.648331982591874967e-01 4.216294564776564835e-01 8.897701556395951616e-01 4.620193920279204169e-01 5.853159381278920659e-01 6.908731868520112673e-01 6.407603569259837650e-01 8.350295760546103674e-01 4.822142869115935149e-01 6.078292851932335372e-01 4.518968274736002710e-01 5.362183749207813932e-01
8.258100790180454842e-01 2.852477054985258498e-02 6.576315729790892517e-01 4.988538229203707264e-01 3.101027409917875843e-01 9.578489081571469610e-01 4.468303866603757779e-01 9.898873372161636208e-01 2.119841200961343208e-01 3.537468640552832166e-01 7.582947097953088855e-01 0.000000000000000000e+00 4.554697369229925297e-01 4.496937888166701036e-01 1.692814905222361777e-02 8.965868596701878079e-01 9.022174331923303869e-01 4.851007021016370269e-01 4.828377287434841847e-01 7.448256471574300486e-01 9.944810625557289896e-01 1.077672855248403838e-01 1.567146993996343385e-01 4.648698873115755248e-01 5.579193595902322000e-01 4.454622703707415976e-01 6.755503555436525032e-01 2.792037106498601595e-01 3.070555669146070032e-01 9.723239919426395206e-01 3.129888766435865444e-01 9.590273294484950029e-01 8.475593945614452451e-01 3.448742220550014004e-01 7.943266816873819636e-01 5.156020859574986792e-01 9.227910562657682947e-01 2.232483095754764779e-01 5.379602652757762282e-01 8.337699141686700788e-01 4.426074745564734236e-01 8.022357128603916365e-01 7.689247150824665145e-01 7.765222314869097975e-01 1.935825328596791906e-01 5.344011742845365953e-01 4.979670170222236791e-01 6.323914701118941162e-01 1.157956919362033155e-01 6.824833809000274698e-01
8.767672216782338435e-01 7.212431761727456925e-01 9.327992318944278161e-01 2.042141529696794855e-02 7.047368525422637031e-01 6.092506496494443091e-01 4.650938128540870187e-01 1.581342451469658350e-02 4.195726486924854504e-01 6.129039831076762423e-01 4.280997663342880344e-01 4.554697369229925297e-01 0.000000000000000000e+00 9.764141536478033734e-01 3.156630441774489482e-01 5.941233240712286978e-01 7.860239893159221003e-01 9.951005527589661392e-01 8.044670086600083092e-01 4.969030814089498982e-01 3.061374235671967536e-01 2.453753750391810540e-01 2.661634593305839402e-01 3.414259683515601385e-01 7.141790549782388586e-01 7.866481646733360922e-01 4.004402101909232403e-02 9.004894566999128713e-01 6.338585914438797930e-01 5.692015262578421497e-01 3.688699930561777363e-01 7.849401862674170172e-01 6.941759214457509097e-01 4.568348096781598144e-01 6.055721685081868477e-01 3.552009154482771436e-01 5.650420941515810203e-01 7.668193699853751433e-01 4.871583721799016553e-01 8.983241556140604267e-01 8.628751195035821997e-01 8.067387385775228736e-01 5.561468015839968748e-01 3.951700397621119576e-01 2.966715371619019770e-01 9.449843052539981247e-01 6.053856258812578828e-01 8.734844917675232967e-01 3.168817193134043642e-01 9.106800818809053233e-01
2.410748263324844487e-01 8.983819037908920002e-01 7.369576436888074511e-01 9.893483873483254198e-01 7.353751073339835909e-01 5.218748990443207170e-01 6.965733954629510505e-01 7.031085677920824173e-01 2.015510146249419599e-01 4.347881483170715766e-01 3.076540889814183277e-02 4.496937888166701036e-01 9.764141536478033734e-01 0.000000000000000000e+00 8.354372893431757374e-01 3.298941061976412570e-02 1.656634327745805102e-01 5.345941470735504630e-02 5.481469310321948063e-01 2.583483209339884068e-01 3.938401063483554232e-02 8.956628050059601831e-01 9.962962020007225528e-01 1.948762105807938516e-01 7.849510618669185424e-01 7.858977370590274347e-01 9.864172547680194469e-01 6.286791563179455755e-01 7.846161342286772644e-02 8.119319327682009702e-01 2.268256783117783559e-02 8.560317284713190311e-01 2.756767713634687977e-01 3.455483010669149202e-01 6.381108377849986635e-02 9.259966342462110367e-01 3.560513556109853317e-01 1.412975528826212468e-01 8.687382903952851620e-01 8.616987120285325430e-01 1.049687621340452681e-01 7.199825458901353281e-01 7.486813863368297906e-01 5.758924091468469175e-01 8.107077891773600831e-01 5.477567485401966252e-01 2.619923256848877280e-01 7.495660509571744345e-02 5.565764156134518359e-01 9.714907303686065587e-01
5.170231122407009661e-01 1.518693706291738277e-01 3.934039956290777962e-01 2.148312714405389290e-01 5.081444495569304998e-01 4.972340677729314429e-01 8.538923611927616841e-01 6.650825196337342149e-01 7.148296218431517968e-01 2.068998787803837391e-01 9.087836083568233692e-01 1.692814905222361777e-02 3.156630441774489482e-01 8.354372893431757374e-01 0.000000000000000000e+00 9.068095589811870916e-01 8.334459489723589076e-02 6.489651862025345164e-01 8.920742554816328829e-01 3.194161302798632640e-01 8.235923397111749589e-01 8.195586896708002556e-01 3.293331988734558013e-01 4.835687919054861839e-01 4.590271359741279200e-01 4.013265947005361101e-01 7.906143264031005868e-01 1.752960139955187513e-01 5.282495207207870136e-01 5.841974985626241512e-01 9.186406841478093055e-01 5.401399227400951464e-01 1.044054090519138667e-01 1.725802376908934788e-01 2.538944050200575564e-02 3.225467838366330442e-01 9.983121551861104948e-01 2.780215353283731483e-01 2.341243182952297275e-01 4.811763433531306422e-01 1.069596169887210291e-02 4.692470034470124229e-01 5.468268675199017270e-01 8.663067965576144447e-01 4.254137044156315328e-01 7.754454743095851033e-02 2.281067608446355477e-01 9.058211499348645113e-01 4.715237524341284736e-01 7.722747038834543165e-02
2.192206592575135504e-01 8.806328386237738393e-03 4.328703699106454250e-01 3.074752055021875430e-01 7.997361030055460951e-01 7.695971691556602323e-01 3.076174850539908912e-01 7.717831458143199486e-01 4.504093615057095379e-01 1.733646673380018211e-01 6.511637350519994261e-02 8.965868596701878079e-01 5.941233240712286978e-01 3.298941061976412570e-02 9.068095589811870916e-01 0.000000000000000000e+00 1.743084472499702997e-01 5.286399540577074729e-01 9.916296821549469565e-01 4.308771092086054466e-01 6.533207340383577755e-01 9.137871051849421056e-01 7.409020919902667979e-01 6.213854353274771425e-01 6.202025017641212834e-01 1.775830357657279812e-01 3.290616396441446989e-01 4.697502610842269055e-01 2.341343164676942257e-01 2.141500151997119961e-01 1.706703292357170110e-02 9.646433508006031499e-01 8.402637458639032886e-01 8.388012935775622791e-01 2.689817829216387679e-01 5.978658187164456184e-01 2.874080834014514085e-02 5.872897263571720261e-01 8.219102868344242419e-01 4.507610870385408974e-01 9.867207187236360921e-01 5.810477874233153095e-01 7.846741863468664757e-01 7.323521101026400082e-01 8.719183062065329892e-01 3.533993689281121897e-01 5.464798599087781206e-01 8.166460836055368100e-01 9.377613165919254090e-01 3.142741210011423814e-01
4.337027877271792953e-02 9.615485992330567999e-01 4.261661916167118758e-01 2.378220222457501087e-01 3.492853129322225358e-01 2.240916480480792394e-02 4.081526371427930400e-01 5.981749244212820615e-01 3.552174764870508206e-01 7.263469303566952862e-01 9.013104241076936862e-01 9.022174331923303869e-01 7.860239893159221003e-01 1.656634327745805102e-01 8.334459489723589076e-02 1.743084472499702997e-01 0.000000000000000000e+00 1.369424381939307045e-01 2.998309550426259129e-01 5.540675918644550890e-01 8.591286817916372609e-01 2.071218875242208934e-02 1.133271106307817133e-01 4.330203690269538441e-01 1.437753407284735330e-01 4.018200632942612316e-01 1.568956958372313970e-01 4.110666477614333125e-01 7.777096317389510238e-01 6.274426865661040242e-01 5.673428339526935815e-01 5.606935889654943717e-01 5.042093556792470732e-02 8.953352528932171372e-01 2.752499302380333468e-01 4.363061280419099353e-01 8.577534839683615964e-01 1.333189790094562177e-01 7.376904712019922705e-01 5.490669044119071973e-01 1.214739412048242428e-01 5.115392131102415307e-01 7.652092044715516073e-01 5.657750080381452884e-01 7.823190255569840712e-01 7.187811718231981173e-01 4.755108067371338620e-01 2.153675947223332443e-01 6.056351920891345220e-01 4.693514163048170262e-01
9.741984015580162914e-01 1.651250974084704781e-01 3.845555330864116605e-01 4.517460924845875248e-01 9.372873372241687928e-01 4.760448855430142734e-01 2.276291975675786006e-01 1.706221442666526755e-01 4.399196579510626925e-01 5.472894974916187039e-01 7.902468529400091812e-01 4.851007021016370269e-01 9.951005527589661392e-01 5.345941470735504630e-02 6.489651862025345164e-01 5.286399540577074729e-01 1.369424381939307045e-01 0.000000000000000000e+00 9.788835542825380376e-02 4.259914925373341488e-01 2.483879542549515262e-01 4.776846310150872910e-01 3.163354533026652149e-01 4.076566726781499783e-01 1.862292539436942729e-01 6.664672265129814033e-01 8.931448637696201009e-01 9.787424029457418850e-01 9.156128905804109541e-01 3.937044368324388310e-01 3.307619302919906357e-01 1.538694975881572669e-01 3.113239794872050270e-01 5.880442488962648317e-01 4.625817639301124107e-01 6.886970313737234006e-01 8.485097065465174726e-01 6.048597666107650150e-01 4.049485711865430382e-02 2.132880835699935140e-02 1.787295689806461807e-01 7.559022679552388491e-01 5.667318245678403255e-01 6.850236120676024276e-01 2.837113441731331509e-02 7.112289571495649110e-01 2.304523114704722930e-01 3.276561597368246037e-01 5.941941860519883711e-02 5.075713905626419997e-01
7.469405011184251375e-01 7.352971469802603854e-01 7.378107264368216622e-01 2.841706149207218202e-01 4.246590825805030001e-02 4.307580311485614821e-02 6.054875511348589701e-01 7.456305405423691024e-02 5.413730031943747578e-01 9.568538411208414862e-01 2.023170537526689516e-01 4.828377287434841847e-01 8.044670086600083092e-01 5.481469310321948063e-01 8.920742554816328829e-01 9.916296821549469565e-01 2.998309550426259129e-01 9.788835542825380376e-02 0.000000000000000000e+00 7.437096279221113715e-01 4.592945584482690524e-01 5.767719183279849116e-01 5.703553672258289131e-01 4.583546898950345838e-01 9.122360664988086176e-01 5.105644292232257575e-01 7.348268873489424147e-01 6.746380804716284318e-01 3.250842962976225881e-01 7.741154204905813518e-01 2.150215645405189058e-01 2.994101045027565133e-01 3.834929482513554921e-01 4.169810264405596767e-01 6.689687961483758993e-02 1.037424918212741520e-01 4.214642075832533141e-01 2.066807652567100861e-01 8.444617804266819627e-01 7.666835230585895555e-01 7.827077342939390281e-01 7.370930167618008344e-01 2.705145587590023215e-01 6.899579323276177067e-01 8.640612982103192952e-01 3.381471924999441825e-01 9.385936913076540211e-01 9.622820212571490117e-01 6.671524736730441996e-01 6.866789986141040858e-01
8.709481677642377795e-01 4.296270864566500425e-01 2.461374467916236375e-01 2.597164192382793724e-01 2.651437552431402667e-01 8.447891736120030082e-01 8.823355022171511797e-01 9.514073787032757412e-01 2.771066626475883199e-01 8.586283695856780085e-01 6.930907901473858379e-01 7.448256471574300486e-01 4.969030814089498982e-01 2.583483209339884068e-01 3.194161302798632640e-01 4.308771092086054466e-01 5.540675918644550890e-01 4.259914925373341488e-01 7.437096279221113715e-01 0.000000000000000000e+00 1.584069638410107173e-01 1.397010811381248496e-01 3.866658485023645175e-01 4.741506170441556201e-01 6.334564627660234093e-01 1.377312595225285152e-01 6.657700213813705359e-01 1.215677998389893544e-01 6.200653186672405726e-01 9.392491016018590377e-01 8.410454855013383968e-01 2.878141349270602056e-02 7.675564486344229609e-01 2.321401322519056620e-02 7.658474641363604007e-01 9.715787677702064640e-01 4.957770972061933401e-01 5.496063180280348348e-01 2.992965691794116090e-01 4.351111031690241271e-01 9.399380457961585833e-01 7.700273415426898138e-01 3.378702013174919028e-01 8.320189335815609821e-01 8.486598334571823221e-01 7.675410810778835469e-01 9.679358394612502803e-01 6.232028785039767094e-02 1.951792714514405391e-01 5.916956745635770787e-01
2.032324203685698105e-01 3.426677986796634601e-01 7.148860755532115974e-01 7.837393477002971842e-01 8.710050039868417748e-01 8.622681267484213485e-01 8.069001956995466296e-01 4.247004233159444864e-01 8.361787842108200364e-01 6.374674720703382702e-01 3.518335574266979737e-01 9.944810625557289896e-01 3.061374235671967536e-01 3.938401063483554232e-02 8.235923397111749589e-01 6.533207340383577755e-01 8.591286817916372609e-01 2.483879542549515262e-01 4.592945584482690524e-01 1.584069638410107173e-01 0.000000000000000000e+00 9.673536812861049938e-02 7.903940462026226577e-01 8.422179965367619925e-01 5.651117600168146238e-01 3.404062897649626773e-01 4.650654621414117562e-01 9.911576564739448258e-01 3.429519261080385961e-01 1.132047124847588293e-01 1.652585518922222718e-01 6.039566622033787358e-01 7.199844756387147049e-01 9.279165175295656098e-02 5.259106843189906844e-01 2.100389739520988064e-01 9.299334467286134442e-01 8.984087964315649044e-01 6.796007401601591447e-01 8.250604083609969219e-02 1.259403833271777184e-01 1.774211901483091491e-01 6.328941820772162608e-01 4.767176426335408834e-01 2.322064872537955571e-01 8.818209205102263137e-01 8.118438001755716726e-01 4.208723017323904303e-01 6.994376799025943114e-01 8.411926613415975362e-01
1.423562025972653355e-01 7.291745592136658072e-01 1.005432873701284091e-02 2.176307140889788272e-03 3.147725622435468829e-01 1.033142395125883350e-01 4.329121956530953552e-01 6.310883086949230503e-01 3.184195095306568968e-01 2.172911245159128146e-01 2.770938294052718298e-01 1.077672855248403838e-01 2.453753750391810540e-01 8.956628050059601831e-01 8.195586896708002556e-01 9.137871051849421056e-01 2.071218875242208934e-02 4.776846310150872910e-01 5.767719183279849116e-01 1.397010811381248496e-01 9.673536812861049938e-02 0.000000000000000000e+00 2.766050398094825891e-01 7.492445556179088140e-01 9.918063051372560945e-02 8.186455151878929692e-01 9.894975987888302571e-01 5.081483404050551878e-01 3.685951957786014477e-01 8.771402967593009414e-01 9.923570837697428537e-01 1.224335429812576370e-01 3.792836285126515161e-01 6.512755061148354230e-01 3.238969767249750831e-01 6.005784258926558650e-01 3.359335323451373423e-02 1.810799859477683071e-01 9.155645107995880050e-02 5.120235335945191313e-01 8.405686120325531752e-01 7.396332675080875552e-01 7.589865564338208470e-01 4.700968431364451749e-01 8.382626972372362317e-01 5.169002567819038774e-01 3.351438868859717424e-01 6.288027698967095791e-01 7.343669627083475593e-01 5.095768647826994791e-01
1.909342585446508478e-01 7.482004066340363080e-01 6.178375470062446029e-01 4.514478912590015325e-01 8.545543391178350712e-01 6.320765745523110324e-01 9.966256278783316436e-01 6.075547311345724788e-01 8.287452411959399523e-01 5.052844429368715806e-01 4.758630262545504586e-01 1.567146993996343385e-01 2.661634593305839402e-01 9.962962020007225528e-01 3.293331988734558013e-01 7.409020919902667979e-01 1.133271106307817133e-01 3.163354533026652149e-01 5.703553672258289131e-01 3.866658485023645175e-01 7.903940462026226577e-01 2.766050398094825891e-01 0.000000000000000000e+00 9.108706098149360608e-01 2.132028590375584232e-01 2.961914899097185527e-01 6.853700657490739978e-01 7.404774753637813900e-01 8.763701313023162243e-01 6.536209354146784722e-01 8.426835995956595271e-01 5.478816814691336301e-01 3.501584812684961356e-01 5.206734180966690051e-01 6.937254269362472803e-01 3.088563419960334011e-01 9.350694226237459272e-01 1.282342360431529826e-01 6.058514390281199979e-01 8.655960902058323914e-02 9.466730846577542380e-01 9.683033792518248584e-01 6.442598152737776251e-01 4.545407501178468923e-01 4.554214237272341537e-01 6.446030470973896920e-01 2.858155692086349342e-01 2.234523001005469522e-01 4.253985985163850625e-01 5.779200606665401141e-01
6.494828397596031921e-01 7.713879643074896819e-01 8.947978171427369842e-01 7.116429496855859460e-01 7.763304210888621881e-02 8.619247075983629269e-01 8.197735450621975728e-01 1.857976290810294806e-01 9.794813706764032846e-01 6.199069862816730669e-02 7.156808247802959322e-02 4.648698873115755248e-01 3.414259683515601385e-01 1.948762105807938516e-01 4.835687919054861839e-01 6.213854353274771425e-01 4.330203690269538441e-01 4.076566726781499783e-01 4.583546898950345838e-01 4.741506170441556201e-01 8.422179965367619925e-01 7.492445556179088140e-01 9.108706098149360608e-01 0.000000000000000000e+00 3.340721816977837433e-01 3.329979973331492760e-01 1.495386285870518028e-01 3.231766243181540821e-01 8.875881975264070523e-01 1.989942173624682509e-01 9.762679639795571740e-01 2.612326521764152254e-01 8.870900864644286621e-01 1.522212498841571948e-01 1.303073188071963706e-01 8.152024335735735816e-01 1.304419147548447899e-01 3.298806932513927981e-01 3.477039581243399624e-01 1.789963690926853479e-01 7.476423424979948829e-01 7.275033115352945723e-01 8.266913895331412521e-01 2.171220798381117145e-01 8.316762917333713201e-01 1.974516568750372958e-01 7.935545846264879799e-01 5.260528441334733074e-03 5.856279991869889345e-01 8.775180357243436147e-01
5.313020434184234642e-01 2.975108039982594654e-01 6.964088980360843006e-01 5.118101649797024422e-01 6.282986540583372914e-01 4.800870149892997318e-01 1.199739378470097151e-01 3.545959584919784469e-01 4.326687168702825215e-02 7.108721636582093772e-01 2.923365243453323048e-01 5.579193595902322000e-01 7.141790549782388586e-01 7.849510618669185424e-01 4.590271359741279200e-01 6.202025017641212834e-01 1.437753407284735330e-01 1.862292539436942729e-01 9.122360664988086176e-01 6.334564627660234093e-01 5.651117600168146238e-01 9.918063051372560945e-02 2.132028590375584232e-01 3.340721816977837433e-01 0.000000000000000000e+00 9.778529699772711137e-01 6.263429569501962613e-01 7.836502812787417005e-01 1.358262495409592319e-01 1.889138960559225699e-01 6.894169880080220913e-01 8.719988418176217726e-01 1.106286498195619972e-01 4.773405379062598541e-01 6.801850505117572609e-01 2.518348462300383783e-01 4.495923276713027494e-01 2.613253687518970469e-01 6.483690775785366789e-01 4.395119145458605825e-01 8.283151445483786235e-01 3.110108817962760064e-01 9.796790618287024577e-01 7.578758053129595051e-01 1.733289376965737594e-01 8.518463355144173521e-01 1.208900118619575803e-01 5.139246541792986678e-01 5.272899193723880051e-01 1.611946426736623472e-01
7.444131089598566842e-01 2.322649889003552959e-01 8.858892239811601010e-01 9.581288659164138855e-01 8.046028583906666976e-01 4.272604525155629940e-01 4.996152328357618133e-01 7.580848988290774804e-01 8.467355304846917452e-01 9.038747690458757145e-01 4.139870564077022808e-01 4.454622703707415976e-01 7.866481646733360922e-01 7.858977370590274347e-01 4.013265947005361101e-01 1.775830357657279812e-01 4.018200632942612316e-01 6.664672265129814033e-01 5.105644292232257575e-01 1.377312595225285152e-01 3.404062897649626773e-01 8.186455151878929692e-01 2.961914899097185527e-01 3.329979973331492760e-01 9.778529699772711137e-01 0.000000000000000000e+00 7.874438026073072860e-01 5.597265965232011142e-01 6.921563233811948157e-01 4.716626657860901739e-01 2.063437492382963478e-01 4.046871242943343994e-01 3.800796320877259937e-01 3.434075603586069780e-01 4.368586346391333253e-01 9.117346859080044386e-02 2.340626075231609926e-01 6.790657123795199590e-01 8.390272679535289990e-01 1.586242561645868632e-01 9.335548953712077269e-01 9.085324062065071038e-01 6.968831316380230678e-01 6.959856310989246397e-01 8.566039720296360072e-01 2.882547864422801975e-02 5.129850260978126020e-01 7.248950990982374609e-01 3.125189209053980122e-01 8.945353527136794547e-01
4.601205236407145405e-01 7.642644892887312524e-01 8.055586830474505966e-01 8.486576405951338220e-01 3.279931074576457606e-01 8.896134118793337375e-01 9.938259659571018201e-01 1.854453520545665812e-01 3.887312715274637842e-02 8.137837411681200228e-01 6.766902700214467714e-01 6.755503555436525032e-01 4.004402101909232403e-02 9.864172547680194469e-01 7.906143264031005868e-01 3.290616396441446989e-01 1.568956958372313970e-01 8.931448637696201009e-01 7.348268873489424147e-01 6.657700213813705359e-01 4.650654621414117562e-01 9.894975987888302571e-01 6.853700657490739978e-01 1.495386285870518028e-01 6.263429569501962613e-01 7.874438026073072860e-01 0.000000000000000000e+00 9.095389059616486582e-01 5.951778003572469888e-01 5.876960294381594618e-01 2.854378084574678009e-01 6.960206366059862315e-01 9.264026016757750392e-01 7.990615034091611557e-01 1.127816338222568104e-01 4.142171686628097760e-01 4.569665085731154930e-01 1.495439087468287687e-01 9.849414562237690518e-01 7.950846126811094150e-01 9.810779075549980188e-02 8.639387889034144674e-02 9.236331589735660152e-01 9.956063651296632733e-01 8.481668542748641570e-01 2.397468901672410446e-01 9.150044566138341162e-01 2.691806615730011343e-01 8.425257962472154638e-02 8.879333148958639121e-01
4.445823189380802010e-01 4.546681845745466077e-01 3.678566355728878357e-01 4.961184463770740294e-02 2.900728724748908860e-01 1.061648058355675328e-01 6.695296072871922410e-01 8.014088950172323367e-01 2.234290164320253957e-01 6.156081818053582566e-02 7.614863375789238109e-02 2.792037106498601595e-01 9.004894566999128713e-01 6.286791563179455755e-01 1.752960139955187513e-01 4.697502610842269055e-01 4.110666477614333125e-01 9.787424029457418850e-01 6.746380804716284318e-01 1.215677998389893544e-01 9.911576564739448258e-01 5.081483404050551878e-01 7.404774753637813900e-01 3.231766243181540821e-01 7.836502812787417005e-01 5.597265965232011142e-01 9.095389059616486582e-01 0.000000000000000000e+00 6.753349397660168840e-01 3.890861937299257001e-01 2.352699824166905040e-01 5.435880940516447657e-01 3.397422063082818910e-01 4.914376513728689888e-01 2.465723778804870259e-01 6.730054867054232615e-01 2.030971534172842929e-01 1.195110470228533117e-01 8.914284032375495714e-01 8.963877372918260811e-01 8.697151869404515789e-01 5.712542806273808171e-01 8.617970429263155374e-02 1.404090013686066785e-01 2.161051738317077975e-01 7.062150892928920065e-01 9.800774981269956276e-01 2.868851485017555047e-01 4.087163917885883180e-02 6.813662483869792341e-01
3.367999557784210340e-01 8.428678150063095842e-03 1.397381180845392867e-01 5.137751350850635612e-01 6.369072314771262455e-01 7.774133688824019783e-01 1.430140637198532572e-01 7.329471696882661202e-01 8.576250273069455643e-01 8.781631693627630630e-01 8.425674437789335558e-01 3.070555669146070032e-01 6.338585914438797930e-01 7.846161342286772644e-02 5.282495207207870136e-01 2.341343164676942257e-01 7.777096317389510238e-01 9.156128905804109541e-01 3.250842962976225881e-01 6.200653186672405726e-01 3.429519261080385961e-01 3.685951957786014477e-01 8.763701313023162243e-01 8.875881975264070523e-01 1.358262495409592319e-01 6.921563233811948157e-01 5.951778003572469888e-01 6.753349397660168840e-01 0.000000000000000000e+00 5.952421508015407481e-01 1.998580857145753065e-01 5.802668326573935387e-01 5.619187809092476282e-01 7.954486491087756628e-01 7.551559820922137956e-01 2.510166331243043336e-01 1.953159352993709685e-01 6.306743565026772247e-01 3.305996472670456043e-01 7.825609069025711850e-01 6.349018152179547458e-01 2.221260960783475458e-01 8.363368667924501176e-01 8.058472533900165047e-01 9.538161903830840727e-01 5.364849020616229147e-01 1.359054638346651744e-01 7.538828934991163022e-01 9.590347192267490994e-01 4.911951791779739507e-01
1.268804445936128067e-01 9.428356840416486362e-01 3.248188952668106255e-01 4.192781727320729068e-01 5.346471531332053218e-02 6.277841863904740638e-01 2.836691605339696221e-01 5.604259803612898772e-03 3.854342196974545054e-01 4.306946792378794076e-01 4.351809539605538957e-01 9.723239919426395206e-01 5.692015262578421497e-01 8.119319327682009702e-01 5.841974985626241512e-01 2.141500151997119961e-01 6.274426865661040242e-01 3.937044368324388310e-01 7.741154204905813518e-01 9.392491016018590377e-01 1.132047124847588293e-01 8.771402967593009414e-01 6.536209354146784722e-01 1.989942173624682509e-01 1.889138960559225699e-01 4.716626657860901739e-01 5.876960294381594618e-01 3.890861937299257001e-01 5.952421508015407481e-01 0.000000000000000000e+00 6.935250374347800006e-01 7.668352324171495704e-01 4.100100586978953077e-01 1.595485343310909521e-02 3.043558309910437965e-01 7.913537980976683706e-01 7.795865483459644141e-01 6.756244778745467139e-01 2.160630860962685640e-01 1.971699148187412431e-01 6.470301590102236489e-01 5.087018237190704673e-01 8.283328943451240267e-01 8.835303161020824358e-02 6.465986452953944585e-01 5.225243719520181740e-01 5.117023766119862538e-01 8.523196197983891054e-01 5.591356091679333673e-02 3.996372516821175003e-01
4.543132315911637686e-01 8.136179361573444568e-01 2.909695765281931079e-01 4.649057257240707397e-02 8.700000255570646823e-01 3.940438864963702326e-02 6.510910318119381701e-01 4.577550329068988955e-01 2.840926237447547464e-01 6.977806134620686551e-01 6.240689146130810050e-01 3.129888766435865444e-01 3.688699930561777363e-01 2.268256783117783559e-02 9.186406841478093055e-01 1.706703292357170110e-02 5.673428339526935815e-01 3.307619302919906357e-01 2.150215645405189058e-01 8.410454855013383968e-01 1.652585518922222718e-01 9.923570837697428537e-01 8.426835995956595271e-01 9.762679639795571740e-01 6.894169880080220913e-01 2.063437492382963478e-01 2.854378084574678009e-01 2.352699824166905040e-01 1.998580857145753065e-01 6.935250374347800006e-01 0.000000000000000000e+00 6.159014052760228841e-01 9.223883948293332136e-02 1.037409978611736339e-01 4.228582979302016875e-01 5.632590904086600681e-01 6.623929520839643148e-01 4.688158960918216156e-01 1.645690243959562205e-01 1.814309835344657396e-01 1.729993172337784824e-01 5.696452729899570411e-01 1.188272884045644684e-01 6.843943617519370193e-01 9.656905121430827688e-01 9.483771580998444639e-01 1.971595486111389350e-01 7.190586137040319015e-01 5.238903792201500265e-01 4.055083775529177981e-01
