0.000000000000000000e+00 1.344625412536699649e-01 1.728974036187906904e-01 9.603972651423539064e-01 6.956237650392764760e-01 3.293321040164376434e-01 3.805468421722955075e-01 2.123860513276233375e-01 1.125667437354416212e-02 1.677321301783210039e-01 7.546220458750698690e-01 8.999805086783804198e-01 3.275568506378253586e-01 6.990645828953191421e-01 6.172883615345103880e-01 2.634026678298951873e-01 4.067526707470470182e-01 4.439713177387232257e-01 6.612282508089842858e-01 2.261480987312631807e-01 5.682124159330242952e-01 7.642251826065633580e-01 5.119069541566334536e-02 6.723396140437297719e-01 1.203378349082643295e-01 2.726784918986689954e-01 8.897428979427520757e-01 5.207909082923529720e-01 9.403929617135418084e-01 4.964039898751182456e-01 4.726280873682436878e-01 9.190510707694976578e-01 9.079368017958812098e-01 4.877102432035967938e-01 7.596195827977899606e-01 1.355616193245801071e-02 7.640738248633639484e-01 9.675885690632054503e-01 8.463107893357751932e-01 7.562713351574503751e-01 4.329917421313069781e-01 2.059672456756826975e-01 8.023790652858864281e-02 6.113880413618659748e-01 6.786095770067359645e-01 2.961254080383279863e-02 3.699082638958548497e-01 2.439407772081690906e-01 2.000559494653647574e-01 3.688667010208960262e-01
1.344625412536699649e-01 0.000000000000000000e+00 2.045709443525421944e-01 3.875593576360902848e-01 3.044682089179772122e-01 2.643997310140792090e-01 2.344879824140178037e-02 7.844502789400958909e-01 5.110120599255341123e-01 1.477737381930007698e-01 2.604844909031212019e-02 5.416826710860330740e-01 5.357103288288925791e-01 9.717922918301185042e-01 2.262244765438070626e-01 5.450282481447582539e-01 2.838880909976028155e-01 1.124908619962651235e-01 9.602290157350971134e-01 9.857537638776289191e-01 5.610751817372386929e-01 5.058038918916009097e-01 4.945538362902389684e-01 1.058495049531712473e-01 6.570839133062890136e-01 7.071653139903134599e-01 8.828299613241521460e-01 7.568061628176647737e-02 5.860182778420107708e-01 1.941204824787617911e-01 7.514266936791957896e-02 7.060083231806358883e-01 7.792052042373208698e-01 7.840596521800213825e-02 6.999396306508909316e-02 7.368471655018108413e-01 8.397280947450069810e-03 2.802483731282323642e-02 8.604536561191256094e-01 2.090181337025989183e-01 9.170960275264926631e-01 4.993738406250858297e-01 2.887826543841072180e-01 4.729759771717956252e-01 6.480730527928483253e-01 2.924570561316298667e-01 1.701078964533322413e-01 3.897737236530127714e-01 8.714300404303234604e-01 6.556653214334249302e-01
1.728974036187906904e-01 2.045709443525421944e-01 0.000000000000000000e+00 3.234203293570444560e-01 8.458438424198149175e-01 7.935375854517794370e-01 8.356391985019602231e-01 1.940285714306181353e-01 4.075199118513219698e-01 3.982612613518050626e-01 7.613659278699118627e-01 5.156460234423728695e-01 4.065923954393868556e-02 2.561768350777220427e-01 3.835516055957655102e-02 5.857010783202248883e-01 7.561123443617175921e-01 5.804267823725354214e-01 7.393625995722907795e-03 2.174490270128723868e-01 1.034967031168663176e-01 6.114735403101894118e-01 9.582689672938615733e-02 5.958640825294245769e-01 4.443114775310302855e-01 9.727777049172559032e-01 3.064781746160821774e-01 2.726937328668866956e-01 6.236245340194596087e-01 1.188304571889827743e-01 5.804174149368328539e-01 5.447488379619394028e-01 3.873653562016418084e-01 5.966770362187300281e-01 5.049665804190537344e-01 8.344585259316895653e-01 9.791953931896549834e-01 1.610493320690500330e-01 5.574584080648770090e-01 9.697980134939689911e-01 4.934172494268879161e-01 6.864155157181065503e-01 4.412296130022257401e-01 1.158354177352541869e-01 1.797155860476647993e-01 5.768204264391266767e-01 1.349891261240746543e-01 8.662100292030621151e-01 1.744721604450383268e-03 6.024404964572085408e-01
9.603972651423539064e-01 3.875593576360902848e-01 3.234203293570444560e-01 0.000000000000000000e+00 2.066365758245137796e-01 2.803871660639060126e-01 9.243889078165912210e-02 2.317860223572523193e-01 5.622523345989719479e-01 8.886083529586856766e-01 2.266879210106953479e-01 8.365119314831198638e-01 7.390316528424334397e-01 4.118823161486645512e-01 6.941350456988333306e-01 9.242597895687698628e-01 9.073064081654956814e-01 7.431853137867973080e-01 6.645329582766645871e-03 9.900123545443346718e-01 5.849406717464071814e-01 5.517444019842537850e-01 8.130780971227032916e-01 6.692351051639181536e-01 6.494309573624890142e-02 7.387076813198284464e-01 1.306270922657296607e-01 6.124114192711831439e-01 1.722965566553280592e-01 1.195791125032447111e-01 1.490443257061542237e-01 9.370873942588484606e-01 1.924281286051965356e-02 1.681647167820180533e-01 2.403866546894923850e-01 9.969656129834593150e-01 4.567563825838403258e-01 3.154145701750070696e-01 7.295065619741247787e-01 5.154383074864221648e-02 1.087265780479433896e-01 2.186638488274396108e-01 7.394443907846901531e-01 3.435335919147863848e-02 9.453173824316030149e-02 9.465193589063316537e-01 3.603589164342821949e-01 6.479851412095737340e-01 2.056326562176180595e-01 6.979101595764466426e-01
6.956237650392764760e-01 3.044682089179772122e-01 8.458438424198149175e-01 2.066365758245137796e-01 0.000000000000000000e+00 1.371176115190364531e-01 5.266517862825198515e-01 2.831282500572164240e-01 7.236136088105385999e-01 6.656695350944715761e-01 4.092643862266986954e-02 4.150391814904395016e-01 4.527270073847627918e-01 3.354010631072947834e-01 7.148367867490633687e-01 9.480255279181158956e-01 1.439210360713678583e-01 1.425682758091898483e-01 3.715862503930620342e-01 3.294590971337657548e-01 8.408064354859602352e-01 7.571910333385970526e-01 9.581606945104206297e-01 3.299016916412159661e-01 5.608542878924979158e-01 9.175394270436103561e-01 8.191205765754211443e-01 3.014199905280647851e-01 7.919905068410142412e-01 4.010092239966155381e-01 9.850263462869137676e-01 6.901589813601347601e-01 3.909656050080958511e-01 2.269120151331549540e-01 5.931821949714369824e-01 7.448168411763783636e-01 9.486999231600561355e-01 5.785633909131341346e-01 9.973807230532905077e-01 3.502528561949596053e-01 9.590831102739935110e-01 4.391762881428556975e-01 9.174744347290784141e-01 7.788120531056262896e-01 7.918988046585746510e-01 5.106143165480732105e-01 6.776457776456900062e-01 9.271060946724450913e-01 6.349869606293333524e-01 1.590804837273352978e-01
3.293321040164376434e-01 2.643997310140792090e-01 7.935375854517794370e-01 2.803871660639060126e-01 1.371176115190364531e-01 0.000000000000000000e+00 1.854192611621308107e-02 9.476320786224474713e-01 3.840021086504878944e-01 2.103937534553604882e-01 5.686079403063726279e-01 6.266228133960145552e-01 3.280801069940642023e-02 8.422527633320039397e-01 6.910260119579916260e-01 4.194152429322316467e-01 5.272659683807401354e-01 4.553841997716122636e-01 3.656172707608752459e-01 6.757632067771434103e-01 4.587035907131339352e-01 9.448454796461980276e-01 2.255454771836112871e-01 9.618468189209077313e-01 4.892634308481530470e-01 8.364476489620955579e-01 1.083896698719337692e-01 5.362857692807441179e-01 1.996901342920143207e-02 3.286830581615343139e-01 1.758056288061287109e-01 5.216599790975608997e-01 7.292359338790916912e-01 8.970503807027270238e-01 4.110923216673589842e-02 4.542102528332980782e-03 8.625982944190611068e-01 2.849943175481942648e-01 1.910925778343518511e-01 3.935552972467057931e-01 7.360553814542785123e-01 1.998402454141013918e-01 8.179810418114086268e-01 5.327301504616587247e-01 4.710624949357155034e-01 4.299787611744140259e-01 1.992950385117399081e-01 9.782731780070993421e-01 3.319271732424435850e-01 7.102332630342514941e-01
3.805468421722955075e-01 2.344879824140178037e-02 8.356391985019602231e-01 9.243889078165912210e-02 5.266517862825198515e-01 1.854192611621308107e-02 0.000000000000000000e+00 1.627128785719161863e-01 9.412691789441758328e-01 4.999729384505015028e-01 9.793482691878021562e-01 9.420085172377040683e-01 6.284670260287991139e-01 5.587766147797174066e-01 6.633285482714565973e-01 5.156576326221073980e-02 1.125223207247123547e-01 1.419297832269293957e-01 3.719582160562372453e-01 8.332172682118045293e-01 8.658679695942881338e-01 3.893108099172251091e-01 5.630419565100484025e-01 8.441877094777054946e-01 9.155086312196768494e-01 1.495435854795408304e-01 3.324943520138259334e-01 4.924311350974558410e-01 1.435833839618431140e-01 8.360489831671579219e-01 5.299349387257606958e-01 1.655518734320872154e-01 7.823194025041456667e-01 7.583468214961086584e-01 5.277557510299524246e-02 8.806956159012558905e-01 1.659387012858778432e-01 7.403322888428179871e-01 2.011509813264851232e-01 7.303784702769942072e-01 5.395092302667469086e-01 3.357468861394614645e-01 8.737265729023069305e-01 8.526952653204071808e-01 6.072404942519397109e-01 5.491958229776138234e-01 4.253395659259323613e-01 4.759060561924122190e-01 2.731125526315815177e-01 5.660898257174712400e-01
2.123860513276233375e-01 7.844502789400958909e-01 1.940285714306181353e-01 2.317860223572523193e-01 2.831282500572164240e-01 9.476320786224474713e-01 1.627128785719161863e-01 0.000000000000000000e+00 3.079598404167011028e-01 3.997988771877868386e-01 7.152363440556561702e-01 6.673280038255335889e-01 1.460403769196154666e-01 8.478411618082751788e-01 1.545955589643146499e-01 7.682179811359534094e-01 1.499714545018485667e-01 6.407108226728911449e-01 5.114047603822756694e-01 2.375405435528010756e-01 2.532172357126475370e-01 6.562574656936408513e-01 7.562721312927945805e-01 1.202679970506220775e-01 7.984298624208647777e-01 2.234472852712300339e-01 1.747127625157096631e-02 7.237862427048060709e-01 6.771685905809035066e-01 4.653703692210640064e-01 8.465702399720784754e-01 3.771991305870576738e-01 7.389830252736329097e-01 5.798143845318237677e-02 9.864815450309838418e-02 6.925977275552531731e-01 9.964488575386208913e-01 2.668673916694391801e-01 2.353176462556760828e-01 6.149566302012126062e-01 2.276672448461251053e-01 8.508444247758887302e-01 7.988961298586885196e-01 5.469695968559432631e-01 9.440526064017559227e-01 5.926165531831670830e-01 7.138158995600427659e-01 1.159748534641750206e-01 8.823334687474830851e-01 4.077752637193442498e-01
1.125667437354416212e-02 5.110120599255341123e-01 4.075199118513219698e-01 5.622523345989719479e-01 7.236136088105385999e-01 3.840021086504878944e-01 9.412691789441758328e-01 3.079598404167011028e-01 0.000000000000000000e+00 3.036087573083690039e-01 3.494772649061923531e-01 1.973689861981055005e-01 3.343452381137071994e-01 8.043587992430741851e-01 1.438816456092184559e-02 4.996640115989681163e-01 7.677014283502274772e-01 7.198556681752035225e-01 3.029025228994999264e-01 3.964969496028089013e-01 8.514374750602462516e-01 5.540775341809245358e-01 8.006337818271185292e-01 9.825332931973933537e-01 2.707899128811617206e-01 6.894322246470676596e-01 2.269926143149622044e-01 5.912576225230792293e-02 7.931926019359974989e-01 3.133943188555932124e-01 4.778737424629063701e-01 9.944342873589562259e-02 7.366687872700823370e-01 1.703619391933319793e-01 3.028647111668216763e-01 7.731767753714513525e-01 6.680338242271451898e-01 7.994533412044279030e-01 5.458950221142346848e-01 9.355603234769480636e-01 2.785344096251164414e-01 7.755780908845775201e-01 1.989454204724362407e-01 6.787787833273106752e-01 3.539262207406568272e-01 4.368986005961369434e-01 5.710682282741893490e-01 7.449237283385978792e-01 6.302295617714480658e-01 8.997673535503173392e-01
1.677321301783210039e-01 1.477737381930007698e-01 3.982612613518050626e-01 8.886083529586856766e-01 6.656695350944715761e-01 2.103937534553604882e-01 4.999729384505015028e-01 3.997988771877868386e-01 3.036087573083690039e-01 0.000000000000000000e+00 5.270284751879799057e-01 8.281621543982770062e-01 1.305269945976530455e-01 9.099008094049428896e-01 3.874378212517558540e-01 8.740942954330243042e-01 5.936212452111917504e-01 4.965580126507411762e-01 7.967232709262576096e-01 3.081892095135363441e-01 9.659304234261312239e-01 2.053117618163587954e-01 7.068797719644681621e-02 2.493055834551917149e-01 2.737343672780219173e-01 7.826983767724497998e-01 6.125722537689675118e-01 1.028769708364614122e-01 1.130063875448992228e-01 8.674249863229247515e-01 3.124807805684753914e-01 1.647122891696867208e-01 8.384475248816566362e-01 8.091675626647208963e-01 3.295240157594330199e-01 6.642351560065704597e-01 1.166112539605745901e-01 4.397781104024893750e-01 2.605112823517635734e-01 6.171715379408378999e-01 6.759749660079092948e-01 4.224003469321675475e-01 3.120979313726381932e-01 8.082285486330763602e-01 2.605385412063455641e-01 2.598478848810013009e-01 8.321902723162689641e-01 9.381523737297259302e-01 7.934386882056483348e-01 3.576571876139571504e-01
7.546220458750698690e-01 2.604844909031212019e-02 7.613659278699118627e-01 2.266879210106953479e-01 4.092643862266986954e-02 5.686079403063726279e-01 9.793482691878021562e-01 7.152363440556561702e-01 3.494772649061923531e-01 5.270284751879799057e-01 0.000000000000000000e+00 3.470006754466271603e-01 2.746529278003430052e-01 2.043368031518021377e-01 9.391856959104168956e-01 1.597010475582072431e-02 5.702143360026579177e-01 5.832686866404801496e-01 8.481382293103505443e-01 7.218703289578976001e-02 2.963663960893219151e-01 3.655697363685750378e-02 1.764556500798393213e-01 8.824976073729636772e-01 5.070022475976546650e-01 6.238984441524875191e-02 7.195882251482299541e-02 7.801850442054975021e-01 4.556325040577983154e-01 6.655649048477131347e-01 8.604009495977772426e-01 7.666332462691637373e-01 8.689434180939289432e-01 3.720358416989488770e-01 8.858334394742101159e-01 7.204846349013128703e-01 7.681925079200838669e-01 9.329855286746726595e-01 7.443938245999200953e-01 5.200953278495498155e-01 6.998740984886978600e-01 6.481725086796370494e-01 6.308394048682351984e-01 3.304781813131798529e-01 2.996843617648377034e-01 1.972126642787820350e-01 3.117453327064099167e-01 8.559201933762904391e-01 4.359027081124000613e-01 4.085174308498238371e-01
8.999805086783804198e-01 5.416826710860330740e-01 5.156460234423728695e-01 8.365119314831198638e-01 4.150391814904395016e-01 6.266228133960145552e-01 9.420085172377040683e-01 6.673280038255335889e-01 1.973689861981055005e-01 8.281621543982770062e-01 3.470006754466271603e-01 0.000000000000000000e+00 2.031205018391357697e-02 2.265234463333229975e-01 7.259238601114509359e-01 1.667648932400657147e-01 4.724764349532578622e-01 3.169320305918310599e-01 5.726236227450826055e-01 4.239254920124148063e-01 7.004526430244671920e-01 3.931190804306106124e-02 3.882585193448794270e-01 6.764680900725463797e-01 2.232887239876868435e-01 7.451576557962220626e-01 1.263837391111631847e-01 9.955171572674192948e-01 3.843896067677553541e-01 2.737697420245622792e-01 9.189140995103675102e-01 2.704788505402035970e-01 7.168579388737795766e-01 8.297962765489963477e-02 8.190768968378000503e-01 8.577212720625780884e-01 5.357403256108601575e-01 1.433899508482181506e-01 5.472860797652878695e-01 3.256993155676513041e-03 5.403706443531527404e-01 4.566913562134026217e-01 5.181593800997363886e-01 7.845278100064163596e-01 4.675501484116256767e-01 6.994458749025921351e-01 3.039456884322466745e-02 9.928407379992261195e-01 7.979609810157293204e-01 5.785135677682256006e-01
3.275568506378253586e-01 5.357103288288925791e-01 4.065923954393868556e-02 7.390316528424334397e-01 4.527270073847627918e-01 3.280801069940642023e-02 6.284670260287991139e-01 1.460403769196154666e-01 3.343452381137071994e-01 1.305269945976530455e-01 2.746529278003430052e-01 2.031205018391357697e-02 0.000000000000000000e+00 7.212854129233856604e-01 3.779376022402703983e-01 9.241650661424245516e-01 3.744218600105074790e-01 4.754299592278169451e-01 7.350744079455689972e-01 7.922055061648374252e-01 1.105657828985029401e-02 7.465398595515440050e-01 6.844968650798071153e-01 8.146178911447573556e-01 6.310650636825079207e-01 6.211417238261445206e-01 6.933947952753157784e-01 6.852210183978151292e-01 1.877993107558758590e-01 4.123085568263540335e-02 6.737411298406053017e-01 7.368587918206008780e-01 9.346036906546714151e-01 2.278958124476451186e-01 3.592798662921014019e-01 8.490194594257811644e-01 1.634819280791089957e-01 5.674550151869408587e-01 7.381375522194615346e-01 8.772187310344647937e-01 4.232035205298011471e-01 6.622063185191680024e-01 8.863317537877213326e-01 7.117777479714210154e-01 7.466046873219095437e-01 7.819545486700171244e-01 7.598707801309034782e-02 8.713040976448557240e-01 2.092395511516064177e-01 5.229868201803424821e-01
6.990645828953191421e-01 9.717922918301185042e-01 2.561768350777220427e-01 4.118823161486645512e-01 3.354010631072947834e-01 8.422527633320039397e-01 5.587766147797174066e-01 8.478411618082751788e-01 8.043587992430741851e-01 9.099008094049428896e-01 2.043368031518021377e-01 2.265234463333229975e-01 7.212854129233856604e-01 0.000000000000000000e+00 3.557396982012225317e-01 9.793341846850665000e-01 3.254297317506568143e-01 2.243850494763444114e-02 3.756674433063426077e-01 6.852318590983097479e-01 8.846814957064977891e-01 8.629068505043216986e-01 8.830507803316048898e-01 6.652703397390968831e-01 8.360264683516801520e-01 6.820358051425078338e-01 7.798395664523258830e-01 3.976944268588812337e-01 9.996946716918240217e-01 6.305936783575130100e-01 8.642162711413435838e-01 7.384473611771386059e-01 2.327135206191499606e-02 3.839601644370449485e-01 3.680446629768333588e-01 2.358750116527442708e-01 3.897090654479380412e-01 8.415213797755985992e-01 9.423626513565250828e-01 5.130823501528389841e-01 2.035627571923187551e-01 1.324039057789110352e-01 6.570958915813316370e-01 6.716452818103267886e-01 9.969319453970101330e-01 3.783199111621515787e-02 3.817513021710734478e-01 5.135759369543603237e-01 2.988037411023781731e-01 4.417237734764626333e-01
6.172883615345103880e-01 2.262244765438070626e-01 3.835516055957655102e-02 6.941350456988333306e-01 7.148367867490633687e-01 6.910260119579916260e-01 6.633285482714565973e-01 1.545955589643146499e-01 1.438816456092184559e-02 3.874378212517558540e-01 9.391856959104168956e-01 7.259238601114509359e-01 3.779376022402703983e-01 3.557396982012225317e-01 0.000000000000000000e+00 1.282073774540761768e-01 2.797569802286422602e-01 1.346731921071520066e-02 2.441784400610345074e-01 8.584327148199166757e-02 6.982666213093865482e-01 5.806359384165495907e-01 6.409261141289350761e-01 8.388310783922517944e-01 6.601352528132449216e-01 4.843081769867346731e-01 1.352141085438871571e-01 3.672979627316090845e-01 1.642266140929564688e-01 6.807012714517927110e-01 3.061331963702231818e-01 3.158607438861282812e-02 4.835524900289280836e-01 8.247414040605585139e-01 9.890292719976210289e-01 3.109233897528600465e-01 3.332252595816279639e-01 2.738359682969575548e-01 7.327819367487422575e-01 9.017498560353469639e-01 1.056201706838726384e-01 4.996143403886060819e-01 1.069325044626000532e-01 6.608980214662892871e-01 9.967163250362612859e-01 6.044615956571746107e-01 7.114702670404153828e-01 6.409235371878632126e-01 4.297790360713398261e-01 9.156117224198372373e-01
2.634026678298951873e-01 5.450282481447582539e-01 5.857010783202248883e-01 9.242597895687698628e-01 9.480255279181158956e-01 4.194152429322316467e-01 5.156576326221073980e-02 7.682179811359534094e-01 4.996640115989681163e-01 8.740942954330243042e-01 1.597010475582072431e-02 1.667648932400657147e-01 9.241650661424245516e-01 9.793341846850665000e-01 1.282073774540761768e-01 0.000000000000000000e+00 3.755180169522608358e-01 7.880310537247880998e-01 3.601459187719123767e-01 3.167164656270146095e-01 7.847602845736860733e-01 2.193608685892183274e-01 7.019061108026676266e-01 7.997441566871330565e-01 5.584228353267861600e-01 9.162638900223136762e-01 6.748468600792295602e-01 5.434268986941940272e-01 8.794793569603737149e-01 4.046820513767006577e-01 3.503654948405297009e-01 6.530557225591079318e-01 1.511774549391228240e-01 3.386678687240609609e-01 8.763167840381870244e-01 3.776985551053447798e-01 1.531754759306408475e-01 2.979985449497871697e-01 1.427740792535382441e-01 4.649613667824703533e-01 1.907739867145616941e-01 6.572696225613997578e-01 8.619615760060128640e-01 5.763071487929264380e-01 9.712609816821771158e-02 3.493986462129893278e-01 7.538005656006451227e-01 5.628075132626548793e-01 9.009811485255587726e-01 3.974086256976798737e-01
4.067526707470470182e-01 2.838880909976028155e-01 7.561123443617175921e-01 9.073064081654956814e-01 1.439210360713678583e-01 5.272659683807401354e-01 1.125223207247123547e-01 1.499714545018485667e-01 7.677014283502274772e-01 5.936212452111917504e-01 5.702143360026579177e-01 4.724764349532578622e-01 3.744218600105074790e-01 3.254297317506568143e-01 2.797569802286422602e-01 3.755180169522608358e-01 0.000000000000000000e+00 5.392471998166314950e-01 7.191794897215355586e-01 7.642520696893940757e-01 6.839378136185081392e-01 4.704087481718788322e-02 7.503074688155427774e-01 4.592321957881062566e-01 4.570885500153836212e-01 2.493106966232223609e-01 8.825654271108738236e-01 1.363299088952475424e-01 4.901694933424706191e-01 3.312634292783490642e-01 9.914325900529974422e-01 4.818015822102911239e-01 9.862423330844574121e-01 6.846456592359051463e-02 3.429294258834348907e-01 6.058612871370098185e-01 5.453116942121596367e-01 9.081081851207337685e-01 7.373506025659849472e-01 7.899300931906860779e-02 2.965578450287957857e-01 6.170550271195393011e-01 7.886584813187232923e-01 8.278194348533397529e-01 8.174265681200046929e-01 8.896882928382990885e-01 5.335666720209707448e-01 4.843989732907324486e-01 6.631911435330305471e-01 2.621477051779733669e-01
4.439713177387232257e-01 1.124908619962651235e-01 5.804267823725354214e-01 7.431853137867973080e-01 1.425682758091898483e-01 4.553841997716122636e-01 1.419297832269293957e-01 6.407108226728911449e-01 7.198556681752035225e-01 4.965580126507411762e-01 5.832686866404801496e-01 3.169320305918310599e-01 4.754299592278169451e-01 2.243850494763444114e-02 1.346731921071520066e-02 7.880310537247880998e-01 5.392471998166314950e-01 0.000000000000000000e+00 7.171840033453394936e-01 1.436489461940033685e-01 5.991766804288986004e-01 5.173237107571687643e-01 9.492827753598656049e-01 6.359201535509492187e-01 7.450531923770686848e-01 6.911531334537801552e-01 2.832245452074988457e-02 7.363688768175008503e-01 2.108246441839424223e-01 2.412513898374357701e-01 6.900560975347470594e-01 8.750405547589854560e-01 4.079680621157910636e-01 5.758660597134928061e-01 3.449902081054623260e-02 7.575105407661358869e-01 2.461268236712204072e-01 9.709937881323393860e-01 6.566774306348247547e-01 9.786362602804977717e-01 6.402947417006140673e-01 7.349888609511942006e-01 6.333322370754415065e-01 1.598014758522696699e-01 6.878427106684686931e-01 6.232403199741608502e-01 1.676842019641495707e-01 6.618200547449137883e-01 4.257883977833730738e-01 9.883573477335666491e-01
6.612282508089842858e-01 9.602290157350971134e-01 7.393625995722907795e-03 6.645329582766645871e-03 3.715862503930620342e-01 3.656172707608752459e-01 3.719582160562372453e-01 5.114047603822756694e-01 3.029025228994999264e-01 7.967232709262576096e-01 8.481382293103505443e-01 5.726236227450826055e-01 7.350744079455689972e-01 3.756674433063426077e-01 2.441784400610345074e-01 3.601459187719123767e-01 7.191794897215355586e-01 7.171840033453394936e-01 0.000000000000000000e+00 6.598127397306923214e-01 6.119240851558200855e-01 6.071666600187075602e-01 2.360247975992910696e-01 6.179611724633411463e-01 9.738857621774820172e-01 5.486087400025363436e-02 7.677830805875924813e-01 4.965952078044842954e-01 5.853552884880067753e-01 9.279568659800652153e-02 2.984508447197212755e-01 5.885233281036552633e-01 7.235768667742401572e-01 3.070862335066156801e-01 5.788525234749573034e-01 4.514729643323646124e-01 5.150106900924599218e-01 1.209661468726733746e-01 9.809397105219618274e-01 8.145091991036034207e-01 1.640448715353788334e-01 8.727076864824564462e-01 9.945285575136471046e-01 9.360502155528683810e-01 9.798829954507348727e-01 5.056262042019651348e-01 7.766147756527974622e-02 9.166974469771375089e-01 9.599870274499344713e-02 7.027847321148640303e-01
2.261480987312631807e-01 9.857537638776289191e-01 2.174490270128723868e-01 9.900123545443346718e-01 3.294590971337657548e-01 6.757632067771434103e-01 8.332172682118045293e-01 2.375405435528010756e-01 3.964969496028089013e-01 3.081892095135363441e-01 7.218703289578976001e-02 4.239254920124148063e-01 7.922055061648374252e-01 6.852318590983097479e-01 8.584327148199166757e-02 3.167164656270146095e-01 7.642520696893940757e-01 1.436489461940033685e-01 6.598127397306923214e-01 0.000000000000000000e+00 8.867642802209412256e-01 2.316336892972196138e-01 4.845823590742331932e-01 1.986272726098710084e-01 1.723124606762707067e-01 5.410915616339052603e-01 2.675639816971905338e-01 3.586593523577826792e-01 2.337666908005896493e-01 5.886077242453220393e-01 5.493403232872318132e-02 7.517249363988414146e-01 1.421636754405333214e-01 1.560422401843188922e-01 2.941664865926372219e-01 5.088166922942349846e-01 4.287059714194363380e-01 7.747775479263364629e-01 2.146311282690334110e-01 5.013768243308817096e-01 3.474080407438214779e-01 3.811950401602226535e-01 8.516246556424854619e-01 1.661456699156537153e-01 1.122383254859580237e-01 1.611798091452744108e-01 1.948920736251682495e-01 4.139110341261531545e-01 4.044964274642229851e-01 1.063598956140640039e-01
5.682124159330242952e-01 5.610751817372386929e-01 1.034967031168663176e-01 5.849406717464071814e-01 8.408064354859602352e-01 4.587035907131339352e-01 8.658679695942881338e-01 2.532172357126475370e-01 8.514374750602462516e-01 9.659304234261312239e-01 2.963663960893219151e-01 7.004526430244671920e-01 1.105657828985029401e-02 8.846814957064977891e-01 6.982666213093865482e-01 7.847602845736860733e-01 6.839378136185081392e-01 5.991766804288986004e-01 6.119240851558200855e-01 8.867642802209412256e-01 0.000000000000000000e+00 9.411517147049832666e-01 1.251684645259127926e-01 9.011009534799120368e-01 2.028367756804710931e-01 8.660152545611249364e-01 1.768525350613917579e-01 8.151383144803169278e-01 4.541180257182986235e-02 6.474184831001691398e-01 6.497554353856926923e-01 5.880712448727825059e-01 5.040516576475689847e-01 4.199225833899289384e-02 5.270969007627335223e-01 3.600804353730586715e-01 3.583627077279649686e-02 1.479188108467917040e-01 4.667804079192942046e-01 1.537403236501452275e-01 8.321809016434673634e-01 6.142956144703048960e-02 1.715902445770396412e-01 9.684365430149063370e-01 7.483671351252343396e-01 2.125266727631504038e-01 7.327752730439526241e-01 7.021026434047632492e-01 6.878216956058417209e-01 1.328498717359892778e-01
7.642251826065633580e-01 5.058038918916009097e-01 6.114735403101894118e-01 5.517444019842537850e-01 7.571910333385970526e-01 9.448454796461980276e-01 3.893108099172251091e-01 6.562574656936408513e-01 5.540775341809245358e-01 2.053117618163587954e-01 3.655697363685750378e-02 3.931190804306106124e-02 7.465398595515440050e-01 8.629068505043216986e-01 5.806359384165495907e-01 2.193608685892183274e-01 4.704087481718788322e-02 5.173237107571687643e-01 6.071666600187075602e-01 2.316336892972196138e-01 9.411517147049832666e-01 0.000000000000000000e+00 4.879385259034416666e-01 4.083930280703521598e-01 2.837645881917681967e-01 6.870742659570546751e-01 7.853351741408343134e-02 5.164436774213965187e-03 1.910966159177240886e-01 7.723154899424210518e-01 9.343441650356445471e-01 2.498689207318395278e-01 4.441575223831900621e-01 8.090582702946872429e-01 7.122769387464373825e-01 1.128056277757468751e-01 3.602730427531132262e-01 9.631432337423284640e-02 5.853308325180434091e-01 8.830895599033706800e-01 8.293075575703869884e-01 9.331653241692965395e-01 1.110405766575086606e-01 1.976434952711415560e-01 9.012143264212212346e-01 4.331324242247173162e-01 2.171292088433713907e-01 7.725764028153280227e-01 1.063574459483147550e-01 3.418456706445502924e-01
5.119069541566334536e-02 4.945538362902389684e-01 9.582689672938615733e-02 8.130780971227032916e-01 9.581606945104206297e-01 2.255454771836112871e-01 5.630419565100484025e-01 7.562721312927945805e-01 8.006337818271185292e-01 7.068797719644681621e-02 1.764556500798393213e-01 3.882585193448794270e-01 6.844968650798071153e-01 8.830507803316048898e-01 6.409261141289350761e-01 7.019061108026676266e-01 7.503074688155427774e-01 9.492827753598656049e-01 2.360247975992910696e-01 4.845823590742331932e-01 1.251684645259127926e-01 4.879385259034416666e-01 0.000000000000000000e+00 7.215107561650249135e-01 8.310647707811701368e-01 4.930730889315940724e-01 4.983289567604314296e-01 4.602116869997157078e-01 3.883331410148022078e-01 9.012874700301490849e-01 1.318062323826787452e-01 7.710645051064674016e-01 5.393667626030459461e-01 9.560958966725647823e-01 7.044345501407912602e-01 8.037750798159802867e-01 3.603571012076117741e-01 7.904753990161442756e-01 5.819471684191681593e-01 6.617584713386052142e-01 9.808352694933922811e-01 4.773840589820458336e-01 7.248212143913216332e-01 5.179768005381900631e-01 5.162891270948243294e-01 7.730351150971881413e-01 7.289560188035109078e-01 1.065566647412852230e-01 1.255082504720405057e-01 1.913651046270985479e-01
6.723396140437297719e-01 1.058495049531712473e-01 5.958640825294245769e-01 6.692351051639181536e-01 3.299016916412159661e-01 9.618468189209077313e-01 8.441877094777054946e-01 1.202679970506220775e-01 9.825332931973933537e-01 2.493055834551917149e-01 8.824976073729636772e-01 6.764680900725463797e-01 8.146178911447573556e-01 6.652703397390968831e-01 8.388310783922517944e-01 7.997441566871330565e-01 4.592321957881062566e-01 6.359201535509492187e-01 6.179611724633411463e-01 1.986272726098710084e-01 9.011009534799120368e-01 4.083930280703521598e-01 7.215107561650249135e-01 0.000000000000000000e+00 6.267171115061491715e-01 9.835280741302445673e-01 3.817030607986993118e-03 9.872920967702570882e-01 6.964955423167640269e-01 9.784116332909169600e-01 6.494696281761050960e-01 9.693554714300874897e-01 7.566278364556496827e-01 4.833290418091882312e-01 2.544814772540466841e-01 5.586717264861406074e-01 3.602012029802537096e-01 8.414352110581124755e-02 1.185274060295985477e-01 7.658886126172408382e-01 4.216691444175513226e-02 1.175786254144080001e-01 2.412717124636266641e-01 5.618888932491885591e-01 9.498552671833490058e-01 3.104801472954585861e-01 3.824298107129807667e-01 8.180171177628240420e-01 5.264174167732933451e-01 9.556655541381307017e-01
1.203378349082643295e-01 6.570839133062890136e-01 4.443114775310302855e-01 6.494309573624890142e-02 5.608542878924979158e-01 4.892634308481530470e-01 9.155086312196768494e-01 7.984298624208647777e-01 2.707899128811617206e-01 2.737343672780219173e-01 5.070022475976546650e-01 2.232887239876868435e-01 6.310650636825079207e-01 8.360264683516801520e-01 6.601352528132449216e-01 5.584228353267861600e-01 4.570885500153836212e-01 7.450531923770686848e-01 9.738857621774820172e-01 1.723124606762707067e-01 2.028367756804710931e-01 2.837645881917681967e-01 8.310647707811701368e-01 6.267171115061491715e-01 0.000000000000000000e+00 5.714500627461770454e-01 7.467096413475188266e-01 3.382261954007881322e-02 8.844845591730778889e-01 5.600308148368019490e-01 8.633790056295738147e-01 6.922032661485036931e-01 6.654993602951012610e-01 4.702756595172964404e-01 4.424144130013017984e-01 5.053105693294024370e-02 5.529306779470151145e-01 4.742425577956692617e-01 2.967549741145696363e-01 9.795905747191365753e-01 5.240462348156205152e-02 7.295051122027985668e-01 4.708106538811370756e-01 1.553051442167868723e-01 7.791079025983105311e-01 1.673798576599790922e-01 5.717146952895888479e-01 4.827111097921953364e-01 5.600081258420444019e-01 1.831673324379750056e-01
2.726784918986689954e-01 7.071653139903134599e-01 9.727777049172559032e-01 7.387076813198284464e-01 9.175394270436103561e-01 8.364476489620955579e-01 1.495435854795408304e-01 2.234472852712300339e-01 6.894322246470676596e-01 7.826983767724497998e-01 6.238984441524875191e-02 7.451576557962220626e-01 6.211417238261445206e-01 6.820358051425078338e-01 4.843081769867346731e-01 9.162638900223136762e-01 2.493106966232223609e-01 6.911531334537801552e-01 5.486087400025363436e-02 5.410915616339052603e-01 8.660152545611249364e-01 6.870742659570546751e-01 4.930730889315940724e-01 9.835280741302445673e-01 5.714500627461770454e-01 0.000000000000000000e+00 9.684608629935528290e-01 6.650507922323475318e-01 8.517866059635950116e-01 1.190174187639561065e-01 7.822983858776832999e-02 1.242184553489360521e-01 8.658311923609247618e-01 2.833296878258724227e-01 6.016539981733146636e-01 2.570976664437450987e-01 5.305795040691169140e-01 3.851426722273547654e-01 4.278755816966607339e-01 5.761422582732537157e-01 7.669760745943536850e-01 3.017915231373194951e-01 3.942945997322020446e-01 5.143348582261463298e-01 7.504774596676062615e-01 6.596060501316252100e-01 8.004926273977879259e-01 8.885922196971869358e-01 6.963865106482315381e-01 1.110262676430762152e-02
8.897428979427520757e-01 8.828299613241521460e-01 3.064781746160821774e-01 1.306270922657296607e-01 8.191205765754211443e-01 1.083896698719337692e-01 3.324943520138259334e-01 1.747127625157096631e-02 2.269926143149622044e-01 6.125722537689675118e-01 7.195882251482299541e-02 1.263837391111631847e-01 6.933947952753157784e-01 7.798395664523258830e-01 1.352141085438871571e-01 6.748468600792295602e-01 8.825654271108738236e-01 2.832245452074988457e-02 7.677830805875924813e-01 2.675639816971905338e-01 1.768525350613917579e-01 7.853351741408343134e-02 4.983289567604314296e-01 3.817030607986993118e-03 7.467096413475188266e-01 9.684608629935528290e-01 0.000000000000000000e+00 3.605081001553331888e-01 5.687462203307629416e-01 2.075898451523550126e-01 7.925871783198685794e-01 2.565840461490354052e-02 6.031375329405495034e-01 2.153810757569085688e-01 7.765033678169478426e-01 7.645485334620739648e-01 6.704960647462486767e-01 7.126598547425162522e-01 4.707817947325342312e-01 2.255266825044046630e-01 9.212318010749185326e-01 1.678004796685951261e-01 8.686733943561201210e-01 7.129738180399389780e-01 9.717252312399039527e-01 9.792982212066175807e-01 2.130882738551588274e-01 5.768933734215078157e-01 6.175926229444009818e-01 2.840574735490394298e-01
5.207909082923529720e-01 7.568061628176647737e-02 2.726937328668866956e-01 6.124114192711831439e-01 3.014199905280647851e-01 5.362857692807441179e-01 4.924311350974558410e-01 7.237862427048060709e-01 5.912576225230792293e-02 1.028769708364614122e-01 7.801850442054975021e-01 9.955171572674192948e-01 6.852210183978151292e-01 3.976944268588812337e-01 3.672979627316090845e-01 5.434268986941940272e-01 1.363299088952475424e-01 7.363688768175008503e-01 4.965952078044842954e-01 3.586593523577826792e-01 8.151383144803169278e-01 5.164436774213965187e-03 4.602116869997157078e-01 9.872920967702570882e-01 3.382261954007881322e-02 6.650507922323475318e-01 3.605081001553331888e-01 0.000000000000000000e+00 6.514253185046655625e-01 1.085968331575642987e-01 2.454127892177452308e-01 9.427199411789046746e-01 4.493907728223411890e-02 3.035967487348256721e-01 2.053752403021491535e-01 1.517538372105630140e-01 3.895171423750927175e-01 4.079015556088038119e-01 1.164239282156576127e-01 7.921776548906159787e-01 3.851023515475600068e-01 6.770915741114171826e-01 9.777853808440200023e-01 9.692821908947368836e-02 1.248859282763636891e-03 4.033238963816733191e-01 8.680717385469750580e-01 8.124451235792522485e-01 3.181472497893330642e-01 9.279275740319927746e-01
9.403929617135418084e-01 5.860182778420107708e-01 6.236245340194596087e-01 1.722965566553280592e-01 7.919905068410142412e-01 1.996901342920143207e-02 1.435833839618431140e-01 6.771685905809035066e-01 7.931926019359974989e-01 1.130063875448992228e-01 4.556325040577983154e-01 3.843896067677553541e-01 1.877993107558758590e-01 9.996946716918240217e-01 1.642266140929564688e-01 8.794793569603737149e-01 4.901694933424706191e-01 2.108246441839424223e-01 5.853552884880067753e-01 2.337666908005896493e-01 4.541180257182986235e-02 1.910966159177240886e-01 3.883331410148022078e-01 6.964955423167640269e-01 8.844845591730778889e-01 8.517866059635950116e-01 5.687462203307629416e-01 6.514253185046655625e-01 0.000000000000000000e+00 5.047201448760931797e-01 4.636189813513513780e-02 1.624250845461291393e-01 9.067404158487883947e-01 2.452398345941897428e-02 9.784541451693634651e-01 5.053994946895009610e-01 1.029022600701333667e-01 1.884182046661089238e-01 6.481424268482914863e-01 3.416970264793148804e-01 3.819641664432267270e-01 5.205682363741707119e-01 9.705283062162636254e-01 2.520271628797637886e-01 3.356932167142788748e-01 8.721479396017075558e-01 3.038208875890328065e-01 9.189104938493929398e-01 9.807742909436613088e-01 4.979220703502085232e-02
4.964039898751182456e-01 1.941204824787617911e-01 1.188304571889827743e-01 1.195791125032447111e-01 4.010092239966155381e-01 3.286830581615343139e-01 8.360489831671579219e-01 4.653703692210640064e-01 3.133943188555932124e-01 8.674249863229247515e-01 6.655649048477131347e-01 2.737697420245622792e-01 4.123085568263540335e-02 6.305936783575130100e-01 6.807012714517927110e-01 4.046820513767006577e-01 3.312634292783490642e-01 2.412513898374357701e-01 9.279568659800652153e-02 5.886077242453220393e-01 6.474184831001691398e-01 7.723154899424210518e-01 9.012874700301490849e-01 9.784116332909169600e-01 5.600308148368019490e-01 1.190174187639561065e-01 2.075898451523550126e-01 1.085968331575642987e-01 5.047201448760931797e-01 0.000000000000000000e+00 2.588338428561572924e-01 9.516453817304215690e-02 1.317001933252092138e-01 4.129495382320581554e-01 7.171413315047662218e-01 1.737084891288628308e-01 6.699593467918818490e-01 9.402594392982223104e-01 9.794678935293311683e-01 4.965110796202700794e-01 1.043670519294477295e-01 6.063100291127431207e-01 6.053883784591810313e-01 2.534242522475063097e-01 5.979497535153781573e-01 9.297271520334970951e-02 4.525566309490050010e-01 5.240250197665937693e-01 8.656975954406669338e-01 6.941086728301443243e-01
4.726280873682436878e-01 7.514266936791957896e-02 5.804174149368328539e-01 1.490443257061542237e-01 9.850263462869137676e-01 1.758056288061287109e-01 5.299349387257606958e-01 8.465702399720784754e-01 4.778737424629063701e-01 3.124807805684753914e-01 8.604009495977772426e-01 9.189140995103675102e-01 6.737411298406053017e-01 8.642162711413435838e-01 3.061331963702231818e-01 3.503654948405297009e-01 9.914325900529974422e-01 6.900560975347470594e-01 2.984508447197212755e-01 5.493403232872318132e-02 6.497554353856926923e-01 9.343441650356445471e-01 1.318062323826787452e-01 6.494696281761050960e-01 8.633790056295738147e-01 7.822983858776832999e-02 7.925871783198685794e-01 2.454127892177452308e-01 4.636189813513513780e-02 2.588338428561572924e-01 0.000000000000000000e+00 5.839344682364788763e-02 3.429464489577506159e-01 3.959568435539519982e-01 4.276253728230172690e-01 3.459377411298757421e-01 1.294775973554671555e-01 6.329499449260495014e-01 6.148054572673651297e-01 1.366660283998154535e-01 7.015867256101344651e-01 4.605587546634168916e-01 2.011061188593564752e-01 1.986721226948782171e-01 4.685168620435720133e-01 7.143414677998229934e-01 6.396391854412718514e-01 3.156375975769204478e-01 8.964539989002099363e-01 5.010117565859394384e-01
