0.000000000000000000e+00 3.699199937807734484e-01 9.356085561385462102e-01 2.943208620612759452e-01 9.403913339666246651e-01 5.718962179796056589e-01 9.452023210526300234e-01 7.935231322880879068e-01 8.505243550078800396e-02 8.340761475463639441e-01 1.653789300893978576e-01 8.710917889100109335e-01 7.997001897760802613e-01 8.562275533494454471e-01 1.070186138094590955e-01 2.413146171590454525e-01 3.922066430575191776e-01 6.270585586458462535e-01 6.220500306404620483e-01 9.594811723833853723e-01 1.492336336150519305e-01 7.295237067247376528e-01 5.656123199839209192e-01 2.650600547395054463e-01 2.689718752030125781e-01 1.477266069642078072e-01 7.724954413193848568e-01 2.312055962122131492e-01 6.388137656762171712e-01 6.857230136478409399e-02 3.439430733310753219e-01 1.559664326804082179e-01 2.827859817358718830e-01 5.676222335586389445e-02 9.146528650352571121e-01 5.463110614901525164e-01 8.179292221689679065e-01 1.757214046802502150e-02 1.466458014163648516e-01 7.748908615686198598e-01 9.538129339648783178e-01 3.964171868067936089e-01 2.112286126475048098e-01 1.136822480653300049e-01 2.493584463144590257e-01 1.329015232525265766e-02 5.241838049745157768e-01 4.998264354784107688e-01 3.414167644072194641e-01 1.393737663943537264e-01
3.699199937807734484e-01 0.000000000000000000e+00 7.967765165093214641e-01 6.509200522842473191e-01 2.793377413218881555e-01 2.757343563498778627e-01 4.308802871021930603e-01 3.429588348634177164e-01 4.910782024430604409e-01 4.408796988886609647e-01 1.252807355413991797e-01 9.544323889941105366e-01 2.749717227908294870e-01 6.893540891219130939e-01 2.479254581839261951e-01 1.230600931513374796e-01 9.849757292312031343e-01 7.177565674336698898e-01 2.065526980847407490e-01 3.738870866650501057e-01 4.039954690963638573e-01 2.325569252536129339e-01 2.334475528078787665e-01 5.465602897436285801e-01 1.643217533997204383e-01 1.737040456308116543e-01 3.028131122406537701e-01 8.975531492373621800e-01 3.525124589438631828e-01 4.316237440756043320e-02 1.106346103224477018e-01 7.115485445835223466e-02 4.957936276559432587e-01 6.948398533415621747e-01 5.337623831871188829e-01 4.417695078209789017e-01 4.365670604719497083e-01 2.109964462472069258e-01 3.173042074530058043e-01 1.305445947981362931e-01 8.570545753352775131e-01 2.968408152801388367e-01 4.228446156767028397e-01 1.813022130675919774e-01 7.715142210210634843e-02 6.723957795597401699e-02 1.517508130893614471e-01 7.031634345550564769e-01 6.024379361842352454e-01 2.875173384435547597e-02
9.356085561385462102e-01 7.967765165093214641e-01 0.000000000000000000e+00 9.998669232203166723e-01 9.158653713826852005e-01 4.178125193441405427e-01 7.487791366836916707e-01 8.805282663524931497e-01 8.591475920179038051e-01 6.012435107159108671e-02 8.498905113712889037e-01 2.226180384919708155e-01 3.242907576092690647e-02 9.439114603147288340e-01 6.726471670008201675e-01 7.685426096112207839e-01 9.903747107103584302e-01 4.175731968597371502e-01 6.103840075728410586e-01 6.172742976005149984e-01 6.904051202204349869e-01 5.390537549043791232e-01 5.195163031199597770e-01 2.249106055709708674e-01 3.838498740919742414e-01 4.986879107714238257e-01 7.913784414014937152e-01 1.482171833330103716e-02 7.099112287096217555e-01 9.764807687011376469e-01 2.591000373752642139e-01 9.323146034966895979e-01 6.908770790196003819e-01 7.701212984164467201e-01 2.206477252945524548e-01 6.926675454306441271e-02 3.993837468918383093e-01 6.176871817301275991e-01 8.267996367572310046e-01 6.338097451471881305e-01 5.811382280328735161e-01 5.099707102900521427e-01 9.731141124194564451e-02 2.329988670530576123e-01 2.203412395307137173e-01 3.593775870612259116e-01 6.993877049884412722e-01 9.194466791162975161e-01 5.804113942794311143e-01 9.593594290352898124e-01
2.943208620612759452e-01 6.509200522842473191e-01 9.998669232203166723e-01 0.000000000000000000e+00 6.553272824072586822e-01 2.842131234049455335e-01 5.509607369194108317e-01 1.897812626068435815e-01 3.741823171723314134e-01 3.215422005211162615e-01 3.375587530750431275e-01 9.910134202345344256e-01 7.104555680210071777e-01 9.373442882812818011e-01 8.501602058460568934e-01 5.838527552239275442e-01 9.709064521409326298e-01 5.754231691054724207e-01 6.357279584539576867e-03 2.485027941074700042e-01 5.805665770468348974e-02 6.686954883242574033e-01 1.988569689839946308e-01 9.040474327176784008e-01 1.564960737523607426e-01 8.243658287282827901e-01 2.677638928686210118e-02 5.847171153396752974e-01 9.628007829825637742e-01 6.653209366110864886e-01 7.840674391676156763e-01 2.976046196382090558e-01 7.065107869540422358e-01 1.596809672164007932e-01 1.335925800186471557e-01 7.650370889158415455e-01 9.551400779069444402e-01 6.174241046309564274e-01 9.615069125020625496e-02 2.645618276378016720e-01 6.756001711655966746e-01 2.852125282497773862e-01 8.515878151981861599e-01 2.755932676290901995e-01 5.508916682011696375e-01 9.535146279582236151e-01 3.528114280265916003e-01 6.337762368294048709e-01 5.438934708465010814e-01 7.571787607270895615e-01
9.403913339666246651e-01 2.793377413218881555e-01 9.158653713826852005e-01 6.553272824072586822e-01 0.000000000000000000e+00 2.443646048880248056e-01 1.607028222825782615e-01 6.951043314056243316e-01 6.557949757035581584e-01 1.188897702060235373e-01 3.911414776325207177e-01 9.713244107161641550e-01 4.829703301741198329e-01 5.103084358707846713e-01 7.469938387443000316e-01 3.901595588945246940e-01 3.737768325517725199e-01 6.824665757562642376e-01 9.619390530773447301e-01 2.016750658976705912e-01 4.665180794300076705e-01 2.223002925339392366e-01 4.638404362156928196e-01 8.690661812400384267e-01 6.014368697613327042e-01 4.636125386255099956e-01 7.198705782502611283e-01 1.856657405695338880e-02 3.059872605933753320e-01 7.112369378655397645e-01 3.220347689861599028e-01 9.703166324893772732e-01 1.774482014309001210e-01 3.051480531801309404e-01 7.953220847797204396e-02 1.021975080993098306e-01 5.910709537465307362e-01 3.489888474414944985e-01 6.854490942668953757e-01 8.580802607647675107e-01 5.563577193136440835e-01 1.276897988112432047e-01 3.825743542497417327e-02 9.960321471536380811e-01 5.431074573322127730e-01 8.591726614044712385e-01 4.465938500229135188e-01 1.457774193739280744e-02 9.423401494114881372e-01 1.142608479873765681e-01
5.718962179796056589e-01 2.757343563498778627e-01 4.178125193441405427e-01 2.842131234049455335e-01 2.443646048880248056e-01 0.000000000000000000e+00 3.782299434060787391e-01 6.766515777845187873e-01 6.823626864855220076e-01 3.302812716483066735e-01 9.172857843713311254e-01 5.055789840163799065e-01 1.192409094705771944e-01 8.865631334325599910e-01 4.579800462103953418e-01 9.834074895416844431e-02 8.769909265325592784e-01 6.752309747496295644e-01 6.012622551309156904e-01 7.138987251760542385e-03 7.703429760249332903e-01 3.368346782384472604e-01 1.410959105542204384e-01 4.234059798479172798e-02 3.764030528293892397e-01 6.063673888525765721e-01 7.188968498848957722e-01 8.128617084033039619e-01 7.524789760029088059e-01 7.882159619777074910e-01 4.798280865597753797e-01 7.764081800752182794e-01 2.125440423706753679e-01 1.479130914043751410e-01 3.313243794569689094e-01 8.014470072040257298e-01 4.775792972606622833e-01 8.716392165919262247e-01 7.755211932278854858e-01 9.915728634656147955e-01 6.619593847663346464e-01 3.712024025438706021e-01 7.170778993248628774e-01 9.533357740802297364e-01 5.292718097235742380e-01 2.772229793915057527e-01 9.543570606926332633e-01 8.662154182081821530e-01 9.488943090106749523e-01 9.400053378415806904e-01
9.452023210526300234e-01 4.308802871021930603e-01 7.487791366836916707e-01 5.509607369194108317e-01 1.607028222825782615e-01 3.782299434060787391e-01 0.000000000000000000e+00 4.833014646577579176e-01 9.278142912477516102e-01 3.500828665290900421e-01 4.715711778099552776e-01 4.216649688789136929e-01 9.633393040515247918e-03 9.544115373811155045e-01 4.110290934314416722e-01 8.595052808002253686e-01 6.336766522703383142e-01 8.657008169062996306e-02 3.152012548812808124e-01 1.850937564997376938e-01 5.993036826595667943e-01 3.661275699122364946e-01 7.663208834954815529e-02 1.284259481199828690e-01 3.211678700845512768e-01 9.374360511258018613e-01 2.427332529383471327e-01 7.225144437275982101e-01 9.624758010079601522e-01 1.802825433111169273e-01 5.004573430543018953e-01 4.270968710432734294e-01 1.173965764481255114e-02 8.925443071130714223e-01 4.517450137913452402e-01 9.856056121812508675e-01 7.371921832497618787e-01 2.804216013740454816e-01 6.079740725270742496e-01 8.360993256760401726e-01 1.481177256370218576e-01 6.054351610523952543e-01 2.588124034248561189e-01 4.781604180663954207e-01 7.963294798506072025e-01 8.491419392984527192e-01 8.456451431002008912e-01 9.410797762020832735e-01 2.894476770052111236e-01 6.052732098660476012e-01
7.935231322880879068e-01 3.429588348634177164e-01 8.805282663524931497e-01 1.897812626068435815e-01 6.951043314056243316e-01 6.766515777845187873e-01 4.833014646577579176e-01 0.000000000000000000e+00 1.689704179141021667e-01 2.990514673750243047e-01 1.073757999979796374e-01 7.739060081527981971e-02 9.298596719714657954e-01 9.290661101158159685e-02 9.872462791562760520e-01 9.343728887132806138e-01 7.451895237520215209e-01 7.243444740508315771e-01 9.425657257083057683e-01 4.295557944016377139e-01 4.918532532717816430e-01 4.536340334643595984e-01 4.934889082860485221e-01 8.914250605351825563e-01 7.228665713805243476e-01 1.462346543127196474e-01 6.307056116193757722e-01 2.994368661438224777e-01 5.225925004012133002e-02 5.529372325723334036e-01 5.490256930910620836e-01 2.541239216160610104e-01 7.712177549820370404e-01 6.042957951134184658e-01 4.653254645672521006e-01 3.106548162721998185e-01 3.246249083673549141e-01 2.060875307038421145e-01 5.525174458916546349e-01 5.968384002081494888e-01 5.966547029444174699e-01 4.366962258543709563e-01 7.179794585722696354e-01 8.626498100594037766e-02 1.008954081417479109e-02 9.220941815034704447e-01 9.462058052051814938e-01 5.829528169226556589e-01 4.784621882270720938e-01 2.768472866270171862e-01
8.505243550078800396e-02 4.910782024430604409e-01 8.591475920179038051e-01 3.741823171723314134e-01 6.557949757035581584e-01 6.823626864855220076e-01 9.278142912477516102e-01 1.689704179141021667e-01 0.000000000000000000e+00 8.585368413460026105e-03 2.552943063835978466e-01 8.251882312338809644e-01 8.621707100146097646e-01 7.540978268628639736e-02 2.399096479828357609e-01 2.474909980120852948e-01 3.993431317525081292e-01 3.928184560938384751e-01 3.306389380661058919e-01 3.554705064597447617e-01 2.399299516653911057e-01 4.140543558378459998e-01 8.294954591612694328e-01 9.859138801041809064e-01 1.722387521419829204e-01 4.453983641914874836e-01 6.299703116415344972e-02 9.823272051282342376e-01 5.365872158417052118e-01 4.408277670383965452e-01 7.430375670158239076e-01 9.765760400578545886e-01 7.850733879366442736e-01 5.593061708341783289e-01 8.238869176542448214e-01 4.896283561719750876e-01 9.242987502095759700e-01 8.525248280394409628e-01 3.406043453665819065e-02 4.687818456081466190e-01 5.235434054824196215e-01 3.820404267103804097e-01 7.228866768769309781e-01 6.162836468641211818e-01 1.598858414936487060e-01 5.237644203854863179e-01 4.151234099402801858e-01 9.555326650085815832e-02 8.402035535450058656e-01 2.142744793197043363e-01
8.340761475463639441e-01 4.408796988886609647e-01 6.012435107159108671e-02 3.215422005211162615e-01 1.188897702060235373e-01 3.302812716483066735e-01 3.500828665290900421e-01 2.990514673750243047e-01 8.585368413460026105e-03 0.000000000000000000e+00 8.891647846950279099e-02 7.016508471246540868e-01 2.254764741182977428e-01 6.091026105092016696e-01 9.105730773289695268e-01 8.357986554792412592e-01 2.410723132818917147e-01 1.878035446400730946e-01 7.463396894334833886e-01 3.255558032868732798e-01 1.413586317253862079e-01 7.684672164357775337e-01 6.209609547183900791e-01 7.431385363069155092e-01 4.123226149441726607e-01 4.652262078505828846e-01 1.197867766926813404e-01 4.358890664567165452e-01 8.701533147490848608e-01 8.747569363549546617e-01 2.756895620522984425e-01 1.905858791373717942e-01 6.011680731480938400e-01 9.039713262071096267e-01 2.017937965403119316e-01 7.379044268567306331e-01 6.719783564607435533e-01 6.371981969849683791e-01 1.474917435431827295e-01 2.138450171449151060e-01 6.899666280252322315e-01 5.199044969675514771e-02 8.775104635196442349e-01 2.833018723502697123e-01 4.499247577264894327e-01 7.139782994052374931e-01 2.852287961698440899e-02 1.074797249690768730e-01 9.876115801987311871e-01 4.004213466324981763e-01
1.653789300893978576e-01 1.252807355413991797e-01 8.498905113712889037e-01 3.375587530750431275e-01 3.911414776325207177e-01 9.172857843713311254e-01 4.715711778099552776e-01 1.073757999979796374e-01 2.552943063835978466e-01 8.891647846950279099e-02 0.000000000000000000e+00 8.821282306939193241e-01 6.817193505512793017e-01 9.744435512883360406e-01 1.277202527185511416e-01 2.709694664671066233e-01 9.767443274504902240e-01 3.328113780214747575e-01 9.807207560506832067e-01 6.462145297399346511e-01 2.153548740926747307e-02 1.846826579108884481e-02 5.732839560580460514e-02 5.689734550652331135e-01 6.712567641010844799e-01 5.293782872735773859e-01 3.156911014323015019e-01 9.980419208927524544e-01 7.165918742993704349e-01 7.889011339142675272e-01 3.230402571081963936e-01 2.773317175080571850e-01 9.273667777505202325e-01 8.576874865283605764e-01 6.928808056011195315e-01 5.804034178185696335e-01 4.402101698564131471e-01 4.904337695017471077e-01 1.224728387536636598e-01 4.566455844861145863e-01 2.033480196153321096e-01 3.975981887698009087e-01 3.861444908359995543e-01 7.064083045206482891e-01 7.388965705542349660e-01 6.041039664453783375e-01 4.492408510100288632e-01 9.996898435573431385e-02 2.703471164809923000e-02 5.736324422132236256e-01
8.710917889100109335e-01 9.544323889941105366e-01 2.226180384919708155e-01 9.910134202345344256e-01 9.713244107161641550e-01 5.055789840163799065e-01 4.216649688789136929e-01 7.739060081527981971e-02 8.251882312338809644e-01 7.016508471246540868e-01 8.821282306939193241e-01 0.000000000000000000e+00 8.553771044306072158e-01 2.983095826983098720e-01 2.409478639533191302e-01 8.316045939406134790e-01 4.220484486520947875e-02 7.570206665049517003e-01 9.206301603891198226e-02 1.427152414639107914e-01 3.372858630095175725e-01 6.567559594975526105e-01 6.219342310398529028e-01 7.830018433239743780e-01 6.457421922501243028e-01 7.884004850780187423e-01 8.431391758786122015e-02 1.160984892664660428e-01 7.701824571228816918e-01 4.136473012213449651e-01 8.028637296897311870e-02 6.074159601742649128e-01 8.255518457306857405e-01 5.268416682001456630e-01 2.109770788698492883e-01 3.896746407289306546e-01 9.677149616367057838e-01 6.179256455373355328e-01 9.440870952725931575e-01 4.364642949013144424e-01 6.650335531592164173e-01 2.569768033981083555e-01 1.482205231495281605e-02 6.825991558264623560e-01 1.711406374010839837e-01 2.394080698906039251e-01 6.012362644000808221e-01 3.742920021280110587e-01 5.497742420196410906e-01 7.216540421065569255e-01
7.997001897760802613e-01 2.749717227908294870e-01 3.242907576092690647e-02 7.104555680210071777e-01 4.829703301741198329e-01 1.192409094705771944e-01 9.633393040515247918e-03 9.298596719714657954e-01 8.621707100146097646e-01 2.254764741182977428e-01 6.817193505512793017e-01 8.553771044306072158e-01 0.000000000000000000e+00 2.607718399194871584e-01 5.427748471752770199e-01 1.998874338765340708e-01 3.317758224598577055e-01 2.271548598198509517e-01 2.393984122460877106e-01 2.562902457580402693e-01 9.079558630414774623e-01 3.967866149533105791e-02 9.922189982315271495e-01 6.041959862664617598e-01 2.957342697406929455e-01 8.119163691387620840e-01 9.124199779535200339e-01 9.211056255092264777e-02 1.348194497625169186e-01 5.957601911900768377e-01 2.629906844619801509e-01 5.511269352670327137e-01 8.186110220608839860e-01 4.740340213998059937e-01 2.874209553302468079e-01 4.372453954948022359e-01 1.699431880381158111e-01 8.627329689083667041e-01 9.434424401748678912e-01 7.474858199079876808e-01 5.965537548663467637e-01 4.215047865253441772e-01 4.137309849838616271e-01 4.930178715596302830e-01 2.949673840887218068e-01 2.027702409324838584e-02 4.705938608223518838e-01 3.124832417578026211e-01 4.261664362939336925e-01 9.045755427893675815e-02
8.562275533494454471e-01 6.893540891219130939e-01 9.439114603147288340e-01 9.373442882812818011e-01 5.103084358707846713e-01 8.865631334325599910e-01 9.544115373811155045e-01 9.290661101158159685e-02 7.540978268628639736e-02 6.091026105092016696e-01 9.744435512883360406e-01 2.983095826983098720e-01 2.607718399194871584e-01 0.000000000000000000e+00 7.045535616571715343e-01 4.416877309985707267e-01 6.955034209607563467e-01 4.472754080514655950e-01 2.803755023901109977e-01 4.406218762909711595e-01 7.855237199672424619e-01 1.434551634009029186e-02 7.723202386958875065e-01 8.560700249424535446e-01 9.210526503372148399e-01 5.256508866397407997e-01 2.969658353589683664e-01 4.834731781140437779e-01 1.471744153726729509e-01 4.383229230136167498e-01 3.605100142713965061e-01 9.587249809206137563e-01 9.320336834735964970e-01 1.470129462969997913e-01 3.129568436799532449e-01 9.074740072243968614e-01 9.786885062751380371e-01 4.628165040312649525e-01 3.856432063856307657e-02 1.942010772137425789e-01 9.645557669968258807e-01 1.711559795171327947e-01 7.256498065991132673e-01 4.838802997947977413e-02 8.351242003536436531e-01 8.078194673129118764e-01 3.903618108609799853e-01 5.154413943951646759e-01 8.409565066375017661e-01 6.806993699698588030e-01
1.070186138094590955e-01 2.479254581839261951e-01 6.726471670008201675e-01 8.501602058460568934e-01 7.469938387443000316e-01 4.579800462103953418e-01 4.110290934314416722e-01 9.872462791562760520e-01 2.399096479828357609e-01 9.105730773289695268e-01 1.277202527185511416e-01 2.409478639533191302e-01 5.427748471752770199e-01 7.045535616571715343e-01 0.000000000000000000e+00 6.632624154998710830e-01 6.433985494826000018e-02 1.452698016101117151e-02 5.346530593870922887e-01 1.667797582030022818e-01 1.513810937583179861e-01 6.099536589972173184e-01 7.279246426809182768e-02 6.258878935003913124e-01 5.440458165537379598e-01 8.306786430658174014e-01 8.494783157633831738e-01 5.897067445432870869e-01 9.112101025565352286e-01 7.317225365101199808e-01 7.140941114533363443e-01 7.294778563348036649e-02 9.889500735571419288e-01 3.273014924321779873e-01 7.931934166414545961e-01 8.983568522356388808e-02 8.000133760713193931e-01 9.927169774341040309e-01 5.087092225983732563e-01 3.300054974921963202e-01 2.533677476968676512e-02 3.016017792017262611e-01 5.164973223992175289e-01 4.734573267001972452e-01 2.862532797597521217e-01 1.133386112614047647e-01 9.309378250677270428e-01 4.961204121520415011e-01 8.291601225772623485e-01 7.218100878836952727e-01
2.413146171590454525e-01 1.230600931513374796e-01 7.685426096112207839e-01 5.838527552239275442e-01 3.901595588945246940e-01 9.834074895416844431e-02 8.595052808002253686e-01 9.343728887132806138e-01 2.474909980120852948e-01 8.357986554792412592e-01 2.709694664671066233e-01 8.316045939406134790e-01 1.998874338765340708e-01 4.416877309985707267e-01 6.632624154998710830e-01 0.000000000000000000e+00 7.206026611266462822e-01 8.911887011231466316e-01 2.291743043168258387e-01 7.532340219073871967e-01 5.624175727395933633e-01 4.502749098567987440e-01 1.648295476871797227e-01 4.617946747843488797e-01 3.950378256806519328e-02 3.698622501500358206e-01 1.456173123227157973e-01 8.758355230130024927e-01 8.771794376409544070e-01 5.794856874151899095e-01 2.140780962547966793e-01 5.322053625556110168e-01 6.149972613458410953e-01 6.300917107200252332e-01 5.988019261592689713e-01 1.312856294982248651e-01 2.645837489027300649e-01 3.439179344670019178e-01 7.385511854588328040e-01 7.293929616133774108e-01 1.639490370809089104e-01 9.677321591266315748e-01 1.463825924616519725e-01 2.152299151467113036e-01 1.833352029190410404e-01 3.142546697408551415e-01 7.745352573862281931e-01 9.364523517603604574e-01 3.195604947223733561e-01 4.329454421319385293e-01
3.922066430575191776e-01 9.849757292312031343e-01 9.903747107103584302e-01 9.709064521409326298e-01 3.737768325517725199e-01 8.769909265325592784e-01 6.336766522703383142e-01 7.451895237520215209e-01 3.993431317525081292e-01 2.410723132818917147e-01 9.767443274504902240e-01 4.220484486520947875e-02 3.317758224598577055e-01 6.955034209607563467e-01 6.433985494826000018e-02 7.206026611266462822e-01 0.000000000000000000e+00 3.808835632753464484e-01 4.180786539594052442e-01 1.759998935809109488e-01 5.559898660207817089e-01 2.187987756990195098e-01 3.952527163932295640e-01 1.395399206391706448e-01 3.109580596939409691e-02 2.046644430041832941e-02 5.546049963865216093e-01 2.377553273652946997e-01 4.946363825954338544e-01 4.615116666197788264e-01 3.843581536315769931e-01 3.244229313775026657e-01 9.603093319176125853e-02 4.848972731942916559e-01 9.606740597135354776e-02 5.589135198604439081e-01 9.180609432512981671e-01 3.716513996207712056e-01 7.039224155409170569e-01 8.716766727302516227e-02 9.320401521020952318e-01 6.130866614231959000e-01 9.152603544825732573e-02 6.432413959134238857e-01 7.222213086488794564e-01 5.678937510491466334e-01 9.962911493590442813e-02 2.006367148078053164e-01 6.626746174736656281e-01 1.134272337022009802e-01
6.270585586458462535e-01 7.177565674336698898e-01 4.175731968597371502e-01 5.754231691054724207e-01 6.824665757562642376e-01 6.752309747496295644e-01 8.657008169062996306e-02 7.243444740508315771e-01 3.928184560938384751e-01 1.878035446400730946e-01 3.328113780214747575e-01 7.570206665049517003e-01 2.271548598198509517e-01 4.472754080514655950e-01 1.452698016101117151e-02 8.911887011231466316e-01 3.808835632753464484e-01 0.000000000000000000e+00 2.661838774679302633e-01 7.412796777696782913e-01 3.050681410656624903e-01 6.984641366578479005e-01 2.529194835277457365e-01 7.776733061151984705e-01 8.763815450075912450e-01 6.739576454799494076e-01 5.765462483729766330e-01 6.296717196470452693e-01 3.861567713671625324e-01 5.257915610480889956e-01 6.719992057435104638e-01 5.928983043166220490e-01 1.471268658322524292e-01 6.213349239287752068e-01 8.541072092648309688e-01 9.191030995168013584e-01 3.589431038307279165e-01 4.147868032473481792e-01 3.963509219858253330e-01 6.966807576517607403e-01 8.159688990646022377e-01 3.451556222393024065e-01 5.703698901853193615e-01 6.874073183661566500e-02 6.176510254005248557e-01 5.299740753773679591e-01 2.539044228144260451e-01 6.921825948043722754e-01 4.690857240204565626e-01 9.912344002579932534e-01
6.220500306404620483e-01 2.065526980847407490e-01 6.103840075728410586e-01 6.357279584539576867e-03 9.619390530773447301e-01 6.012622551309156904e-01 3.152012548812808124e-01 9.425657257083057683e-01 3.306389380661058919e-01 7.463396894334833886e-01 9.807207560506832067e-01 9.206301603891198226e-02 2.393984122460877106e-01 2.803755023901109977e-01 5.346530593870922887e-01 2.291743043168258387e-01 4.180786539594052442e-01 2.661838774679302633e-01 0.000000000000000000e+00 4.063504074499912910e-01 6.913448702022074732e-01 5.012608206542797928e-01 2.284333032121896867e-01 6.387476073945114186e-01 8.296997959322655047e-01 3.117651316104872450e-01 3.138840892843720587e-01 3.028119778019731090e-01 8.322913794946995569e-02 7.906940203377186283e-01 9.550884662010972193e-02 1.579661901797809742e-01 9.586053720426189750e-01 3.478526043635168374e-01 5.485385037988714796e-01 4.226638374766493733e-01 6.190060504244143669e-01 4.685717620032949782e-01 2.319772295350827074e-01 7.336783529046424501e-01 9.093147014054606680e-01 7.044621501736002545e-01 9.768484409833514404e-01 2.704089574743721025e-01 5.541978290124291995e-01 5.439681942376607404e-01 2.716050767284523548e-01 1.978541904614041780e-01 8.002487178153833147e-01 9.973005820425453472e-01
9.594811723833853723e-01 3.738870866650501057e-01 6.172742976005149984e-01 2.485027941074700042e-01 2.016750658976705912e-01 7.138987251760542385e-03 1.850937564997376938e-01 4.295557944016377139e-01 3.554705064597447617e-01 3.255558032868732798e-01 6.462145297399346511e-01 1.427152414639107914e-01 2.562902457580402693e-01 4.406218762909711595e-01 1.667797582030022818e-01 7.532340219073871967e-01 1.759998935809109488e-01 7.412796777696782913e-01 4.063504074499912910e-01 0.000000000000000000e+00 6.393786629493728446e-01 7.263254382103767615e-01 7.118488144893410086e-01 1.842344750141111653e-01 5.544747033662662528e-01 2.628626042738017032e-01 8.109576057605107913e-01 3.740623318396849584e-01 4.017176575335555944e-01 4.414656353819013113e-01 1.856922564294761768e-01 5.306255623746555239e-01 8.545950812335250113e-01 2.004076600725726021e-01 8.760546709278351774e-01 6.818282874052150611e-02 6.147795124566599601e-01 7.505227502721808497e-01 5.271178073123479191e-01 2.306290582008229118e-01 5.252283733962210821e-01 5.028043458015869493e-01 1.663583883398052077e-01 8.449673563308157664e-01 4.774155269997327755e-01 7.753249242291105903e-01 5.361723735961673176e-01 7.546059279977531675e-01 2.372560484169613515e-01 3.191426612335989121e-01
1.492336336150519305e-01 4.039954690963638573e-01 6.904051202204349869e-01 5.805665770468348974e-02 4.665180794300076705e-01 7.703429760249332903e-01 5.993036826595667943e-01 4.918532532717816430e-01 2.399299516653911057e-01 1.413586317253862079e-01 2.153548740926747307e-02 3.372858630095175725e-01 9.079558630414774623e-01 7.855237199672424619e-01 1.513810937583179861e-01 5.624175727395933633e-01 5.559898660207817089e-01 3.050681410656624903e-01 6.913448702022074732e-01 6.393786629493728446e-01 0.000000000000000000e+00 5.336021406265482048e-01 1.881990518677131297e-01 9.924590296702072711e-01 8.062642471776366726e-01 3.174176051118754449e-01 9.047671461749204891e-01 3.036259937048516599e-01 3.871528575604044065e-01 1.835988614825384557e-01 5.237507754061930809e-01 8.467067396506237076e-01 3.519754257599416736e-02 3.192344724080120599e-02 3.988546175744340783e-01 8.948075124124542645e-01 1.195007354274009170e-01 6.595793717835485293e-02 9.093488821480929518e-01 8.028020256285943734e-01 9.879113081600665591e-02 9.508155671827858146e-01 6.282091088310789440e-01 3.820594078960606321e-01 2.450182045586437596e-01 2.256518603104984422e-02 6.646067164546709538e-01 7.440698091427351279e-01 1.108555130630020091e-01 6.926174106071536496e-01
7.295237067247376528e-01 2.325569252536129339e-01 5.390537549043791232e-01 6.686954883242574033e-01 2.223002925339392366e-01 3.368346782384472604e-01 3.661275699122364946e-01 4.536340334643595984e-01 4.140543558378459998e-01 7.684672164357775337e-01 1.846826579108884481e-02 6.567559594975526105e-01 3.967866149533105791e-02 1.434551634009029186e-02 6.099536589972173184e-01 4.502749098567987440e-01 2.187987756990195098e-01 6.984641366578479005e-01 5.012608206542797928e-01 7.263254382103767615e-01 5.336021406265482048e-01 0.000000000000000000e+00 9.536303586379418773e-01 4.855578368491895169e-01 3.568626231977103380e-01 9.035451035487396254e-02 5.882637277633495643e-02 3.928992693670374514e-02 3.191811181085669746e-01 1.650654343567412585e-01 2.493379547946684704e-01 8.720855706498595872e-01 3.859357818911055560e-01 7.873114779515312245e-01 1.771784377746440375e-01 7.794483989980711680e-01 8.526548204151647159e-01 2.066496718492476514e-01 3.935520508793546313e-01 6.474410800250881559e-01 9.343618495115918465e-01 1.520563644879185938e-01 2.010286758292780807e-01 6.260735657567262358e-02 8.099436455603504781e-01 9.823802387731680463e-01 8.860612727927659193e-01 1.969389544389394953e-01 9.714141972779104517e-01 9.450903729938444631e-01
5.656123199839209192e-01 2.334475528078787665e-01 5.195163031199597770e-01 1.988569689839946308e-01 4.638404362156928196e-01 1.410959105542204384e-01 7.663208834954815529e-02 4.934889082860485221e-01 8.294954591612694328e-01 6.209609547183900791e-01 5.732839560580460514e-02 6.219342310398529028e-01 9.922189982315271495e-01 7.723202386958875065e-01 7.279246426809182768e-02 1.648295476871797227e-01 3.952527163932295640e-01 2.529194835277457365e-01 2.284333032121896867e-01 7.118488144893410086e-01 1.881990518677131297e-01 9.536303586379418773e-01 0.000000000000000000e+00 7.029819016407750087e-01 4.214000876030297160e-01 2.175348018653713300e-01 3.904571996013356250e-01 3.548431373615865692e-01 1.752177774902413665e-01 3.561109685064964836e-01 7.176434074546615971e-01 1.015666558001934172e-01 8.866308555740070041e-01 2.531292229095279955e-01 9.133099913891090660e-01 3.337053330243282545e-01 1.391430230262465928e-01 3.389664138592822784e-01 1.585106914487566243e-01 1.898118408229904075e-01 9.598557263970164399e-01 7.358591943107068989e-01 1.986377376007347761e-01 4.117558062380166639e-02 2.812851570926316880e-01 1.270187834853886422e-02 6.407030799891958450e-01 6.180535002185265636e-01 3.223409629698636980e-01 9.258491474350338812e-01
2.650600547395054463e-01 5.465602897436285801e-01 2.249106055709708674e-01 9.040474327176784008e-01 8.690661812400384267e-01 4.234059798479172798e-02 1.284259481199828690e-01 8.914250605351825563e-01 9.859138801041809064e-01 7.431385363069155092e-01 5.689734550652331135e-01 7.830018433239743780e-01 6.041959862664617598e-01 8.560700249424535446e-01 6.258878935003913124e-01 4.617946747843488797e-01 1.395399206391706448e-01 7.776733061151984705e-01 6.387476073945114186e-01 1.842344750141111653e-01 9.924590296702072711e-01 4.855578368491895169e-01 7.029819016407750087e-01 0.000000000000000000e+00 3.739848042140353490e-01 7.466629010832734892e-01 9.221960857213215013e-01 5.379814398204529891e-02 3.673837959551858878e-01 8.208088875625452197e-01 6.019175962063993968e-01 3.219149871096312898e-01 1.271645587960686941e-01 8.769151928356445636e-01 6.562573142714021035e-01 8.430059215514772442e-01 2.344402147899989908e-01 8.114610199215528397e-01 2.115326991366973663e-01 7.765308884017433355e-01 6.783546172549796971e-01 6.022044237302665026e-01 4.986848371556146242e-01 6.201096261644589713e-01 1.040479861168791542e-01 5.932604681732639440e-01 1.134027851593585323e-01 7.964736685577656905e-01 1.523117791995863834e-01 5.743450717703161290e-01
2.689718752030125781e-01 1.643217533997204383e-01 3.838498740919742414e-01 1.564960737523607426e-01 6.014368697613327042e-01 3.764030528293892397e-01 3.211678700845512768e-01 7.228665713805243476e-01 1.722387521419829204e-01 4.123226149441726607e-01 6.712567641010844799e-01 6.457421922501243028e-01 2.957342697406929455e-01 9.210526503372148399e-01 5.440458165537379598e-01 3.950378256806519328e-02 3.109580596939409691e-02 8.763815450075912450e-01 8.296997959322655047e-01 5.544747033662662528e-01 8.062642471776366726e-01 3.568626231977103380e-01 4.214000876030297160e-01 3.739848042140353490e-01 0.000000000000000000e+00 5.122209726078497116e-01 7.855928511140622961e-01 5.311345651434907777e-01 9.663552051406542054e-01 1.588266543836380773e-01 1.787759709024182575e-01 5.993571850724401795e-01 8.984002497410625843e-02 1.987353558984400470e-01 5.553123113172024894e-01 8.769109498082556797e-01 4.305322058116626271e-01 7.214117548411773662e-01 3.440261155543890004e-01 4.067647023377585214e-03 9.509265920635977531e-01 4.181233187369587379e-01 6.768686590908343792e-01 9.980521377677847861e-01 7.289773705592301756e-01 8.994162019560931753e-01 7.695259154450011518e-01 4.550026625035421546e-01 7.206543614655848140e-01 7.667162610928893729e-01
1.477266069642078072e-01 1.737040456308116543e-01 4.986879107714238257e-01 8.243658287282827901e-01 4.636125386255099956e-01 6.063673888525765721e-01 9.374360511258018613e-01 1.462346543127196474e-01 4.453983641914874836e-01 4.652262078505828846e-01 5.293782872735773859e-01 7.884004850780187423e-01 8.119163691387620840e-01 5.256508866397407997e-01 8.306786430658174014e-01 3.698622501500358206e-01 2.046644430041832941e-02 6.739576454799494076e-01 3.117651316104872450e-01 2.628626042738017032e-01 3.174176051118754449e-01 9.035451035487396254e-02 2.175348018653713300e-01 7.466629010832734892e-01 5.122209726078497116e-01 0.000000000000000000e+00 3.326635679932721246e-01 7.509327249986686992e-01 6.101026138181971925e-01 4.651895273955605203e-01 1.348086547280945569e-01 1.787262106697915520e-01 1.799876411453935621e-01 2.141872254517274143e-02 2.009637774932466758e-01 4.704300181052614160e-01 8.756492413145877673e-01 2.776487201513293535e-01 1.710141340254442976e-01 4.723863677614033030e-01 6.292722363526400686e-01 3.338913144613343542e-01 9.801244890024500833e-01 4.878663792812890643e-01 3.261304203930263101e-01 4.529828812644733915e-01 6.228398018326276597e-01 2.280110593591476720e-01 6.873099131808857454e-02 3.184858996501449546e-02
7.724954413193848568e-01 3.028131122406537701e-01 7.913784414014937152e-01 2.677638928686210118e-02 7.198705782502611283e-01 7.188968498848957722e-01 2.427332529383471327e-01 6.307056116193757722e-01 6.299703116415344972e-02 1.197867766926813404e-01 3.156911014323015019e-01 8.431391758786122015e-02 9.124199779535200339e-01 2.969658353589683664e-01 8.494783157633831738e-01 1.456173123227157973e-01 5.546049963865216093e-01 5.765462483729766330e-01 3.138840892843720587e-01 8.109576057605107913e-01 9.047671461749204891e-01 5.882637277633495643e-02 3.904571996013356250e-01 9.221960857213215013e-01 7.855928511140622961e-01 3.326635679932721246e-01 0.000000000000000000e+00 7.343960596573241295e-01 5.140179338446845270e-01 7.593463648796409116e-01 5.849307420761262755e-01 8.190677232896764748e-01 4.471688615365156938e-01 7.137765149734861536e-01 3.617319121439481755e-01 8.433526954958893151e-01 7.070344012000078227e-01 4.043579629358858840e-01 7.990896392982065333e-01 8.663729534850915792e-01 6.012152658783337378e-01 2.998554231243968360e-01 8.731261700023464911e-01 2.250606323242165807e-02 3.007785608663970933e-01 9.497415965234092816e-01 6.647759912547365202e-01 6.004809888513863436e-01 6.553407586114773364e-01 8.907357963226970599e-01
2.312055962122131492e-01 8.975531492373621800e-01 1.482171833330103716e-02 5.847171153396752974e-01 1.856657405695338880e-02 8.128617084033039619e-01 7.225144437275982101e-01 2.994368661438224777e-01 9.823272051282342376e-01 4.358890664567165452e-01 9.980419208927524544e-01 1.160984892664660428e-01 9.211056255092264777e-02 4.834731781140437779e-01 5.897067445432870869e-01 8.758355230130024927e-01 2.377553273652946997e-01 6.296717196470452693e-01 3.028119778019731090e-01 3.740623318396849584e-01 3.036259937048516599e-01 3.928992693670374514e-02 3.548431373615865692e-01 5.379814398204529891e-02 5.311345651434907777e-01 7.509327249986686992e-01 7.343960596573241295e-01 0.000000000000000000e+00 3.017369714469664288e-02 9.449213506567222254e-01 5.048120934940658611e-02 3.557118589051651014e-01 4.499632457483717651e-01 3.383764553420790522e-01 4.813026486885976230e-01 8.384363702536355989e-01 4.810034806564862375e-01 7.416623276113465391e-01 7.145841432976920427e-01 4.710241732605224829e-01 7.031861518828800284e-01 2.661539066039233514e-01 6.881301511443069785e-01 3.454969923513275809e-01 6.646507612585658142e-01 1.279200945497862563e-01 2.343919047571492165e-01 6.249671079273499963e-01 4.724340187176206962e-01 8.292818897885753104e-01
6.388137656762171712e-01 3.525124589438631828e-01 7.099112287096217555e-01 9.628007829825637742e-01 3.059872605933753320e-01 7.524789760029088059e-01 9.624758010079601522e-01 5.225925004012133002e-02 5.365872158417052118e-01 8.701533147490848608e-01 7.165918742993704349e-01 7.701824571228816918e-01 1.348194497625169186e-01 1.471744153726729509e-01 9.112101025565352286e-01 8.771794376409544070e-01 4.946363825954338544e-01 3.861567713671625324e-01 8.322913794946995569e-02 4.017176575335555944e-01 3.871528575604044065e-01 3.191811181085669746e-01 1.752177774902413665e-01 3.673837959551858878e-01 9.663552051406542054e-01 6.101026138181971925e-01 5.140179338446845270e-01 3.017369714469664288e-02 0.000000000000000000e+00 4.775613180734233909e-01 1.414371131568553652e-01 2.943548387670881228e-01 4.300386834581072515e-01 6.633001123343174044e-02 2.311887932743877938e-01 2.393687356259093235e-01 9.280024221143164942e-01 3.743020175882416645e-01 6.506686207070955241e-02 9.279674195658704772e-01 4.180500321982051348e-01 9.882638138421947493e-01 5.874286276002665952e-01 1.116441566521489959e-01 2.115497040088286651e-01 2.136950496185940906e-02 7.922830302959009696e-01 7.281167738419772606e-01 7.752715709624646845e-02 6.457560381630619295e-01
6.857230136478409399e-02 4.316237440756043320e-02 9.764807687011376469e-01 6.653209366110864886e-01 7.112369378655397645e-01 7.882159619777074910e-01 1.802825433111169273e-01 5.529372325723334036e-01 4.408277670383965452e-01 8.747569363549546617e-01 7.889011339142675272e-01 4.136473012213449651e-01 5.957601911900768377e-01 4.383229230136167498e-01 7.317225365101199808e-01 5.794856874151899095e-01 4.615116666197788264e-01 5.257915610480889956e-01 7.906940203377186283e-01 4.414656353819013113e-01 1.835988614825384557e-01 1.650654343567412585e-01 3.561109685064964836e-01 8.208088875625452197e-01 1.588266543836380773e-01 4.651895273955605203e-01 7.593463648796409116e-01 9.449213506567222254e-01 4.775613180734233909e-01 0.000000000000000000e+00 5.851640567237300639e-01 5.066862593786169988e-01 1.026608517922280583e-01 9.669393681151655651e-01 8.624138900018840648e-02 8.017401399420542862e-01 3.452244344377561891e-01 9.868216567717861265e-01 1.206231006696838470e-01 8.833143517491374164e-01 4.968475499829949626e-01 7.890181373361322414e-01 2.986592705361782452e-01 7.645766423263388178e-01 8.311142274286604792e-01 6.099444502725295258e-01 5.428034245463053686e-01 6.909576266703683078e-01 7.715843177866593683e-01 4.922083386089670665e-01
3.439430733310753219e-01 1.106346103224477018e-01 2.591000373752642139e-01 7.840674391676156763e-01 3.220347689861599028e-01 4.798280865597753797e-01 5.004573430543018953e-01 5.490256930910620836e-01 7.430375670158239076e-01 2.756895620522984425e-01 3.230402571081963936e-01 8.028637296897311870e-02 2.629906844619801509e-01 3.605100142713965061e-01 7.140941114533363443e-01 2.140780962547966793e-01 3.843581536315769931e-01 6.719992057435104638e-01 9.550884662010972193e-02 1.856922564294761768e-01 5.237507754061930809e-01 2.493379547946684704e-01 7.176434074546615971e-01 6.019175962063993968e-01 1.787759709024182575e-01 1.348086547280945569e-01 5.849307420761262755e-01 5.048120934940658611e-02 1.414371131568553652e-01 5.851640567237300639e-01 0.000000000000000000e+00 8.534018573211382686e-01 9.877087032850173642e-04 3.904612026236623512e-01 1.056714530125625329e-01 5.845732997508490403e-02 7.405138215607193208e-01 5.719838832722129451e-01 2.095633447324920517e-01 1.632750607278139476e-01 5.713231488129189017e-01 5.080029364599036867e-02 5.244677106726133298e-01 3.305257405041972518e-01 9.006010992972895979e-01 8.730980036239279762e-01 3.185911581082341293e-01 8.118882925663428729e-01 3.643493314153881668e-01 5.206608666656578066e-01
