0.000000000000000000e+00 8.868549614423554273e-01 4.075768167832896083e-01 2.125352907451590889e-01 8.266359353235529506e-01 5.020545497855086747e-01 2.957748346466561040e-01 5.695049153614573090e-02 1.702094391494040071e-01 3.789383115395946744e-01 4.188838742990501629e-01 6.742519653829631698e-01 2.191968700138369197e-02 7.627728704454065367e-01 2.819155121316390122e-01 4.145345637771646885e-01 5.877313384257876194e-02 9.929461898416458432e-02 8.075199520116942420e-01 9.419883087971002711e-01 9.234417673740462629e-01 5.276884919324420498e-02 1.599658709231900344e-01 7.878645252272610255e-01 9.461432986364826103e-02 2.599516637466625646e-01 5.977920411195968287e-01 3.172049351426704522e-01 5.485449409597444870e-01 2.891798566310342933e-01 8.179008408708309252e-01 5.502783391239641775e-01 4.558418522015963426e-01 9.650817172166581415e-02 1.065053565191433904e-01 5.854736134328797359e-01 1.701983311275786503e-01 5.110711195088530889e-01 9.096544739142744529e-01 6.451036197345462186e-01 5.746829690370427457e-01 3.338707902344524303e-01 3.730406615751480359e-01 3.168384983691580059e-01 6.170426125283281493e-01 8.303487939266861462e-01 6.375686784730496548e-01 8.646665885500038895e-01 4.335128743612619573e-01 4.996916263771413735e-01
8.868549614423554273e-01 0.000000000000000000e+00 7.637979305679046815e-01 8.156179482375889300e-01 9.177165516519468769e-01 5.383917408868499344e-01 9.785547696422459696e-01 6.621315654861732458e-01 3.555062751921110875e-01 4.053804576176855967e-01 8.740081683807727764e-01 9.678248338499555459e-01 6.823046241377814791e-01 1.665254171957673002e-01 6.459433721540647211e-01 7.730124384157661677e-01 6.323347536631023225e-01 2.334986640838319083e-01 9.358278226715636139e-01 2.389795381022221665e-01 1.020549411861609856e-01 7.839260458352259597e-01 7.767848429468300342e-01 1.015755817027603758e-01 9.351609621467853461e-01 3.406024276500767556e-01 2.654638204838499771e-01 5.523223421516398890e-01 4.857565527550067319e-01 1.366385855739903343e-01 1.454098817546179978e-01 2.512520622024635442e-01 7.766225659593221087e-01 8.848298772041069959e-01 8.640861509912731719e-01 2.011669252574788125e-03 6.791747562647880709e-01 2.206340255734187128e-01 2.972159913509936358e-01 6.216066895273083537e-01 4.555222188658363258e-01 3.255375205415568240e-01 5.025678966178874774e-01 2.886067657419758570e-01 1.712725765705613856e-01 3.470990849545788626e-01 6.494978896676697477e-01 5.292812849162783495e-01 7.397450077856263517e-01 5.240159292749487774e-01
4.075768167832896083e-01 7.637979305679046815e-01 0.000000000000000000e+00 4.930017012357589268e-01 6.617387276759372217e-01 7.535324862522650990e-01 7.865617888783088540e-01 3.055781009638456336e-01 9.424021656893645238e-01 1.591240374199347496e-01 6.542697311460923260e-01 9.030324053682404761e-01 7.404120290026267037e-01 8.582803541930003055e-01 5.241892524020086430e-01 5.791931209895246901e-01 2.770967860425422868e-01 2.723100904946075262e-01 4.033505197634137396e-01 3.452695212233233280e-01 8.162899554465841145e-01 8.501040539773419003e-01 3.363987146975099263e-01 9.661369702866009490e-01 4.155395797233455424e-01 3.513050763470688675e-01 7.208332240646955213e-01 8.984907741873654485e-01 8.732593048253699530e-01 1.607337637488970294e-02 2.139851374115908644e-02 4.489619791334880095e-01 2.645396173950020913e-01 3.708575931176468776e-01 7.455341215930824106e-01 7.230315016600203926e-01 8.787794628193352775e-01 8.097652256456985276e-01 2.245352603316781437e-01 4.599882458708972610e-01 3.707111664899982451e-01 5.558302061824886842e-01 3.546909275943425088e-01 1.943838692154382652e-01 4.945058740076119230e-01 4.312052065300101544e-01 3.583928514816857591e-01 1.471564298037465468e-01 3.112108204979634474e-01 6.117136872712862772e-01
2.125352907451590889e-01 8.156179482375889300e-01 4.930017012357589268e-01 0.000000000000000000e+00 4.975906051648532058e-01 7.287298670897374153e-01 3.764746289822317182e-01 6.259350576072429950e-01 6.422221104937022584e-01 3.969379340925529576e-01 5.701506000237221983e-01 2.382338966422714588e-01 3.227978745045715359e-01 3.929974014523720527e-01 2.063585609625783190e-01 9.940334441537819199e-01 7.788725833804518439e-01 7.507964098913012529e-01 8.645773879947095120e-01 8.567367161849468449e-01 2.599773291831515287e-01 9.754096327130823418e-02 5.721111952436797043e-02 3.087005745767382736e-01 7.852872209042648377e-01 3.156447085309126432e-01 5.459716062087258681e-01 9.282749198156974302e-01 3.002839881225382035e-01 5.772049958311123996e-01 3.656531605692990849e-01 2.631877254577004166e-01 2.394315673053077909e-01 5.796439323088374840e-01 2.525836002625255761e-01 2.624586813551451625e-01 3.154474395296481548e-01 9.998428705251264370e-01 8.902923134593585530e-01 4.379988323670939154e-01 2.497577218655789855e-01 2.642468715601473672e-01 5.897756789140085054e-02 4.747565160897735392e-01 5.086144823463613074e-01 2.835790772766266787e-02 8.900324481291405077e-01 6.096739835766282756e-01 5.777268406692953606e-01 5.123655530553197224e-01
8.266359353235529506e-01 9.177165516519468769e-01 6.617387276759372217e-01 4.975906051648532058e-01 0.000000000000000000e+00 6.149071364178321231e-01 8.316650089021334624e-01 5.460918710316277069e-01 8.770539880725259918e-01 9.334675995148478123e-04 4.952537117237962860e-01 2.373569434904121422e-02 7.173127989916461278e-02 2.388615666647265767e-01 9.161422218253995053e-01 5.730007138182459103e-01 9.726986923142872943e-01 9.134708447134365361e-01 7.626530271718350296e-01 4.777882418164270950e-01 7.345627868770485680e-01 5.371411640512113728e-02 7.174416858050328694e-01 2.579584792720325259e-01 2.887872359402781086e-01 4.068853134423473517e-01 2.166138856350818820e-02 4.287731466972899419e-01 6.708442145100489418e-01 5.588418265922144856e-01 8.952953447992423319e-01 5.818102464171033272e-01 1.954619699385820031e-01 7.782050650149917592e-01 2.267075402573558440e-01 6.720399150109178654e-01 3.615519300059624186e-01 9.628310916031992406e-01 7.709496762996160824e-01 7.225086463486962707e-01 2.052730795205970349e-01 3.792047546468590991e-01 8.157209653089323442e-01 5.827713181473488380e-01 3.839340519203041646e-01 5.628498430613368964e-01 6.182317287406297046e-01 8.098485809711296612e-01 1.999360360024016181e-02 2.479338891833259284e-01
5.020545497855086747e-01 5.383917408868499344e-01 7.535324862522650990e-01 7.287298670897374153e-01 6.149071364178321231e-01 0.000000000000000000e+00 3.120895013268599749e-01 8.107676963509035106e-01 2.881519493579587365e-01 9.091377024052038625e-01 2.277002780604397980e-02 6.799790390065423296e-01 7.281067362718314229e-01 5.580328067991535690e-01 2.124246187071880954e-01 9.655448879383639049e-01 5.183810411546019292e-02 9.965241536840158121e-01 6.196433970906214395e-01 4.073433985123724455e-01 4.969384394701849006e-01 4.199879617324597803e-01 8.816943972796178475e-01 7.190722763202300749e-01 2.710517329095200045e-01 3.617836681746154914e-01 1.443490986109202678e-01 5.700544578885839986e-01 2.606170248689780866e-01 1.444603578247357634e-01 5.824108214441893194e-01 4.346668325805411737e-01 6.147053373733257775e-01 9.854154790702018829e-02 2.166596767892149389e-01 4.414626123146829784e-01 2.378634981680427529e-02 8.083478738710325739e-02 7.059305329390831441e-01 3.263797968268228322e-01 7.328980557846567212e-01 3.198359492721171149e-01 5.149819773643401488e-01 1.655612397419770065e-01 9.797356496089981714e-02 8.504137883813418508e-01 3.239287889751041316e-01 3.374672512114329503e-01 3.690075244971139368e-01 1.533291268895462522e-01
2.957748346466561040e-01 9.785547696422459696e-01 7.865617888783088540e-01 3.764746289822317182e-01 8.316650089021334624e-01 3.120895013268599749e-01 0.000000000000000000e+00 3.895564480176750832e-01 3.091403252705607896e-01 3.676034225620927742e-02 3.202932598724419488e-01 3.992705379574191804e-01 1.422614360065366235e-02 2.531235239058183817e-01 8.611367021191123072e-01 7.011073318282504685e-01 4.515239118465649293e-01 2.796567696257533653e-01 7.943580204279034884e-01 4.501094012078544759e-01 1.716867790309404285e-01 8.000806455724615018e-01 2.211095272174912196e-01 5.132560639908964051e-01 8.661246426361627337e-01 4.939103588799073075e-01 7.105874223430996839e-02 4.995313387132616079e-01 3.745051040776190554e-01 7.091071645062553275e-01 8.962446560994203892e-01 8.986016897036267492e-01 4.984125686554822243e-01 3.238478809429377048e-01 6.987630666442299354e-01 2.240899150729414036e-01 2.914629235718675382e-01 5.758487735874613378e-01 2.465589375413891338e-01 8.778278900854715738e-01 8.814484361719082672e-01 5.975801099507694891e-01 3.098441717597355538e-02 8.534734124808073252e-01 6.987382826587895668e-02 1.024384983609120114e-01 9.278134540244830086e-01 9.204361299349683723e-02 2.386078945004488361e-01 1.446936194027669265e-01
5.695049153614573090e-02 6.621315654861732458e-01 3.055781009638456336e-01 6.259350576072429950e-01 5.460918710316277069e-01 8.107676963509035106e-01 3.895564480176750832e-01 0.000000000000000000e+00 4.517921091781260667e-01 5.716951432721355530e-01 2.210270886552978542e-01 3.291972856272316061e-01 3.246373886701461320e-01 5.568157702978715484e-01 1.153613099341892489e-01 7.301647078813200409e-01 8.808289267203374129e-01 2.949409168713497120e-01 7.553129449426186914e-01 8.504235013439318536e-01 1.799247647058578314e-01 7.387215790866421550e-01 9.671615433041084176e-01 4.108341023231373290e-01 9.302285790730376869e-01 5.855226033074683034e-01 8.370072699009524220e-01 2.192725523051900494e-01 2.980749080215987501e-01 4.613000706603807011e-01 7.233649272100260985e-01 4.960415282781018842e-01 2.392576516431577094e-02 7.024206182518616393e-01 5.897429845129296133e-01 4.500399836307100720e-02 2.812522100636734024e-01 7.927427595327680709e-01 2.528564477605763638e-01 2.964113149053325680e-01 6.265078251369051721e-01 2.670747945018338010e-01 3.168884192494954011e-01 5.776693431153923086e-02 4.423750860057902301e-01 3.431071658759117238e-01 4.424427706864937360e-01 9.344855591945344653e-02 1.291275319543561118e-01 5.944229453315591494e-01
1.702094391494040071e-01 3.555062751921110875e-01 9.424021656893645238e-01 6.422221104937022584e-01 8.770539880725259918e-01 2.881519493579587365e-01 3.091403252705607896e-01 4.517921091781260667e-01 0.000000000000000000e+00 3.711043161272066238e-01 8.189132485822705476e-01 1.950824168978178008e-01 8.403043784909560721e-01 5.097184710051860801e-01 1.882533758406186308e-01 1.377845289885062385e-01 8.273840966154434318e-01 3.920288867708138225e-01 6.966643894204794796e-01 7.495380344561570762e-01 2.939466752933566074e-01 4.364141124739697730e-01 3.188916568278893360e-01 8.078118790802916172e-01 4.635499956250815901e-01 8.787687732122350104e-01 8.566465298184188226e-01 4.844185481030534035e-01 9.779224653344495977e-01 9.494527273381856425e-01 8.446989361146239883e-01 2.501861534689415745e-01 4.716554077419874424e-01 1.920063886401786046e-01 9.063198505151079942e-01 6.272339278175191879e-01 6.263282970956061124e-01 7.560774545293513782e-01 9.681197026695288477e-01 9.260682597708481678e-01 3.357970318591588788e-01 5.379935182940923655e-01 6.072807993470186183e-01 9.354741465560232339e-01 7.409999740658066436e-01 2.267377877930983887e-01 9.897842398725327229e-01 9.697498162724050852e-01 7.510616516734742731e-01 2.553632348730803248e-01
3.789383115395946744e-01 4.053804576176855967e-01 1.591240374199347496e-01 3.969379340925529576e-01 9.334675995148478123e-04 9.091377024052038625e-01 3.676034225620927742e-02 5.716951432721355530e-01 3.711043161272066238e-01 0.000000000000000000e+00 9.589891299857189466e-01 5.103748127849274674e-01 5.618560557645039255e-01 6.910472204799968932e-01 4.341046055619025568e-01 1.881917051393955376e-01 9.501081118115112245e-01 1.402760034621578500e-01 9.730198005483055024e-01 7.079840250488989017e-02 2.506373855945810414e-01 2.169730265047017381e-01 1.058095878591858163e-01 2.340426654003803231e-01 9.813908952081663584e-01 5.858010958825418113e-01 8.310783348526831205e-01 4.953836136975928728e-01 1.214214112886613517e-02 1.097154273072933339e-01 3.365173756344131961e-01 5.550233047171090339e-01 7.207592514378440285e-01 6.923902147206268953e-01 1.733454135195471313e-01 7.497484292148842711e-01 7.071137148494008873e-01 4.765652709156572575e-01 9.570068423636410859e-01 5.843864387556911844e-01 1.073930822869255675e-01 2.657149217625992543e-01 7.278026587317457663e-01 8.788516187048948103e-01 2.542143645507382033e-01 3.556410622781632780e-01 9.195162323327801257e-01 2.003031726096274889e-01 9.279109682972453976e-01 9.431680415899613701e-01
4.188838742990501629e-01 8.740081683807727764e-01 6.542697311460923260e-01 5.701506000237221983e-01 4.952537117237962860e-01 2.277002780604397980e-02 3.202932598724419488e-01 2.210270886552978542e-01 8.189132485822705476e-01 9.589891299857189466e-01 0.000000000000000000e+00 1.023137264730297202e-01 9.387412264565482278e-01 2.277233532800042592e-01 3.143958041828429639e-01 3.030712939726956101e-01 5.399883817492328042e-01 2.437976341752112752e-01 9.021266662348355059e-01 2.319636870729757661e-01 8.451497233576122925e-01 8.256922810880209518e-01 9.580384165327274770e-01 7.783032460009141618e-01 3.424435006243620183e-02 5.188965436037796808e-01 3.041569381220678991e-01 1.655990276233474390e-01 4.800828564145014354e-01 5.337873072098364702e-02 2.779769826782219067e-02 9.377645203249939110e-01 7.622263116531509120e-01 1.709193456052026105e-01 3.764194799048048434e-02 9.484908071159773302e-01 8.676351642138294684e-01 2.563533095137171536e-02 5.750515482332948514e-01 6.077404284176102234e-01 7.122885094712734233e-01 7.800981103646731363e-01 1.909365621269705215e-01 8.594452862824483175e-01 6.730646050881269327e-01 1.779549486167228967e-01 9.170243965032376376e-02 2.701125655034967155e-01 5.483109538144624873e-01 8.768861322525128843e-01
6.742519653829631698e-01 9.678248338499555459e-01 9.030324053682404761e-01 2.382338966422714588e-01 2.373569434904121422e-02 6.799790390065423296e-01 3.992705379574191804e-01 3.291972856272316061e-01 1.950824168978178008e-01 5.103748127849274674e-01 1.023137264730297202e-01 0.000000000000000000e+00 4.111868678631751539e-01 5.897086406806550940e-01 3.055230030808798736e-01 1.143041030330304020e-01 6.770721959626468944e-03 8.055873638739665665e-01 4.193214103727493924e-01 7.933705493399970665e-01 9.198055448489242947e-01 1.629062968722406746e-01 6.416695997069865598e-01 3.992690905054384620e-01 2.729079361020280148e-01 6.581980785019125868e-02 9.463124611973366962e-01 1.046259678145660121e-01 2.592492786213871359e-01 8.885166490366612768e-01 5.685222378633099094e-01 7.523659025599760408e-01 2.060126160039384979e-01 5.926473750729495116e-01 9.712266585245081796e-01 2.105551016211993920e-01 6.125058816114348215e-01 3.870857458864841449e-01 6.954829561106035118e-01 8.011488302365884495e-01 5.686738018240095061e-01 6.920159662525884325e-01 8.554420452037005962e-01 7.873224328110794978e-02 2.932993826349462596e-01 5.492203926113083945e-01 4.562858250468821986e-01 7.896423616503330800e-01 4.154447927426646592e-01 1.493809743644413102e-01
2.191968700138369197e-02 6.823046241377814791e-01 7.404120290026267037e-01 3.227978745045715359e-01 7.173127989916461278e-02 7.281067362718314229e-01 1.422614360065366235e-02 3.246373886701461320e-01 8.403043784909560721e-01 5.618560557645039255e-01 9.387412264565482278e-01 4.111868678631751539e-01 0.000000000000000000e+00 9.397679019524788346e-01 7.145134206084146067e-01 6.541510662259767406e-01 9.227488740756106811e-01 2.619652299282154706e-01 8.029903749009499325e-01 2.132566096563845992e-01 9.211790961265983180e-01 8.872754481717953778e-01 6.995978092076462485e-01 2.439753105110480380e-01 8.057423293036172218e-01 4.317260244186676976e-01 4.115568175786241678e-01 2.440966633525483154e-01 2.069816620655312578e-01 1.578392248895955641e-01 5.766787429288511291e-01 2.322634541716336321e-01 7.278212094702590784e-01 6.524155154674031731e-01 6.746391775278072211e-01 5.146497025593537167e-01 2.184528039496365093e-01 5.934316212391700374e-01 9.975903453946068922e-01 8.610288307114214446e-01 8.733935872063245398e-01 4.108069898900889028e-01 2.853220207627296112e-01 9.228751518681109767e-01 1.715562234291163612e-01 9.090151379553116362e-01 7.354758425517338161e-02 2.746979451017850238e-02 9.412221793522632662e-01 9.290538861540990068e-01
7.627728704454065367e-01 1.665254171957673002e-01 8.582803541930003055e-01 3.929974014523720527e-01 2.388615666647265767e-01 5.580328067991535690e-01 2.531235239058183817e-01 5.568157702978715484e-01 5.097184710051860801e-01 6.910472204799968932e-01 2.277233532800042592e-01 5.897086406806550940e-01 9.397679019524788346e-01 0.000000000000000000e+00 7.908566263956761100e-01 8.701931644105783681e-01 8.360125208347404246e-01 9.266056946034104680e-01 6.561210708566018734e-01 4.705803929154407372e-01 8.777294761410421309e-01 2.255933677534469606e-01 7.907663521100531945e-01 2.267679187949290798e-01 9.827672240052326424e-01 7.508804566672567793e-01 2.332325505637222740e-03 9.692826223640007566e-01 9.582377917357742803e-01 2.404780819758043364e-01 7.761400436593660634e-01 9.851667261359096095e-01 6.662138973398926689e-01 7.894314779921970393e-01 8.431688749575423358e-01 3.725224898605843382e-01 4.309316399061430269e-01 1.064207300333771533e-01 8.495704367898530007e-01 9.938800928853963601e-02 9.386327998474808254e-01 7.843143524889317764e-02 4.508553549876337385e-03 9.947784002312473062e-01 2.119614037043228150e-01 9.112053775994568561e-01 1.018579777987884682e-01 5.324353628595912546e-01 5.747604798925867176e-01 7.728148116729611772e-01
2.819155121316390122e-01 6.459433721540647211e-01 5.241892524020086430e-01 2.063585609625783190e-01 9.161422218253995053e-01 2.124246187071880954e-01 8.611367021191123072e-01 1.153613099341892489e-01 1.882533758406186308e-01 4.341046055619025568e-01 3.143958041828429639e-01 3.055230030808798736e-01 7.145134206084146067e-01 7.908566263956761100e-01 0.000000000000000000e+00 7.234666950261856577e-01 4.477299516014862091e-01 4.755745845922743076e-01 3.829049856651276507e-01 5.963447614084653736e-01 9.584610843251971657e-01 9.320184611494293225e-01 5.548269383154451617e-01 7.895845082746899557e-02 1.163608024938789232e-01 3.612486242461246944e-01 9.320630223750314691e-01 9.959305696783882222e-02 8.651181122500268827e-01 5.292320245505128806e-01 4.672263113241946764e-01 2.072568893057680217e-01 2.789818886424552113e-01 3.193888210803602634e-01 4.546188238932702408e-01 5.186965531016607400e-03 3.532220789003692740e-02 5.211671540550393278e-01 5.669499246918309199e-01 8.967882219550994405e-01 9.298066202748742626e-01 6.276068071089460076e-01 2.760058362937504173e-01 9.146801998222509056e-01 1.451347467285971637e-01 1.621074945651492794e-01 8.750080260890313877e-01 4.527329911424564646e-01 9.597830063117768207e-01 3.386734283758192632e-01
4.145345637771646885e-01 7.730124384157661677e-01 5.791931209895246901e-01 9.940334441537819199e-01 5.730007138182459103e-01 9.655448879383639049e-01 7.011073318282504685e-01 7.301647078813200409e-01 1.377845289885062385e-01 1.881917051393955376e-01 3.030712939726956101e-01 1.143041030330304020e-01 6.541510662259767406e-01 8.701931644105783681e-01 7.234666950261856577e-01 0.000000000000000000e+00 6.765095775131938494e-01 1.758468188999419146e-01 8.645186867687256749e-01 6.753742624759606628e-01 9.761286926762308136e-01 5.620331192090717298e-01 1.571788341464986916e-01 9.537672903443984440e-01 6.798565536133893694e-03 5.174366443661621018e-01 2.665185248005820240e-01 9.280865837650509320e-02 9.874888175616901576e-01 5.183511771835113136e-01 8.140797317463766003e-01 3.624563896320831535e-01 5.210970851242058277e-02 3.939609765272786834e-01 4.810075150818393652e-01 1.298309264603629831e-01 4.405429845886239537e-01 9.824622966717817540e-01 6.615529782727641583e-01 6.554378294000052785e-01 9.008654234473330025e-01 8.843390438811294940e-01 9.586443675502882567e-01 1.827798766416344201e-02 8.962537221533075638e-01 4.595820190093820035e-01 2.402644869760929280e-01 9.786961537501384090e-01 1.109184171766793847e-01 4.251625353458842183e-01
5.877313384257876194e-02 6.323347536631023225e-01 2.770967860425422868e-01 7.788725833804518439e-01 9.726986923142872943e-01 5.183810411546019292e-02 4.515239118465649293e-01 8.808289267203374129e-01 8.273840966154434318e-01 9.501081118115112245e-01 5.399883817492328042e-01 6.770721959626468944e-03 9.227488740756106811e-01 8.360125208347404246e-01 4.477299516014862091e-01 6.765095775131938494e-01 0.000000000000000000e+00 9.193057905671960794e-01 2.272505435777227856e-01 5.189403927024348606e-01 1.917389907750550737e-01 5.274042165769821100e-01 6.595049982099352448e-01 3.747297600240385718e-01 2.096697556607965973e-01 6.737724032388900941e-01 9.291316395472486445e-01 5.489702648495886628e-01 5.404485876182540949e-02 7.240504126896426529e-01 4.001057244914177913e-01 7.751850832433779814e-01 4.444724711731218303e-02 9.893588034155791355e-01 1.813075326744706395e-01 3.139698184662967906e-01 2.226344349495033015e-01 4.010919174884808314e-01 4.361894560466039739e-01 9.049105726892865409e-01 2.860796385949726517e-02 8.756959030866793281e-01 9.545295942174313319e-01 4.991779197535239909e-03 6.425127557813270496e-01 6.204331531409440492e-01 9.078585087762047756e-02 9.226234650251212699e-01 1.236833288573013778e-02 9.754693477587675909e-01
9.929461898416458432e-02 2.334986640838319083e-01 2.723100904946075262e-01 7.507964098913012529e-01 9.134708447134365361e-01 9.965241536840158121e-01 2.796567696257533653e-01 2.949409168713497120e-01 3.920288867708138225e-01 1.402760034621578500e-01 2.437976341752112752e-01 8.055873638739665665e-01 2.619652299282154706e-01 9.266056946034104680e-01 4.755745845922743076e-01 1.758468188999419146e-01 9.193057905671960794e-01 0.000000000000000000e+00 3.806499137028410695e-01 8.475015027594859918e-01 7.085521256683748881e-01 7.692912915517746697e-01 2.331555458570216954e-01 6.587932382537323717e-01 3.117223171624485811e-01 6.492305651780827525e-02 5.837563954269178179e-01 4.633726976302691147e-01 8.904999821309166341e-01 3.435079967045103766e-01 4.869680642916672797e-01 6.240298481074550985e-01 7.841166004763133746e-01 4.776495617162513918e-01 2.876661072508767125e-01 5.590657524531628120e-02 1.531454542406370800e-01 2.463619475137439618e-01 4.465735307183301694e-01 6.289158569924873099e-01 8.706640041533812990e-01 1.352657640095872305e-01 5.527996338556380174e-01 5.641380040012120567e-01 1.254882290989189908e-02 8.850693256800707953e-01 6.162232716993868431e-01 7.889686307933572174e-01 2.022082710524726323e-01 1.699938599458636901e-01
8.075199520116942420e-01 9.358278226715636139e-01 4.033505197634137396e-01 8.645773879947095120e-01 7.626530271718350296e-01 6.196433970906214395e-01 7.943580204279034884e-01 7.553129449426186914e-01 6.966643894204794796e-01 9.730198005483055024e-01 9.021266662348355059e-01 4.193214103727493924e-01 8.029903749009499325e-01 6.561210708566018734e-01 3.829049856651276507e-01 8.645186867687256749e-01 2.272505435777227856e-01 3.806499137028410695e-01 0.000000000000000000e+00 3.926790182655438555e-01 2.987350177460194045e-01 2.371422379457100993e-01 5.320133099160309076e-01 4.419727160413343681e-01 6.783425262113321752e-01 3.179825182345807910e-01 1.622871465238129307e-02 4.201949063173515686e-01 6.683419535823253987e-01 6.943376454038413526e-01 6.503790585450821560e-01 6.592845650219671949e-01 8.241001206690754533e-01 3.778234953922781081e-01 9.205580421197739893e-01 1.009617549305549256e-01 5.319826658757745852e-01 2.287993959134794197e-01 8.157325413688016891e-01 5.750231675049709557e-01 7.526940602377046874e-01 5.701933943591331877e-01 3.468459159226443544e-01 1.751900165330289028e-02 4.278303159756235985e-02 4.517560346205019561e-01 1.683061040698472510e-01 1.121789516148334886e-01 3.393517705647596250e-01 6.634013024888716359e-01
9.419883087971002711e-01 2.389795381022221665e-01 3.452695212233233280e-01 8.567367161849468449e-01 4.777882418164270950e-01 4.073433985123724455e-01 4.501094012078544759e-01 8.504235013439318536e-01 7.495380344561570762e-01 7.079840250488989017e-02 2.319636870729757661e-01 7.933705493399970665e-01 2.132566096563845992e-01 4.705803929154407372e-01 5.963447614084653736e-01 6.753742624759606628e-01 5.189403927024348606e-01 8.475015027594859918e-01 3.926790182655438555e-01 0.000000000000000000e+00 1.026573586408164873e-01 3.367044266476026948e-01 1.666715958799952491e-01 6.300966694169731763e-01 3.477307461957822587e-01 8.923207618230288851e-02 9.899886255299996662e-01 7.091972557767199925e-01 1.381398843183874181e-01 6.112551570929863898e-01 5.771937190785684235e-01 8.206495059063778630e-02 9.199458082537569359e-01 6.442043570416799980e-02 6.080211310418572879e-01 8.987890369394987422e-01 7.842554137561398298e-01 1.887410343220374820e-01 9.397851095018860956e-02 8.957129829020999967e-01 8.195640035994006256e-01 6.532793399380911747e-01 9.720443391597111127e-01 1.320619106480025451e-02 8.126803261916308863e-01 6.877710102769252209e-02 2.705710510980493533e-01 8.028137585666773601e-01 7.914777247259974224e-03 1.416324261146640895e-01
9.234417673740462629e-01 1.020549411861609856e-01 8.162899554465841145e-01 2.599773291831515287e-01 7.345627868770485680e-01 4.969384394701849006e-01 1.716867790309404285e-01 1.799247647058578314e-01 2.939466752933566074e-01 2.506373855945810414e-01 8.451497233576122925e-01 9.198055448489242947e-01 9.211790961265983180e-01 8.777294761410421309e-01 9.584610843251971657e-01 9.761286926762308136e-01 1.917389907750550737e-01 7.085521256683748881e-01 2.987350177460194045e-01 1.026573586408164873e-01 0.000000000000000000e+00 8.850696100860212523e-01 9.887714874530777465e-01 3.542741166612095594e-02 2.741889448297180065e-01 7.348284057855277718e-01 8.844917926376325568e-01 3.253642180908569159e-01 4.971705050399042314e-01 9.552881685342329288e-01 6.383715541425017959e-01 7.591724221859164068e-03 2.646373697150550264e-01 5.473675800100074040e-01 4.184984958196344973e-01 2.728837496858719236e-01 5.828914686972053172e-02 9.515901241008550837e-02 8.894298698653891888e-01 6.374044537689319556e-01 5.312167901731654762e-01 8.177474244839370021e-01 7.501454200108048642e-01 9.555884139465231630e-01 7.289698258148369359e-02 8.952227813732593908e-02 1.213348743047402145e-01 7.333587042756445351e-01 6.940628087489518760e-01 8.128112576262580546e-01
5.276884919324420498e-02 7.839260458352259597e-01 8.501040539773419003e-01 9.754096327130823418e-02 5.371411640512113728e-02 4.199879617324597803e-01 8.000806455724615018e-01 7.387215790866421550e-01 4.364141124739697730e-01 2.169730265047017381e-01 8.256922810880209518e-01 1.629062968722406746e-01 8.872754481717953778e-01 2.255933677534469606e-01 9.320184611494293225e-01 5.620331192090717298e-01 5.274042165769821100e-01 7.692912915517746697e-01 2.371422379457100993e-01 3.367044266476026948e-01 8.850696100860212523e-01 0.000000000000000000e+00 2.909133775588067516e-01 5.131710963156433936e-01 8.446911581962619486e-01 3.684990211799918924e-01 1.840054065000229500e-01 3.111477121921216726e-01 1.118039731415970683e-01 3.056643065766027068e-01 1.836025996548016348e-01 7.581643331770280270e-01 3.791117194191565565e-01 1.631171104334873112e-01 7.110152576178058181e-01 7.619788787823051912e-01 5.376403732508694411e-01 7.106693833180451891e-01 6.796511554842844527e-01 7.317717713357138054e-01 4.026802869766883397e-01 3.437748844174370877e-01 5.210997407454253105e-01 4.502938077938368755e-01 5.309590791635795393e-01 9.668226824993497726e-02 1.900942899811616238e-01 3.810360887180874734e-01 4.762708488473721413e-01 1.425666929118137860e-01
1.599658709231900344e-01 7.767848429468300342e-01 3.363987146975099263e-01 5.721111952436797043e-02 7.174416858050328694e-01 8.816943972796178475e-01 2.211095272174912196e-01 9.671615433041084176e-01 3.188916568278893360e-01 1.058095878591858163e-01 9.580384165327274770e-01 6.416695997069865598e-01 6.995978092076462485e-01 7.907663521100531945e-01 5.548269383154451617e-01 1.571788341464986916e-01 6.595049982099352448e-01 2.331555458570216954e-01 5.320133099160309076e-01 1.666715958799952491e-01 9.887714874530777465e-01 2.909133775588067516e-01 0.000000000000000000e+00 3.506040094678083419e-01 6.152921442803304108e-01 4.557880665774398654e-01 9.127539852766518580e-01 1.343405357309623849e-01 5.608880163185228085e-01 9.220152878282659170e-01 2.142735188282147707e-01 9.209863329970100487e-01 6.223700814212005383e-01 9.462930346995289677e-01 2.898283957547470591e-01 7.714997555601851298e-01 4.579966468332747898e-01 3.679058700568524909e-01 3.606427891085824955e-01 7.713875392593075864e-01 2.540859206776574508e-01 9.348569130701752661e-01 5.706548564010744951e-01 1.009591989247484722e-01 4.339866176193866165e-01 2.799631413244921818e-01 1.803558333755308496e-01 6.754472184094466591e-01 4.479250853278122779e-01 6.995733458629985746e-01
7.878645252272610255e-01 1.015755817027603758e-01 9.661369702866009490e-01 3.087005745767382736e-01 2.579584792720325259e-01 7.190722763202300749e-01 5.132560639908964051e-01 4.108341023231373290e-01 8.078118790802916172e-01 2.340426654003803231e-01 7.783032460009141618e-01 3.992690905054384620e-01 2.439753105110480380e-01 2.267679187949290798e-01 7.895845082746899557e-02 9.537672903443984440e-01 3.747297600240385718e-01 6.587932382537323717e-01 4.419727160413343681e-01 6.300966694169731763e-01 3.542741166612095594e-02 5.131710963156433936e-01 3.506040094678083419e-01 0.000000000000000000e+00 8.949883449784071798e-01 8.465920652210734421e-01 7.256016324165377451e-01 9.047890492971678578e-01 8.679140350494769507e-01 3.418660317950437122e-01 1.836480209735777969e-01 8.517177676843040723e-01 7.816250823015022942e-01 1.594736127827128813e-01 6.439740212417376375e-01 9.926945156655960778e-01 3.399651036252637759e-02 8.275942210290321288e-02 4.500523424276379192e-01 1.822777708775336070e-02 3.626294981152133889e-02 3.956321627128277507e-01 1.841000465944784281e-01 9.802705266175215648e-03 8.022921083278659049e-01 7.766521759362844390e-01 1.297303392631116159e-01 1.244728813257676148e-01 5.952182136860273420e-01 8.418493732204896940e-01
9.461432986364826103e-02 9.351609621467853461e-01 4.155395797233455424e-01 7.852872209042648377e-01 2.887872359402781086e-01 2.710517329095200045e-01 8.661246426361627337e-01 9.302285790730376869e-01 4.635499956250815901e-01 9.813908952081663584e-01 3.424435006243620183e-02 2.729079361020280148e-01 8.057423293036172218e-01 9.827672240052326424e-01 1.163608024938789232e-01 6.798565536133893694e-03 2.096697556607965973e-01 3.117223171624485811e-01 6.783425262113321752e-01 3.477307461957822587e-01 2.741889448297180065e-01 8.446911581962619486e-01 6.152921442803304108e-01 8.949883449784071798e-01 0.000000000000000000e+00 5.572702477692996759e-01 7.639135215646342125e-02 7.103312417997879047e-01 8.953081990498226173e-01 3.642127102402390459e-01 2.306597316458098845e-01 2.591033984723745132e-02 2.371114957943085688e-01 5.738019751382532618e-01 8.599293450539058359e-02 9.348371526834980960e-01 9.625916983138848027e-01 7.597609694486665566e-01 9.006917655194102146e-02 3.912851260228104033e-01 3.873558039105797768e-01 7.511656008118220429e-01 8.336240174514217838e-01 7.886176590884970139e-01 9.982981278630265187e-01 4.062071731255321172e-01 3.940913958832513719e-01 1.712038905857782289e-01 9.056954922261456487e-01 1.652819300330176100e-01
2.599516637466625646e-01 3.406024276500767556e-01 3.513050763470688675e-01 3.156447085309126432e-01 4.068853134423473517e-01 3.617836681746154914e-01 4.939103588799073075e-01 5.855226033074683034e-01 8.787687732122350104e-01 5.858010958825418113e-01 5.188965436037796808e-01 6.581980785019125868e-02 4.317260244186676976e-01 7.508804566672567793e-01 3.612486242461246944e-01 5.174366443661621018e-01 6.737724032388900941e-01 6.492305651780827525e-02 3.179825182345807910e-01 8.923207618230288851e-02 7.348284057855277718e-01 3.684990211799918924e-01 4.557880665774398654e-01 8.465920652210734421e-01 5.572702477692996759e-01 0.000000000000000000e+00 5.284070848181712243e-01 5.519862131405075534e-01 1.886933747433339192e-01 2.533580124723006088e-01 9.695627604442588199e-01 3.952307001787700447e-01 2.072968182855376984e-01 7.297141567826131991e-01 6.324270131485011381e-01 1.469955373501851126e-01 2.394795179332788182e-01 2.410539867801931857e-01 9.601800478242000780e-01 6.886987081976531089e-01 6.803305869521736327e-01 8.720658701231026599e-01 1.226726249642500211e-01 5.939704863825536751e-01 9.421816756944918492e-01 6.984198099262702852e-01 7.663609078259232543e-01 7.150762581853111755e-01 1.649759535089300178e-01 5.011753708936429463e-01
5.977920411195968287e-01 2.654638204838499771e-01 7.208332240646955213e-01 5.459716062087258681e-01 2.166138856350818820e-02 1.443490986109202678e-01 7.105874223430996839e-02 8.370072699009524220e-01 8.566465298184188226e-01 8.310783348526831205e-01 3.041569381220678991e-01 9.463124611973366962e-01 4.115568175786241678e-01 2.332325505637222740e-03 9.320630223750314691e-01 2.665185248005820240e-01 9.291316395472486445e-01 5.837563954269178179e-01 1.622871465238129307e-02 9.899886255299996662e-01 8.844917926376325568e-01 1.840054065000229500e-01 9.127539852766518580e-01 7.256016324165377451e-01 7.639135215646342125e-02 5.284070848181712243e-01 0.000000000000000000e+00 4.131163181850475707e-01 2.898923692409776098e-01 4.996412892731033617e-01 4.478887681001024745e-01 2.643752696189871632e-01 2.762806556412296111e-01 8.433754791192770162e-01 5.792128290671664237e-01 4.377375403309410329e-01 7.850058960674842767e-01 6.655018479462561087e-01 3.715530435910022744e-01 6.919187578377783421e-01 6.034992575075546206e-01 5.766015476199665146e-01 6.363198896143233974e-01 8.735097977923304002e-01 4.619308310051308819e-01 2.585898906277175335e-01 5.222154968579075796e-01 9.697762389635699032e-01 5.750610481017498499e-01 6.798866861301249287e-01
3.172049351426704522e-01 5.523223421516398890e-01 8.984907741873654485e-01 9.282749198156974302e-01 4.287731466972899419e-01 5.700544578885839986e-01 4.995313387132616079e-01 2.192725523051900494e-01 4.844185481030534035e-01 4.953836136975928728e-01 1.655990276233474390e-01 1.046259678145660121e-01 2.440966633525483154e-01 9.692826223640007566e-01 9.959305696783882222e-02 9.280865837650509320e-02 5.489702648495886628e-01 4.633726976302691147e-01 4.201949063173515686e-01 7.091972557767199925e-01 3.253642180908569159e-01 3.111477121921216726e-01 1.343405357309623849e-01 9.047890492971678578e-01 7.103312417997879047e-01 5.519862131405075534e-01 4.131163181850475707e-01 0.000000000000000000e+00 1.987273043640018777e-01 7.576107590998211183e-01 8.187977770922486576e-01 5.210104706583641443e-01 4.095057464880147435e-03 6.804171811946581050e-01 1.803742932218130868e-01 5.797608639159272936e-01 5.538919422451619168e-01 8.520624749034549916e-01 4.117523675736284305e-01 2.426896987526487859e-01 1.782695727305161348e-03 8.816277543346051626e-01 7.185760263121897529e-01 2.667202200133137469e-01 6.199954275070682641e-01 2.699135438924461505e-01 8.904161072421000744e-01 4.081449897500282198e-01 9.504346364836560035e-01 6.644082972292197908e-01
5.485449409597444870e-01 4.857565527550067319e-01 8.732593048253699530e-01 3.002839881225382035e-01 6.708442145100489418e-01 2.606170248689780866e-01 3.745051040776190554e-01 2.980749080215987501e-01 9.779224653344495977e-01 1.214214112886613517e-02 4.800828564145014354e-01 2.592492786213871359e-01 2.069816620655312578e-01 9.582377917357742803e-01 8.651181122500268827e-01 9.874888175616901576e-01 5.404485876182540949e-02 8.904999821309166341e-01 6.683419535823253987e-01 1.381398843183874181e-01 4.971705050399042314e-01 1.118039731415970683e-01 5.608880163185228085e-01 8.679140350494769507e-01 8.953081990498226173e-01 1.886933747433339192e-01 2.898923692409776098e-01 1.987273043640018777e-01 0.000000000000000000e+00 6.291017715402567045e-01 4.646431831254265177e-01 8.349962767557836951e-01 1.196797772673825477e-01 7.885602409802605628e-01 1.644962224251862448e-01 8.908683559558667753e-01 4.214819924152635178e-02 4.443387866052370683e-01 8.526021073368785785e-01 9.376435089562156211e-01 3.214788058326668585e-01 1.984890694955905310e-01 6.876540875238319472e-01 1.229281968950521886e-01 3.251535432612948640e-01 6.226925292235354625e-01 8.782901462556645944e-01 1.504457685465963035e-01 4.231678410347339270e-01 3.666966140135574648e-01
2.891798566310342933e-01 1.366385855739903343e-01 1.607337637488970294e-02 5.772049958311123996e-01 5.588418265922144856e-01 1.444603578247357634e-01 7.091071645062553275e-01 4.613000706603807011e-01 9.494527273381856425e-01 1.097154273072933339e-01 5.337873072098364702e-02 8.885166490366612768e-01 1.578392248895955641e-01 2.404780819758043364e-01 5.292320245505128806e-01 5.183511771835113136e-01 7.240504126896426529e-01 3.435079967045103766e-01 6.943376454038413526e-01 6.112551570929863898e-01 9.552881685342329288e-01 3.056643065766027068e-01 9.220152878282659170e-01 3.418660317950437122e-01 3.642127102402390459e-01 2.533580124723006088e-01 4.996412892731033617e-01 7.576107590998211183e-01 6.291017715402567045e-01 0.000000000000000000e+00 3.028935619573600579e-01 7.797767814622215132e-01 8.011447923698791218e-01 8.731814220112351643e-01 9.247525261676343700e-01 7.685920641834345091e-01 9.078403778709875915e-01 6.862695571913449699e-01 5.986004947554601774e-01 2.122745986777549998e-01 5.633668518681257398e-01 1.372479524066199108e-01 3.740331416121482899e-01 3.362532683683899792e-01 1.939560140018949941e-01 9.869958753616974167e-01 6.819095672245565343e-01 2.990626189303958737e-01 8.036707076123437155e-01 8.053929680134302993e-01
8.179008408708309252e-01 1.454098817546179978e-01 2.139851374115908644e-02 3.656531605692990849e-01 8.952953447992423319e-01 5.824108214441893194e-01 8.962446560994203892e-01 7.233649272100260985e-01 8.446989361146239883e-01 3.365173756344131961e-01 2.779769826782219067e-02 5.685222378633099094e-01 5.766787429288511291e-01 7.761400436593660634e-01 4.672263113241946764e-01 8.140797317463766003e-01 4.001057244914177913e-01 4.869680642916672797e-01 6.503790585450821560e-01 5.771937190785684235e-01 6.383715541425017959e-01 1.836025996548016348e-01 2.142735188282147707e-01 1.836480209735777969e-01 2.306597316458098845e-01 9.695627604442588199e-01 4.478887681001024745e-01 8.187977770922486576e-01 4.646431831254265177e-01 3.028935619573600579e-01 0.000000000000000000e+00 3.920640546392657466e-01 5.969225648263980499e-01 8.289654606132077497e-01 8.585891522342810056e-01 1.266268630691258501e-02 9.801430689943280150e-02 1.504217426198503071e-01 7.637781076848322304e-01 7.565469963224104033e-01 1.319359538850397584e-01 2.495138334574228400e-01 4.539086052582912423e-01 2.719211213000271021e-01 5.325668744045884972e-01 7.000842203292931831e-01 2.608862171977971434e-01 8.982743081958390885e-01 3.687853990699870854e-01 7.928179948719655812e-01
