0.000000000000000000e+00 4.093445306826870578e-02 3.127477374438362157e-01 9.841463852899270393e-01 9.183442011098064128e-02 5.689550553795935661e-01 2.179413635661197057e-01 9.415423985409649976e-01 4.652011103214426235e-02 3.513856250025559902e-01 3.672569505455309802e-01 7.600340835928378613e-01 7.709277332905598579e-01 9.620605387900839078e-01 6.861661693350697977e-01 1.003981425093750657e-01 4.251109139895541400e-01 6.147129473343068140e-01 4.195317609217383836e-01 8.106830880191745470e-01 1.628007435288983951e-01 2.747048783877326095e-03 7.147477482609798649e-01 2.450078969353064462e-02 5.507695583702525433e-01 9.726168093425858752e-01 4.576048425166094891e-01 4.980275514517197299e-01 8.942926648399599499e-01 2.521878974044374777e-01 2.447065930928576938e-01 8.136213998090058297e-04 4.611714909217593528e-01 6.915485466992409291e-01 9.336187562984455957e-01 1.982456425372405295e-01 1.919282738425389656e-01 6.311577742118968937e-01 1.535182208393046643e-01 4.288152769485009674e-02 7.352192091663580786e-01 7.545694592687181013e-01 6.795718477668621915e-02 1.157724250629523777e-01 2.853474045850102891e-01 7.640992104124527673e-01 3.304363902033239375e-01 6.274930207987299280e-01 1.278234959995087072e-01 5.477218161580641453e-01
4.093445306826870578e-02 0.000000000000000000e+00 9.187288597524290168e-01 7.896545651974360425e-01 9.915468526136442806e-01 3.707649469406431031e-01 7.957421761828323836e-01 1.550748833782615854e-01 8.241140610857147220e-01 7.658166302150849480e-01 5.360408331663782944e-01 3.117382775155135288e-01 8.207668405373035325e-01 2.670482304127537176e-01 4.649173546127217671e-01 3.086643621544635785e-01 5.870323905036046730e-01 9.437828752374404218e-01 5.851790729032420035e-01 8.550496062738606184e-01 3.301130961536113961e-01 4.199408635177780402e-01 9.345139118969087999e-01 9.370194076147496665e-01 8.716249350847633526e-01 9.860601943912936651e-01 2.720830882781662963e-01 7.045520039554685754e-01 1.982385864528155572e-01 8.895616842340999808e-01 7.846134405751503671e-02 2.350664669223100356e-01 4.897187799496899308e-01 8.489813322657429051e-01 3.169745868029225644e-01 2.474732407240285426e-01 2.944259734539582674e-01 5.597107592334461534e-01 2.504259497133922707e-01 7.820078418267818465e-01 8.927509866370787472e-01 6.103843705637503891e-01 2.787185759328971724e-01 4.861520244567140159e-01 6.771215223124702476e-01 9.153691396964850346e-01 3.111085390380557980e-01 7.396549091676389853e-01 7.267533100277978608e-01 6.970711719807215490e-01
3.127477374438362157e-01 9.187288597524290168e-01 0.000000000000000000e+00 7.550253599590617259e-01 1.392616282457846966e-01 3.687595236462497539e-01 9.724042991012630255e-01 1.022075878595902765e-01 1.010802855365278141e-02 3.999828973204211380e-01 1.390869008294345344e-01 4.338904599380331017e-01 7.964811361028415471e-01 5.230898826596962481e-01 2.632339586852386892e-01 4.789020997655323297e-01 8.411385030880941249e-01 2.148844492234550652e-01 1.074388788673519279e-01 4.289287211125508703e-01 6.154946625894608392e-02 4.732723605674201695e-01 3.987094092323349992e-01 1.579482834128524971e-01 7.742505847844320943e-01 9.208723482741961730e-01 3.677668881901733355e-01 4.997656450059547728e-01 6.811215957155249967e-01 7.489629821963732503e-01 8.512025575021642254e-02 1.495209729312259039e-01 7.499000941262110587e-01 2.495124696665469433e-01 7.734696886006003913e-01 8.517654348515587559e-01 3.668720945031955782e-01 2.578793416097302504e-02 4.508556269834439467e-01 8.068688209551467816e-01 2.549950193852712488e-02 6.791921838358413455e-01 8.115259941337165106e-01 7.699470202026148513e-01 5.566669515827366022e-01 3.397666192344860336e-01 2.326128170943119189e-01 1.488871118263311866e-01 1.993890595336116345e-01 3.408697147680953554e-01
9.841463852899270393e-01 7.896545651974360425e-01 7.550253599590617259e-01 0.000000000000000000e+00 1.009922251382026070e-01 4.817780698217052349e-01 5.242911131355709742e-02 2.362626884199028332e-01 3.212340297150749757e-01 2.360921792796736307e-01 5.077252915328922533e-01 6.489810103267822372e-01 1.305105140599754909e-01 7.616792057467315358e-01 3.272869138750300610e-01 6.657368663129424879e-01 1.855123375395183460e-01 5.820183837366070811e-01 5.311781559818098408e-01 7.362146683395275337e-01 5.420524952365287641e-01 8.978615956300750600e-02 6.663575902270735263e-01 7.914889428205035271e-01 9.900281882302982561e-01 3.547838306276281939e-01 5.321479438944931584e-02 2.008421589191159429e-01 9.033635922212934766e-02 4.133741810219717649e-01 6.488791359829052530e-01 9.864269234105516038e-01 9.489850723491980444e-01 5.170285817432461739e-01 1.360960635007415487e-01 8.268773672396276808e-01 5.371067604463329870e-01 3.724826615173054689e-01 8.040807589636235209e-01 8.577047926110692444e-02 5.868822701312870205e-01 1.918812757965986382e-01 6.935618871409714448e-01 9.347802165793295259e-02 2.936021172235769860e-02 8.729052167777969773e-01 2.554967729816488564e-01 7.275384778827640453e-01 9.909096111120275774e-01 3.465573524129865746e-01
9.183442011098064128e-02 9.915468526136442806e-01 1.392616282457846966e-01 1.009922251382026070e-01 0.000000000000000000e+00 9.125389358543858354e-01 7.388188361812056959e-01 3.204103806159371848e-01 7.350678088723298087e-01 3.797945733879792840e-01 6.415263245499428502e-01 6.439894242837307381e-01 3.334085304063183486e-02 5.356902610337939130e-01 2.750704687753857680e-02 1.638313909740213292e-01 9.980623581657928067e-01 7.997591121323653907e-01 2.378668162361183835e-01 1.220535510395260870e-01 3.214295893859797637e-02 7.666851922311085366e-01 9.476370702904709509e-01 8.302736184448087364e-01 9.371274745412697671e-01 5.992682545334760968e-01 3.238913416002693335e-01 4.398236777117578988e-01 8.399275254945416380e-01 5.637315281165548031e-01 5.896198302490659460e-01 2.878096842217282569e-01 4.577018371424909082e-01 5.365123695724812736e-01 7.356144378272766460e-02 9.872516916739775272e-01 2.344719962753450959e-01 6.309600747808442600e-01 2.109218263943469784e-01 4.651287596424537041e-01 4.734369919755309075e-01 9.423335309009830407e-01 7.323343239399567883e-01 4.531529012235463449e-01 2.328175714236062621e-01 1.344682708861492104e-01 1.956683745696528032e-01 4.683298507098551111e-01 2.035317581626668870e-01 1.748129703116700906e-01
5.689550553795935661e-01 3.707649469406431031e-01 3.687595236462497539e-01 4.817780698217052349e-01 9.125389358543858354e-01 0.000000000000000000e+00 1.051318795474494028e-01 3.541991946230349519e-01 4.121155373692669821e-01 2.562538834876397775e-01 9.567491649002984877e-01 8.084539335432193718e-01 7.463571762214046279e-01 5.972939234809573339e-01 1.469068504227133420e-01 3.729518065817243322e-01 3.272914576804670794e-01 8.420224949302721473e-01 7.463256890612252059e-01 2.190863993629440509e-01 8.869799215526568137e-01 2.929420343476899502e-01 9.190377317175826288e-01 7.980544963557090199e-01 9.735637077432172104e-01 3.610920999090980743e-01 6.891102377529823020e-01 6.214811073167885169e-01 5.993163069126189457e-01 7.762321511285248388e-01 4.189465761430704038e-01 7.687628969246794730e-01 4.032819682937787142e-01 8.592492674612968173e-01 9.047762647021461158e-01 7.517321059845967213e-01 1.474464150354882763e-01 2.321594879116548604e-01 6.223500784815211295e-01 5.810798866827667775e-01 5.310882092660001996e-01 5.100093422323734860e-01 2.916229848135744041e-01 3.043011224364873257e-01 8.634199492780465501e-01 5.145923639383559456e-01 5.503634860609345480e-01 5.702643171180048487e-01 4.134425457083011901e-01 5.260065078165447883e-01
2.179413635661197057e-01 7.957421761828323836e-01 9.724042991012630255e-01 5.242911131355709742e-02 7.388188361812056959e-01 1.051318795474494028e-01 0.000000000000000000e+00 2.724992536534998067e-02 9.144432453963535767e-01 1.128133384073085610e-01 5.701789564548925826e-01 2.791488123039868041e-01 9.626208802029213585e-01 6.769319020384020336e-01 6.216775264727244510e-01 8.822010161238860171e-01 2.404525589435630994e-01 7.555481091882872979e-01 6.196171693565751815e-01 3.543381728699285249e-01 9.100183897566626046e-01 8.615488141165148495e-01 2.195892010739832756e-01 9.075510474406724981e-01 8.891963749633307046e-01 9.877570637560160183e-01 5.159320888121827764e-01 9.265461209944040322e-01 4.365615567908782690e-01 9.688515426858573809e-01 4.095198654419210937e-01 2.218611279699140848e-01 4.040594781280337777e-02 9.447601916114051201e-01 1.022299463158723443e-01 1.170514786153348252e-01 4.786980989420254184e-01 6.845265941220861627e-01 6.032081398433748465e-01 2.592224497539169503e-01 3.335731677524256256e-01 3.158884666544113928e-01 4.394570193418827486e-01 7.669612428277789995e-01 1.104462502180698635e-01 7.737235940791866717e-01 7.478726128321810940e-01 5.787813283811104048e-01 8.975502880503851699e-01 5.709213205040278849e-01
9.415423985409649976e-01 1.550748833782615854e-01 1.022075878595902765e-01 2.362626884199028332e-01 3.204103806159371848e-01 3.541991946230349519e-01 2.724992536534998067e-02 0.000000000000000000e+00 1.290429544731122036e-01 7.891854372779338878e-01 6.669672178270154017e-01 3.662874413959871234e-02 5.833496246990202971e-01 5.335634137761143814e-01 7.408913676644132140e-01 9.110263110849726731e-01 7.538730471397877553e-01 6.879267013948332510e-01 4.182432192703036122e-01 8.975591756072049954e-01 7.431565825713183360e-01 5.666639562689809173e-01 3.095612546841930435e-01 1.975480224387389239e-01 4.541900757830289459e-01 1.090922591554691623e-01 6.879566091891883284e-01 2.506256618949120885e-02 6.697391909857574044e-01 2.705536497942426788e-01 1.918556313005695957e-01 1.889346559217334187e-01 1.882099012782800784e-02 4.480261301219363723e-01 8.240260633211202723e-01 1.979691676764737673e-01 5.374007713483668347e-01 7.803543875338792013e-01 4.604914586057884396e-02 1.755564299138232531e-01 6.777853052193393291e-01 3.231049960301454194e-01 4.038905755417159238e-01 3.765609412097762343e-01 7.980042552591315452e-02 6.072957026564281824e-01 4.656182379781390601e-01 5.748313682915010547e-01 1.460632865430261385e-01 2.722521865697632437e-01
4.652011103214426235e-02 8.241140610857147220e-01 1.010802855365278141e-02 3.212340297150749757e-01 7.350678088723298087e-01 4.121155373692669821e-01 9.144432453963535767e-01 1.290429544731122036e-01 0.000000000000000000e+00 5.811253057152665491e-01 3.033845435245396960e-01 5.832657896038748735e-01 6.531589683051989281e-01 5.605672668158990790e-01 2.657856482333975645e-02 3.063026139431883621e-01 5.099915350801481617e-01 6.344422632792112715e-02 6.613154139455548197e-01 8.787355196160647752e-01 2.572196845859553438e-02 8.239515773304167956e-01 1.116520026769618479e-02 2.849253229305452884e-01 4.972496892417150871e-01 8.087682592226764777e-01 1.968643169082902045e-01 3.314624731828433868e-01 3.923874629621567633e-01 2.358600518445491678e-01 7.910928688193983316e-01 8.730400241788138782e-01 9.530558754446238900e-01 8.596297847452691876e-01 1.670587277841835139e-01 3.503369962222335765e-03 2.803311235823989778e-01 2.456696228904742263e-01 3.494601108867034789e-02 9.116661562922476758e-01 4.068872812320016852e-01 2.929074364096090344e-01 1.841468770663365895e-01 2.868995869171631075e-01 6.507045249239052920e-01 5.816403448457585501e-02 4.426831754757689641e-01 1.841387934304118401e-01 9.801539932920471099e-01 1.636379456946701616e-01
3.513856250025559902e-01 7.658166302150849480e-01 3.999828973204211380e-01 2.360921792796736307e-01 3.797945733879792840e-01 2.562538834876397775e-01 1.128133384073085610e-01 7.891854372779338878e-01 5.811253057152665491e-01 0.000000000000000000e+00 7.189346607974566039e-01 3.556772985755518590e-03 6.849525211077630571e-01 8.454018643345936335e-01 1.913073680180775726e-01 9.200428534101762201e-01 4.264297586650791505e-01 6.939841695921005194e-01 8.933982397288307009e-01 5.320682253672788242e-01 8.833476354236922123e-01 6.350229376354085131e-01 7.482582364063402602e-01 6.560013862938407492e-01 9.159618026192846152e-01 9.961077910282297720e-01 2.455915823219062544e-01 9.548800922388948065e-01 6.921684295068215587e-01 4.776785276685365789e-01 2.813994378757737058e-01 5.086788751368644945e-01 4.428949121764661490e-01 4.336383710467784924e-01 4.663127038764217636e-01 1.327876982333333622e-01 2.437441092384650121e-01 6.478929416802221564e-01 2.315412426282533742e-01 4.461992178593987557e-01 3.888947592551184052e-01 7.919237773984190154e-01 3.301086196833532549e-01 3.458423774890702074e-01 5.887531972944762826e-01 3.220961414136322976e-01 6.929158115138804863e-01 2.760537260423001626e-01 9.798940778792314399e-01 6.608515889563714163e-01
3.672569505455309802e-01 5.360408331663782944e-01 1.390869008294345344e-01 5.077252915328922533e-01 6.415263245499428502e-01 9.567491649002984877e-01 5.701789564548925826e-01 6.669672178270154017e-01 3.033845435245396960e-01 7.189346607974566039e-01 0.000000000000000000e+00 8.117213498584467946e-01 4.545628564119587045e-01 9.820658859649921135e-01 2.788089427645311646e-01 1.731802336672694231e-03 2.501191782301992461e-01 4.955401859611260340e-01 3.990875238051193596e-01 4.765801165547924878e-01 9.819804408268143492e-01 3.499223437208369702e-01 9.077595309616904862e-01 1.098033319403159958e-01 9.929010721769471193e-02 2.361195312785130396e-01 4.628224152929993895e-02 8.579910312894525326e-01 8.453711839813478068e-01 5.011554703760733309e-01 2.682165441657524685e-02 8.959962901281324221e-01 1.526758950145882254e-01 1.616369208737267193e-01 2.722639404412361408e-01 1.892931735445341213e-01 3.458837797232980904e-01 8.883319341835052008e-01 6.248981299821130264e-01 6.596246366002420647e-01 3.582342885138212196e-02 3.667877476748211407e-01 6.871875144134809155e-01 4.790358119344552135e-01 6.088302375574651260e-01 7.500238092138500345e-02 9.539981001246148340e-01 5.765584360611076820e-01 7.345717398777407148e-02 7.618609741721805717e-01
7.600340835928378613e-01 3.117382775155135288e-01 4.338904599380331017e-01 6.489810103267822372e-01 6.439894242837307381e-01 8.084539335432193718e-01 2.791488123039868041e-01 3.662874413959871234e-02 5.832657896038748735e-01 3.556772985755518590e-03 8.117213498584467946e-01 0.000000000000000000e+00 9.613722340555574952e-01 1.147299950316169603e-01 8.962235327470488011e-01 8.768467288815227079e-01 9.044708461812441813e-01 5.027607064650077007e-01 7.353992606260814080e-01 2.148591847741959660e-01 1.352797992206469235e-01 9.789783346772611416e-01 9.769638088650570706e-01 8.749064029714144208e-01 6.124680388059491332e-01 2.802652737617560286e-01 3.158976761726022264e-01 9.312559351489725357e-01 3.921756614994528212e-01 3.971453049241765454e-01 7.706651398227130079e-01 6.644994883819574927e-01 1.293142788007435318e-01 8.303431466504406222e-01 5.814497421928729315e-01 2.798144699250664225e-01 8.154735468410778676e-01 1.217893511083800728e-02 5.484007618514402660e-01 6.588139578032369270e-01 1.294083083236845511e-01 4.184967438867309708e-01 8.741202530665557191e-01 4.548877444964051220e-01 1.378379062756504014e-01 4.021061310943313538e-01 7.105699598546509899e-01 7.740700486177192197e-01 4.955901888220978213e-01 6.589302800938768856e-01
7.709277332905598579e-01 8.207668405373035325e-01 7.964811361028415471e-01 1.305105140599754909e-01 3.334085304063183486e-02 7.463571762214046279e-01 9.626208802029213585e-01 5.833496246990202971e-01 6.531589683051989281e-01 6.849525211077630571e-01 4.545628564119587045e-01 9.613722340555574952e-01 0.000000000000000000e+00 3.628464318016531021e-01 5.208204739237668468e-01 3.742170560949305003e-01 5.295664028781077448e-02 6.208798661653606166e-01 1.502649967751317206e-01 1.108468529471579034e-01 7.626280494947912381e-01 6.852223351071003998e-01 3.549616666773676155e-01 6.770304223687511058e-01 2.189249238512841478e-01 3.060158691451910773e-01 7.006193350813979537e-01 1.092556246121134667e-01 3.927884289912894067e-01 7.267600567914408449e-01 7.957893293439926019e-01 2.747822461684235051e-02 4.250869062777704599e-01 6.554240829843993588e-01 7.689390565574669711e-01 3.089638874944522495e-02 1.787951894773567307e-01 7.574600164371738664e-01 4.155971930845494544e-01 7.400701735418940830e-01 4.446313528251847336e-01 2.984259260073051090e-01 9.143519065065834894e-01 8.536736147611961867e-01 8.701121516630140329e-01 9.113938786784577806e-01 5.884536345518820433e-02 4.392158355973834194e-01 8.278731789741466951e-02 6.529007667290285255e-01
9.620605387900839078e-01 2.670482304127537176e-01 5.230898826596962481e-01 7.616792057467315358e-01 5.356902610337939130e-01 5.972939234809573339e-01 6.769319020384020336e-01 5.335634137761143814e-01 5.605672668158990790e-01 8.454018643345936335e-01 9.820658859649921135e-01 1.147299950316169603e-01 3.628464318016531021e-01 0.000000000000000000e+00 6.154071957149257477e-01 4.114140039823561690e-01 5.441120960227732173e-01 3.504373676899815715e-01 1.718237010024961098e-01 7.741253983499121194e-01 6.547668765208475294e-01 2.972911116028362777e-01 9.039662202298578420e-01 6.844455354677438930e-01 2.301375601898121293e-01 1.392207452043383586e-01 8.255864960057652802e-01 5.991190022113309643e-01 2.936973971957590468e-01 7.772284474717536806e-01 7.317950369913513997e-01 7.044361903176254991e-02 8.286839766767977178e-01 2.718132464220516242e-01 9.993997929892567411e-01 7.944218670628004908e-01 8.655141469209659544e-01 8.474306228610817282e-02 5.775402243372285138e-02 4.067138879818306130e-01 3.036608136811326242e-01 5.479549393127379764e-01 5.897035463802626776e-01 6.173583324187732480e-01 2.338678002613309159e-01 3.311384196342030961e-01 8.511732954075942326e-01 4.963499578634695819e-01 8.462378551626215106e-01 4.754946362792021874e-01
6.861661693350697977e-01 4.649173546127217671e-01 2.632339586852386892e-01 3.272869138750300610e-01 2.750704687753857680e-02 1.469068504227133420e-01 6.216775264727244510e-01 7.408913676644132140e-01 2.657856482333975645e-02 1.913073680180775726e-01 2.788089427645311646e-01 8.962235327470488011e-01 5.208204739237668468e-01 6.154071957149257477e-01 0.000000000000000000e+00 8.246926739698089426e-01 3.586299337998473113e-01 2.436497971562112674e-01 1.947498679059984639e-01 1.449274855756842451e-01 8.714558048474588814e-01 4.689035478010983304e-01 5.025487359602193171e-01 3.167413728290343622e-01 7.841058117202992506e-02 6.492929170231446223e-01 2.780194398703466074e-01 7.325632077069789139e-01 7.544842898237507089e-01 5.743763458541308875e-01 1.069686879165397952e-01 1.832317137747063729e-02 7.281426853477294125e-01 5.399635413827202912e-01 2.723799382227488630e-01 3.487114744253752008e-01 3.599643431417036687e-01 8.109728619204483735e-01 2.322413735195814066e-01 9.928232381372843474e-01 8.130740204891260259e-01 8.366124575426605592e-01 2.370435789946997440e-01 3.909394189868036218e-01 8.407762222870197588e-01 3.007554973704820167e-01 9.048259307430301934e-01 2.224504195722787347e-02 1.740668859935291524e-01 2.830329644680847911e-01
1.003981425093750657e-01 3.086643621544635785e-01 4.789020997655323297e-01 6.657368663129424879e-01 1.638313909740213292e-01 3.729518065817243322e-01 8.822010161238860171e-01 9.110263110849726731e-01 3.063026139431883621e-01 9.200428534101762201e-01 1.731802336672694231e-03 8.768467288815227079e-01 3.742170560949305003e-01 4.114140039823561690e-01 8.246926739698089426e-01 0.000000000000000000e+00 3.853608710845912722e-02 6.291410475059215912e-01 2.208813298839790162e-01 5.698808249563372952e-01 4.144139709000602689e-01 4.241098344352990379e-01 4.000625014771165278e-01 5.758775759095199342e-01 5.682473944829146140e-01 1.967396855476789552e-01 8.748715513075145944e-01 1.732275619232158670e-01 4.550911219166992039e-01 3.958182415500455242e-01 9.981097466116191086e-01 7.732110279709829559e-01 3.140674148989918146e-01 7.119079207979983615e-01 2.674746302978547874e-02 7.283202459034260334e-01 8.669946524197895688e-01 5.068122002321434616e-01 6.940374263497096630e-01 9.323555289196271412e-01 5.640339590388865343e-02 6.279639140895276750e-02 4.912143590002971960e-01 9.965250243903235328e-01 7.193618113839834738e-01 6.975663787806444249e-01 1.570894132229418982e-01 1.170139172830758634e-01 7.796446667793863750e-01 2.932617073235016525e-01
4.251109139895541400e-01 5.870323905036046730e-01 8.411385030880941249e-01 1.855123375395183460e-01 9.980623581657928067e-01 3.272914576804670794e-01 2.404525589435630994e-01 7.538730471397877553e-01 5.099915350801481617e-01 4.264297586650791505e-01 2.501191782301992461e-01 9.044708461812441813e-01 5.295664028781077448e-02 5.441120960227732173e-01 3.586299337998473113e-01 3.853608710845912722e-02 0.000000000000000000e+00 1.654846163763278311e-01 8.692658365308586488e-01 9.943075137659329599e-02 7.867253427393423593e-01 1.073734670286891069e-01 4.084683735879014455e-01 1.853925159737799255e-01 3.742830372264976946e-01 9.622630583236830848e-01 4.161982915376813974e-01 8.145655751407558931e-01 3.388509275479834049e-02 8.076050549266587941e-01 6.196084290502498204e-01 9.971022508631036674e-01 9.618960745138456225e-01 5.801573378010477233e-01 6.040158971948487165e-01 3.844025255790646245e-01 7.593993880612628367e-01 2.917338152614256108e-01 4.547646111178016426e-02 3.853439003148741993e-01 8.461184783600245174e-01 1.255222211723004966e-01 5.276996073850914737e-01 6.180079526470985130e-01 7.634541634148945821e-01 1.281711270447147832e-01 5.232408386209070894e-01 5.511710198937134209e-01 6.253396730274134452e-01 5.652715965636028184e-01
6.147129473343068140e-01 9.437828752374404218e-01 2.148844492234550652e-01 5.820183837366070811e-01 7.997591121323653907e-01 8.420224949302721473e-01 7.555481091882872979e-01 6.879267013948332510e-01 6.344422632792112715e-02 6.939841695921005194e-01 4.955401859611260340e-01 5.027607064650077007e-01 6.208798661653606166e-01 3.504373676899815715e-01 2.436497971562112674e-01 6.291410475059215912e-01 1.654846163763278311e-01 0.000000000000000000e+00 7.896612469922148492e-01 2.774910896913785896e-01 7.623607558716218868e-01 4.717796985775507546e-01 9.115875272126742201e-01 5.730897574899413982e-01 2.094212038916538621e-01 3.839326992206137934e-02 1.688852161657274920e-01 2.879482718089856341e-01 1.125179717072817276e-01 5.589191685587083791e-01 5.611473326571477793e-01 6.446022048427324513e-02 2.235781434100714282e-02 4.457253767884006290e-01 6.265173741356595549e-01 8.499747144098607210e-01 1.515370963092647072e-01 7.729743602148299031e-01 5.535737699477588647e-01 3.817676911620737634e-01 3.217596625132034260e-01 4.326452091871627603e-01 7.844985267640310900e-01 8.306156866806420069e-01 4.453345557728681792e-01 6.332696532992241334e-01 8.656427781650914977e-01 4.835700803178256679e-01 2.384467502087064261e-01 8.569234787490646044e-01
4.195317609217383836e-01 5.851790729032420035e-01 1.074388788673519279e-01 5.311781559818098408e-01 2.378668162361183835e-01 7.463256890612252059e-01 6.196171693565751815e-01 4.182432192703036122e-01 6.613154139455548197e-01 8.933982397288307009e-01 3.990875238051193596e-01 7.353992606260814080e-01 1.502649967751317206e-01 1.718237010024961098e-01 1.947498679059984639e-01 2.208813298839790162e-01 8.692658365308586488e-01 7.896612469922148492e-01 0.000000000000000000e+00 4.392159080632681567e-01 1.259757926369552417e-01 7.535620373999104560e-01 9.227530216488610826e-01 6.782821202866731181e-01 5.005559844848961326e-01 1.359761474729089814e-01 6.444256165741935050e-02 4.176930300506811466e-01 2.194847852617195505e-01 4.469051515748723169e-01 5.261379100668474029e-01 5.473291010912663124e-01 5.609204529784079796e-01 7.738877842241139726e-01 3.172185352851935036e-01 1.864646271644252451e-01 8.592378440322893107e-01 9.132196848284013235e-01 9.264915534146671572e-01 9.720342225105574885e-01 9.133395553458972804e-01 5.044363286715330963e-01 1.079385474895205865e-01 6.092123514279013108e-01 6.680287593046736472e-01 8.078145851627299701e-01 1.191874094880746027e-01 6.851094332391991504e-01 3.987022370628409140e-01 6.161540252651407368e-01
8.106830880191745470e-01 8.550496062738606184e-01 4.289287211125508703e-01 7.362146683395275337e-01 1.220535510395260870e-01 2.190863993629440509e-01 3.543381728699285249e-01 8.975591756072049954e-01 8.787355196160647752e-01 5.320682253672788242e-01 4.765801165547924878e-01 2.148591847741959660e-01 1.108468529471579034e-01 7.741253983499121194e-01 1.449274855756842451e-01 5.698808249563372952e-01 9.943075137659329599e-02 2.774910896913785896e-01 4.392159080632681567e-01 0.000000000000000000e+00 8.869225249969725500e-02 6.803018835378317197e-01 5.725588903137022179e-01 5.861921189835982426e-01 2.035679822230682667e-01 1.193073068100459766e-01 6.011289132557681159e-01 5.618998355042872372e-01 2.099157192957379348e-01 1.924938895854112486e-01 1.140320992186133475e-01 5.964654092459886758e-01 6.132009208486316476e-01 4.146841139638112184e-01 1.143503685761845245e-01 8.430525728527290541e-01 9.276798655511386826e-02 7.577169888118038266e-01 6.296141252771073615e-01 2.853083941505578647e-01 9.519445957387058233e-01 3.744862253013758746e-02 3.722191096582992964e-01 2.536326695920285701e-01 9.774078388102528381e-01 2.621758134508972438e-01 7.542882850468457523e-02 3.609009341292679363e-01 2.512822346216669889e-01 5.527954823941183538e-01
1.628007435288983951e-01 3.301130961536113961e-01 6.154946625894608392e-02 5.420524952365287641e-01 3.214295893859797637e-02 8.869799215526568137e-01 9.100183897566626046e-01 7.431565825713183360e-01 2.572196845859553438e-02 8.833476354236922123e-01 9.819804408268143492e-01 1.352797992206469235e-01 7.626280494947912381e-01 6.547668765208475294e-01 8.714558048474588814e-01 4.144139709000602689e-01 7.867253427393423593e-01 7.623607558716218868e-01 1.259757926369552417e-01 8.869225249969725500e-02 0.000000000000000000e+00 4.421432123547133219e-01 5.989716638822929484e-01 2.733966661654019248e-01 9.763479476257935774e-01 3.053025935398493429e-01 3.921229198786626569e-01 3.481245032547634066e-01 7.062708254315188672e-01 4.626594437420508132e-01 3.442231709317794541e-01 6.368569685350221610e-01 9.884874360613170596e-01 7.252215819463081470e-01 8.826064695872499755e-01 3.868027905876014749e-01 7.544852345912592684e-01 5.330727131264273444e-01 3.168318376393037816e-01 7.332410460203679925e-01 4.401761063465184920e-01 3.613071065962893957e-01 3.839559342084681859e-01 3.319929269255347259e-01 9.408924110431182708e-01 5.002546578746752681e-01 1.124440847902318241e-01 5.234145814514924444e-01 7.065129627217027197e-01 5.651962065646422007e-01
2.747048783877326095e-03 4.199408635177780402e-01 4.732723605674201695e-01 8.978615956300750600e-02 7.666851922311085366e-01 2.929420343476899502e-01 8.615488141165148495e-01 5.666639562689809173e-01 8.239515773304167956e-01 6.350229376354085131e-01 3.499223437208369702e-01 9.789783346772611416e-01 6.852223351071003998e-01 2.972911116028362777e-01 4.689035478010983304e-01 4.241098344352990379e-01 1.073734670286891069e-01 4.717796985775507546e-01 7.535620373999104560e-01 6.803018835378317197e-01 4.421432123547133219e-01 0.000000000000000000e+00 8.819114966894179286e-01 8.059369033276191363e-01 9.998233359266558429e-01 5.468460013487401739e-01 6.279588862435326879e-01 5.052745957304863866e-01 9.265713501245775863e-01 8.511413818807748166e-01 6.812674103996028130e-01 2.986901219862891921e-01 8.535833838201091206e-01 6.316931253356709020e-01 5.914167624690265246e-01 3.947669641418052322e-01 7.275553274910130375e-01 8.519544557238557525e-01 3.977185521515883559e-01 2.585410344729771603e-01 5.591208869888100175e-01 4.160542129315096815e-01 1.280368569333836248e-01 1.923341796702695561e-01 8.539913219673449518e-01 3.285536975826622852e-01 4.860224931601625498e-01 7.132616368446454969e-01 9.392216292155114443e-01 2.387924225914538345e-01
7.147477482609798649e-01 9.345139118969087999e-01 3.987094092323349992e-01 6.663575902270735263e-01 9.476370702904709509e-01 9.190377317175826288e-01 2.195892010739832756e-01 3.095612546841930435e-01 1.116520026769618479e-02 7.482582364063402602e-01 9.077595309616904862e-01 9.769638088650570706e-01 3.549616666773676155e-01 9.039662202298578420e-01 5.025487359602193171e-01 4.000625014771165278e-01 4.084683735879014455e-01 9.115875272126742201e-01 9.227530216488610826e-01 5.725588903137022179e-01 5.989716638822929484e-01 8.819114966894179286e-01 0.000000000000000000e+00 9.598564909111608756e-01 1.630137464054425278e-01 6.087166880153355164e-01 8.105927953070353187e-01 2.767061361312375123e-01 3.654825252457168938e-01 5.281214313573626695e-01 8.612228284732836858e-02 4.914338419388464274e-02 9.708720598106080901e-01 6.045486568658213766e-01 5.628178338681273374e-01 1.475694201070364420e-01 5.971185732616451913e-01 2.342956231265789224e-01 5.057185460282109801e-04 6.974506470678132342e-01 3.654065386849150165e-01 2.040103762705209878e-01 9.432586280810912882e-01 7.754032739067343583e-01 5.192862260817445730e-01 9.706911759094302150e-01 6.407074130707193227e-01 5.420589109241608083e-01 6.549716526639379754e-01 8.841070740780273551e-01
2.450078969353064462e-02 9.370194076147496665e-01 1.579482834128524971e-01 7.914889428205035271e-01 8.302736184448087364e-01 7.980544963557090199e-01 9.075510474406724981e-01 1.975480224387389239e-01 2.849253229305452884e-01 6.560013862938407492e-01 1.098033319403159958e-01 8.749064029714144208e-01 6.770304223687511058e-01 6.844455354677438930e-01 3.167413728290343622e-01 5.758775759095199342e-01 1.853925159737799255e-01 5.730897574899413982e-01 6.782821202866731181e-01 5.861921189835982426e-01 2.733966661654019248e-01 8.059369033276191363e-01 9.598564909111608756e-01 0.000000000000000000e+00 2.415385285787871039e-01 6.225365851219135660e-01 1.192700946941634976e-01 9.731428296600986849e-01 5.979782439208347622e-02 1.127755316427254684e-01 5.766232594256375243e-01 6.117586552222126217e-01 2.261853420223468580e-01 9.898344387534702138e-01 8.936523267296110351e-01 6.056562067223746348e-01 3.898791973238147079e-01 4.683842404864702047e-02 9.414631771657400172e-01 6.134647508168518115e-01 7.908974448844700023e-01 5.622360948736607744e-01 6.566710260204233762e-02 2.946410423594980621e-01 4.491199302049845299e-01 8.990846759480350947e-01 1.130912700681525607e-01 9.854982826420842779e-01 4.381902447922735311e-01 2.099224281733427233e-01
5.507695583702525433e-01 8.716249350847633526e-01 7.742505847844320943e-01 9.900281882302982561e-01 9.371274745412697671e-01 9.735637077432172104e-01 8.891963749633307046e-01 4.541900757830289459e-01 4.972496892417150871e-01 9.159618026192846152e-01 9.929010721769471193e-02 6.124680388059491332e-01 2.189249238512841478e-01 2.301375601898121293e-01 7.841058117202992506e-02 5.682473944829146140e-01 3.742830372264976946e-01 2.094212038916538621e-01 5.005559844848961326e-01 2.035679822230682667e-01 9.763479476257935774e-01 9.998233359266558429e-01 1.630137464054425278e-01 2.415385285787871039e-01 0.000000000000000000e+00 2.465002600813174238e-01 3.761847914595277675e-01 8.946943857631494135e-01 1.150200085974273367e-01 3.692342337050942280e-01 5.745971340467097566e-01 8.358770746282778719e-01 8.964248007730746259e-02 8.181985097720334554e-02 9.477024088250480816e-01 6.422964140514153542e-02 4.859104565410732324e-02 1.131942917060987375e-01 6.587821980349231055e-01 7.809028976194476446e-02 8.877383723547658256e-01 1.242696742451976366e-02 6.559477262078683424e-01 6.826218241446038171e-01 9.396860276543658186e-01 5.510671265757693948e-01 4.508331080856985418e-01 2.109456026590071920e-01 7.308093590150303021e-01 5.031191652031375972e-01
9.726168093425858752e-01 9.860601943912936651e-01 9.208723482741961730e-01 3.547838306276281939e-01 5.992682545334760968e-01 3.610920999090980743e-01 9.877570637560160183e-01 1.090922591554691623e-01 8.087682592226764777e-01 9.961077910282297720e-01 2.361195312785130396e-01 2.802652737617560286e-01 3.060158691451910773e-01 1.392207452043383586e-01 6.492929170231446223e-01 1.967396855476789552e-01 9.622630583236830848e-01 3.839326992206137934e-02 1.359761474729089814e-01 1.193073068100459766e-01 3.053025935398493429e-01 5.468460013487401739e-01 6.087166880153355164e-01 6.225365851219135660e-01 2.465002600813174238e-01 0.000000000000000000e+00 8.717842819050971581e-01 6.599294733027711857e-01 6.526429268762494740e-01 6.300653287921599288e-01 1.475413709306721000e-01 8.980016775404878748e-01 2.841390855612192512e-01 4.161750470349206976e-01 3.928118447604589392e-01 8.800425654040912038e-01 8.246198366451729100e-01 3.493605410558098257e-02 6.177339244799271434e-01 2.996495160602448138e-01 2.905025187738788928e-01 6.723240821499062436e-01 5.052308083570373753e-01 3.271168013174043931e-01 4.330747763580267140e-02 9.550778430707043132e-01 9.893541052250028889e-01 2.401532992247328302e-01 3.280324523930028269e-01 3.358491491561724773e-01
4.576048425166094891e-01 2.720830882781662963e-01 3.677668881901733355e-01 5.321479438944931584e-02 3.238913416002693335e-01 6.891102377529823020e-01 5.159320888121827764e-01 6.879566091891883284e-01 1.968643169082902045e-01 2.455915823219062544e-01 4.628224152929993895e-02 3.158976761726022264e-01 7.006193350813979537e-01 8.255864960057652802e-01 2.780194398703466074e-01 8.748715513075145944e-01 4.161982915376813974e-01 1.688852161657274920e-01 6.444256165741935050e-02 6.011289132557681159e-01 3.921229198786626569e-01 6.279588862435326879e-01 8.105927953070353187e-01 1.192700946941634976e-01 3.761847914595277675e-01 8.717842819050971581e-01 0.000000000000000000e+00 7.622394907340993564e-01 5.339090078648190962e-01 4.479502279575342527e-02 7.536491568752137216e-01 3.895003713847002835e-01 4.586552388166770244e-01 6.159366927754019727e-01 1.765632193876464084e-01 3.312507282750219995e-01 6.050477337883832796e-01 2.033133424159849767e-01 9.626147190840539380e-01 4.090442204631036249e-01 8.868636808646794822e-01 3.546561447298938186e-01 5.287408301148308620e-01 5.334611435656236855e-01 9.138070592556916116e-01 9.148184387775326609e-02 3.866377175765164376e-01 5.341582824821636821e-01 6.812498740561545585e-02 9.877454308682421802e-01
4.980275514517197299e-01 7.045520039554685754e-01 4.997656450059547728e-01 2.008421589191159429e-01 4.398236777117578988e-01 6.214811073167885169e-01 9.265461209944040322e-01 2.506256618949120885e-02 3.314624731828433868e-01 9.548800922388948065e-01 8.579910312894525326e-01 9.312559351489725357e-01 1.092556246121134667e-01 5.991190022113309643e-01 7.325632077069789139e-01 1.732275619232158670e-01 8.145655751407558931e-01 2.879482718089856341e-01 4.176930300506811466e-01 5.618998355042872372e-01 3.481245032547634066e-01 5.052745957304863866e-01 2.767061361312375123e-01 9.731428296600986849e-01 8.946943857631494135e-01 6.599294733027711857e-01 7.622394907340993564e-01 0.000000000000000000e+00 5.297726919998478889e-01 1.160106076466890235e-01 7.035692255000505213e-01 8.733507230112897979e-01 9.767063879209400001e-01 5.279629761458022319e-01 1.028142627685043609e-01 9.570561959956180864e-02 9.011428695777397024e-01 1.041579810156179065e-02 2.006404303671509570e-01 2.043984848998033899e-01 6.545291360088079102e-03 4.913912228071697363e-01 6.881614258636603587e-01 5.529989430821257157e-01 4.491241220121008348e-01 8.942123734126381507e-01 9.679207779084546548e-01 1.156801748777622763e-01 7.401066128677976641e-01 9.999272750019945200e-01
8.942926648399599499e-01 1.982385864528155572e-01 6.811215957155249967e-01 9.033635922212934766e-02 8.399275254945416380e-01 5.993163069126189457e-01 4.365615567908782690e-01 6.697391909857574044e-01 3.923874629621567633e-01 6.921684295068215587e-01 8.453711839813478068e-01 3.921756614994528212e-01 3.927884289912894067e-01 2.936973971957590468e-01 7.544842898237507089e-01 4.550911219166992039e-01 3.388509275479834049e-02 1.125179717072817276e-01 2.194847852617195505e-01 2.099157192957379348e-01 7.062708254315188672e-01 9.265713501245775863e-01 3.654825252457168938e-01 5.979782439208347622e-02 1.150200085974273367e-01 6.526429268762494740e-01 5.339090078648190962e-01 5.297726919998478889e-01 0.000000000000000000e+00 3.934699366454323943e-01 4.738752203874214697e-01 9.999543300993447570e-01 5.080554116597547631e-01 4.781646524573539558e-01 5.990707726734830763e-01 3.731393227117127953e-01 6.759649265113720773e-01 4.978532283763090760e-01 4.437754843704347918e-01 8.321812465868337894e-01 7.500878867440935460e-01 3.202555324480133025e-01 4.338273708204831713e-02 4.638213709318605993e-02 3.304323036207821307e-01 7.593629022256020988e-03 7.614665155273357966e-01 3.178789843567286777e-01 3.497832374550980949e-01 9.357786320806649183e-02
2.521878974044374777e-01 8.895616842340999808e-01 7.489629821963732503e-01 4.133741810219717649e-01 5.637315281165548031e-01 7.762321511285248388e-01 9.688515426858573809e-01 2.705536497942426788e-01 2.358600518445491678e-01 4.776785276685365789e-01 5.011554703760733309e-01 3.971453049241765454e-01 7.267600567914408449e-01 7.772284474717536806e-01 5.743763458541308875e-01 3.958182415500455242e-01 8.076050549266587941e-01 5.589191685587083791e-01 4.469051515748723169e-01 1.924938895854112486e-01 4.626594437420508132e-01 8.511413818807748166e-01 5.281214313573626695e-01 1.127755316427254684e-01 3.692342337050942280e-01 6.300653287921599288e-01 4.479502279575342527e-02 1.160106076466890235e-01 3.934699366454323943e-01 0.000000000000000000e+00 8.667876152061382289e-01 8.872754959860328361e-01 1.832117775950451444e-01 8.930863862613200865e-01 7.758097636211289672e-01 4.398860372905255556e-01 3.473551632109269649e-01 7.405741850802464166e-01 7.903337935680539994e-01 1.771084144219590151e-01 4.974331752242177052e-01 4.178219164245038364e-01 4.849858184449665766e-01 8.273258159773518861e-01 9.065946845881101002e-01 8.608512118523247159e-01 8.392117656302718887e-01 7.965998020565382420e-01 9.517676442738762788e-01 1.899641309584667592e-01
2.447065930928576938e-01 7.846134405751503671e-02 8.512025575021642254e-02 6.488791359829052530e-01 5.896198302490659460e-01 4.189465761430704038e-01 4.095198654419210937e-01 1.918556313005695957e-01 7.910928688193983316e-01 2.813994378757737058e-01 2.682165441657524685e-02 7.706651398227130079e-01 7.957893293439926019e-01 7.317950369913513997e-01 1.069686879165397952e-01 9.981097466116191086e-01 6.196084290502498204e-01 5.611473326571477793e-01 5.261379100668474029e-01 1.140320992186133475e-01 3.442231709317794541e-01 6.812674103996028130e-01 8.612228284732836858e-02 5.766232594256375243e-01 5.745971340467097566e-01 1.475413709306721000e-01 7.536491568752137216e-01 7.035692255000505213e-01 4.738752203874214697e-01 8.667876152061382289e-01 0.000000000000000000e+00 3.600002239936059834e-01 5.072332517889953651e-01 3.864185184584862931e-01 6.670941550736987358e-01 6.401762894533802317e-01 4.252192055559984585e-01 3.396500844091077109e-01 1.682595002075756296e-01 3.222883414657534695e-01 9.378777861473520661e-01 1.176923417103370451e-02 3.388423005936144206e-01 9.420200687000818141e-01 7.717396077584898206e-01 9.498769606547182720e-01 9.010168048481479453e-01 7.010345509233295580e-01 1.320146284617312871e-01 4.148538712812570584e-01
