0.000000000000000000e+00 3.571116601929814616e-01 7.183176417772452194e-02 2.402594377538447290e-01 8.989508782320075886e-01 5.943370536199082954e-01 3.452721497673969520e-01 7.962427390703386010e-02 9.401109056418449628e-01 2.822447023820253698e-01 8.643666699188365943e-01 5.847016788215374516e-01 7.462230584108469067e-01 1.747163271643226157e-02 9.827092597407700580e-01 7.883574483454469650e-02 8.866245527306361174e-01 2.144182345397698253e-01 1.175912887128145456e-01 8.883393906862694367e-01 8.396187273647073290e-01 6.764495878253012906e-01 2.444414053533305875e-01 5.434000602537991664e-02 3.541534755096753528e-01 8.923963384782210850e-01 6.601322394526482062e-01 7.750641630435314289e-01 3.079184439075277613e-02 6.579470600095524979e-01 2.939315972814793287e-02 7.985513155295318466e-01 6.463507685674445558e-01 3.530746741346602047e-02 1.115403730286171902e-01 7.993501538725227284e-01 4.485660616849286297e-01 1.663478137941891699e-01 9.145213124293709583e-01 4.026422956504646100e-01 2.778242012158782526e-02 7.636659845788598133e-01 6.261175893996901998e-01 4.853199599812856313e-01 8.701092591514516528e-01 8.904042992883453023e-01 2.151205569037113463e-01 2.534357079177914640e-01 9.920291492856817550e-01 2.719223454619307256e-01
3.571116601929814616e-01 0.000000000000000000e+00 2.503930438911965428e-01 7.733176796059374469e-01 8.935612063713029851e-01 2.435590336709591019e-01 1.010995132199585811e-01 8.287659638454992761e-01 3.211784487084488049e-01 4.802479015384586436e-01 8.381570382621832405e-01 2.476753445093835548e-01 2.511182434082970261e-01 8.388367187491017063e-01 4.610261466894776117e-01 3.877695599505077695e-01 8.225333109987844615e-01 9.819226264573908125e-01 7.199318028524650526e-01 7.839827406625377026e-01 2.115647043608676059e-01 3.896324613329196218e-01 5.597427978805493698e-01 2.189320363624289723e-01 8.064131660830849979e-01 8.426882506634048031e-02 8.104837388440705448e-01 9.792104899980279553e-01 5.185214074949932028e-01 3.348724268155528483e-01 4.850806290319529257e-01 1.908060593816049977e-01 4.817768384324229158e-01 2.667262031452024562e-01 4.524252208061996239e-01 3.350488710998177355e-01 7.959574344666650036e-01 9.979021703948908195e-01 6.822241512196310920e-01 5.211843150295203397e-01 6.667579177217354269e-01 7.078993895478083997e-01 8.471912154519504190e-01 5.094348120924503398e-01 9.507363665932189178e-02 8.293291345179431007e-01 7.401879571077546460e-01 9.085274344539930880e-01 4.701859044443134072e-01 2.777264349201002958e-03
7.183176417772452194e-02 2.503930438911965428e-01 0.000000000000000000e+00 7.498949496296107853e-01 1.476963845763260563e-01 5.967296435865746540e-01 5.639787097824041640e-01 2.014114236158371929e-01 8.171712557358660201e-01 2.301093571142668326e-01 8.226429243011832426e-01 5.901187028171522853e-01 9.817145171666645798e-01 5.598713723867537739e-01 1.975699577945912999e-01 9.999081688172678506e-01 6.952359444141270606e-01 6.063360630854178757e-01 3.900412555907091239e-01 1.151903389291696334e-01 9.839273448318786031e-02 2.458697843746859846e-02 1.023497249162499401e-01 3.048335967059840890e-01 4.926121669100025358e-02 4.396831683223956233e-01 7.611621220921714892e-01 2.598594314229014657e-01 9.721805783584499538e-01 3.579367837215265968e-01 6.478394144003274402e-01 4.103471469073384226e-01 4.399467597858444101e-01 5.012471909594226060e-01 1.747434686513054114e-01 2.565319440070386037e-01 7.923758126552060688e-02 5.789964281787288725e-01 8.399501738786960825e-01 4.082162099901150976e-01 8.520336640203571843e-01 2.991439715245579611e-01 6.043217200114678889e-01 1.028835835802326404e-01 7.184582501093252915e-01 7.089221699357883821e-04 2.028303815107700414e-01 1.127574820234383823e-01 7.099836713015328371e-02 2.497612423575675811e-01
2.402594377538447290e-01 7.733176796059374469e-01 7.498949496296107853e-01 0.000000000000000000e+00 5.968780603237782145e-01 9.647214921338225224e-01 2.625583351512088548e-01 3.085270245274747136e-01 2.091053888518200621e-01 5.944427322697204419e-01 2.997031329166773839e-01 7.074174782470360467e-01 5.598164680506488855e-01 6.965942886083835717e-01 3.508518230941994887e-01 5.110969977462820335e-01 8.648909990932989178e-01 4.420421385951167625e-02 6.923773885574439069e-01 3.415249119248559007e-01 7.642559603134223556e-01 6.610991428623699262e-01 3.154028351297664123e-01 9.594087910573627642e-01 9.726215405124816193e-01 9.157205729365921476e-01 4.154585773425855111e-01 7.283625175156085430e-01 4.493696596790391906e-01 9.298512103121830963e-01 9.648300996349390424e-01 3.642225341288009011e-01 9.565350668627129460e-01 8.503596331481344528e-01 2.439318682580023934e-01 1.474368747845219429e-01 7.743425292373586899e-01 8.318172835669578324e-01 2.330476261804904636e-01 5.066381051720845186e-01 4.112281241375811414e-01 3.090171125300971156e-01 3.371416822750111786e-01 3.662407484795486834e-01 6.238614712721854971e-01 6.067817836911830742e-01 8.805133762237365991e-01 5.954182043417231007e-01 8.497104353229187890e-01 2.017985541675642036e-01
8.989508782320075886e-01 8.935612063713029851e-01 1.476963845763260563e-01 5.968780603237782145e-01 0.000000000000000000e+00 9.119484673623465820e-01 5.633287395829875699e-01 1.656911206228693922e-01 1.791654701441791619e-01 2.674239933923594492e-01 7.254957213535560001e-01 7.523836764485426487e-01 4.748598343579598646e-01 4.202382945239054868e-01 6.120448598700100051e-01 6.423031895071658059e-01 7.450679739695096337e-01 1.008224117925932140e-01 1.281943846278695842e-01 9.675674373542993978e-01 8.787004682035300940e-01 4.479317953238310945e-01 3.433339930640545434e-01 3.424822419544999441e-01 8.659140064799053516e-02 9.580102228352793681e-01 1.100155586298104948e-01 8.808276252554141372e-01 5.248941068505270646e-01 6.738773255151255803e-01 9.103179711845459376e-01 4.595161129850859894e-01 7.617733494175460418e-01 9.596568997620230634e-01 3.045376405663029473e-01 6.407048856447863372e-01 7.094401034168524856e-01 1.275411284712781868e-01 8.783372735543802934e-01 4.683287783383051073e-01 9.693919155695353007e-01 5.196177105937949126e-02 7.028903104270124436e-01 1.766367632117924469e-01 2.276372655280038959e-01 7.946897986973431305e-01 9.591859803381395100e-01 8.467058644322982275e-01 5.130148072019813377e-01 8.623201445165105117e-01
5.943370536199082954e-01 2.435590336709591019e-01 5.967296435865746540e-01 9.647214921338225224e-01 9.119484673623465820e-01 0.000000000000000000e+00 7.067326270628035978e-01 8.798975859646062103e-01 6.134237919488336743e-01 9.235571580645571821e-01 3.869845460081606792e-01 1.775578593389054438e-01 9.057977133094281541e-01 9.058820482801405172e-01 3.383631771762847240e-01 2.470748347680965518e-01 5.195764061308143500e-01 7.413445228687245425e-01 1.658790470633105807e-01 7.697864295736199791e-01 5.667193632612487209e-01 4.734683797907615066e-01 3.194754486895214907e-01 9.832651198058238728e-01 4.947283346173633189e-01 4.981194950314704606e-01 7.529689922379145806e-02 5.763315252884670947e-02 7.558298482204359736e-01 2.385134122582421856e-01 2.546115923729639352e-01 3.856038859377253214e-02 7.491708462285268100e-01 8.233831097218785589e-01 4.148266997390641642e-01 1.687832863511549153e-01 4.306396425698214570e-01 9.976859236180504187e-01 5.004987122086058671e-01 7.818592134488356882e-01 4.014086172237549821e-01 8.066370649083044464e-01 1.180275299795512378e-01 2.242542240535848608e-01 5.638094604116482556e-01 4.808945226523188010e-01 2.626381488894543592e-01 9.832268301319915249e-01 9.276773681444916431e-01 4.464024438228536562e-01
3.452721497673969520e-01 1.010995132199585811e-01 5.639787097824041640e-01 2.625583351512088548e-01 5.633287395829875699e-01 7.067326270628035978e-01 0.000000000000000000e+00 2.685740274497502300e-01 6.510894656152615978e-01 2.540784783077751907e-01 4.411733637665955499e-01 3.516419951670368693e-02 8.832650333139949739e-01 5.148543960824418786e-01 6.526977084177905120e-01 6.595321442207979779e-03 8.560474742393296976e-01 6.483889081971369039e-01 1.121910889425603575e-01 6.656496043256261430e-01 2.230522061091777530e-01 3.560035772403292720e-01 4.010951565832741039e-01 3.125880867471875213e-02 5.938243195517082240e-01 3.523660847538936380e-01 3.589322397251353269e-01 7.077844373538599854e-02 7.768724320501381175e-01 3.165826992405873508e-01 2.905847518988271538e-01 2.484156498733136598e-01 2.319344189575217596e-01 2.970340212051776341e-01 5.537766293812290685e-01 2.981425712902515679e-01 4.204567203185372026e-02 8.975034798312446771e-01 7.000156039854957823e-01 3.557321268496864697e-01 3.795845476738253232e-01 1.322894321256240513e-02 7.734902163290877652e-01 2.058775280335801705e-01 4.660094953992259814e-01 2.132000165648886281e-01 9.642301987250709860e-01 6.882455487650281922e-01 5.139851130950112701e-01 7.284792194506194418e-01
7.962427390703386010e-02 8.287659638454992761e-01 2.014114236158371929e-01 3.085270245274747136e-01 1.656911206228693922e-01 8.798975859646062103e-01 2.685740274497502300e-01 0.000000000000000000e+00 2.857805973781215592e-01 7.205222426662004631e-01 8.193912549732772499e-01 5.887462693583791484e-01 3.216555634125610741e-01 6.301010303705070204e-01 3.194694306592672506e-01 3.674118690213508120e-01 6.849140801530020362e-01 8.835339081253350546e-01 9.514131112500096021e-01 5.592314162456525350e-01 9.882616545917938256e-01 7.570132272070598800e-01 2.336231097035113002e-02 7.952512460302765263e-01 3.831359167709147417e-01 1.322352911927257013e-01 1.284588448167401920e-01 8.178389778787200637e-01 4.257796859022874303e-01 7.017646281419830379e-01 4.948851319688924999e-01 1.095170512672192231e-01 1.283393996479149646e-01 3.264533431493348292e-01 1.234196287218125576e-01 7.689665026857877006e-01 1.173115051384814311e-01 8.225801106203721735e-01 5.847689848004217206e-01 4.201720217871541818e-01 5.183215779780644406e-01 4.954503132990777381e-01 6.351927026820058941e-01 8.213084718042372723e-01 3.723409838111184644e-01 8.356560498702595430e-01 2.106132092811963119e-01 5.433558532893213444e-01 1.988894000779379834e-01 2.145271853164276710e-02
9.401109056418449628e-01 3.211784487084488049e-01 8.171712557358660201e-01 2.091053888518200621e-01 1.791654701441791619e-01 6.134237919488336743e-01 6.510894656152615978e-01 2.857805973781215592e-01 0.000000000000000000e+00 4.163765800687074803e-01 6.429442096515626259e-01 6.890055062782668438e-01 3.782785543460120969e-02 1.717246903442245509e-01 2.035665339438996746e-01 1.812636019273655696e-01 9.603793540966847342e-01 9.523593649559124463e-01 1.314434783229543324e-01 3.424828107192109394e-01 7.273951884685492253e-02 8.136865214464750196e-01 3.138336988746387446e-01 5.546744953449925797e-01 8.227329170311485917e-01 2.592363318897339397e-02 3.452354443831162634e-01 1.252132704078037229e-01 8.568873111478007010e-01 9.913669192328634638e-01 1.041753851490911931e-01 5.772652657633328133e-01 8.461232325699182821e-01 5.769282142964821114e-01 7.477802404324697116e-01 9.456133219563178649e-01 6.060333139438063288e-01 4.858870871497669164e-01 5.800433335801986612e-01 1.194989141180460290e-01 6.371539248440027947e-03 2.898371998821093198e-01 7.531299393733289493e-01 2.212556503932725516e-01 2.753194722776767245e-01 6.893532316667179138e-01 7.368577862430898406e-01 1.172696114873479356e-01 8.870129556435016882e-01 1.256107382913943527e-01
2.822447023820253698e-01 4.802479015384586436e-01 2.301093571142668326e-01 5.944427322697204419e-01 2.674239933923594492e-01 9.235571580645571821e-01 2.540784783077751907e-01 7.205222426662004631e-01 4.163765800687074803e-01 0.000000000000000000e+00 9.062804714851571131e-01 8.555002013930531612e-01 8.243919484328769975e-01 3.358512435647936778e-01 7.417478580731232674e-01 3.108041480071250806e-01 3.423280744438904621e-01 3.325056929380243442e-02 7.842316594821155951e-01 4.877111777652307634e-01 6.671965915877925424e-01 5.617891163795727394e-01 8.099951629245651930e-01 4.398880849213937516e-01 9.091748658272535977e-02 9.840822368160828670e-01 6.518352098256428029e-01 2.156562483132777874e-01 1.756823872616599669e-01 5.882228413940193690e-02 6.162485339360076475e-01 2.765556411003891046e-01 3.207340125777888851e-01 4.729806994574070611e-01 6.780390443303520032e-01 9.833844843570118677e-01 3.765649587187078762e-01 4.374131574826412017e-01 5.823518474129357747e-01 2.078206482492170881e-01 1.689025658036322763e-01 9.077012942008791940e-01 5.962073355687746989e-02 7.207644581480905366e-01 6.271154793441513497e-02 7.566439236692417136e-01 9.526349614248214026e-01 1.473531668557348517e-01 3.224088883727928012e-01 4.599377561740639608e-01
8.643666699188365943e-01 8.381570382621832405e-01 8.226429243011832426e-01 2.997031329166773839e-01 7.254957213535560001e-01 3.869845460081606792e-01 4.411733637665955499e-01 8.193912549732772499e-01 6.429442096515626259e-01 9.062804714851571131e-01 0.000000000000000000e+00 5.066905225033997429e-01 5.951737712942090086e-01 4.618538664760943879e-01 8.680374763357870949e-01 5.949617865793054294e-01 5.073780230676159242e-01 4.933868026434660159e-01 8.433324647127768969e-01 1.039953431279327933e-02 8.967519170822946251e-01 8.069031542225696407e-01 3.356874912311109682e-01 2.250795819149074006e-01 2.998449142832161352e-01 8.335684471342386104e-02 9.073772369812368455e-01 8.834574817726917884e-01 7.349743354535851481e-01 4.927179843316346064e-01 5.092811508010751664e-01 3.267131910172849096e-01 3.550075380332583519e-01 5.460150619718309173e-01 4.580510376537708650e-01 5.189710733125529885e-02 3.261778782556989942e-02 3.708185707687858823e-01 5.194449259223177240e-01 1.576658814592980518e-01 2.385926525756932870e-01 4.203811186388226595e-01 5.701444973687980200e-01 1.181604565849582178e-01 4.419789925614241444e-01 2.731984688996745847e-01 2.497534187750057866e-01 7.561202985298798307e-01 4.999468688300933161e-01 2.238851453475984021e-01
5.847016788215374516e-01 2.476753445093835548e-01 5.901187028171522853e-01 7.074174782470360467e-01 7.523836764485426487e-01 1.775578593389054438e-01 3.516419951670368693e-02 5.887462693583791484e-01 6.890055062782668438e-01 8.555002013930531612e-01 5.066905225033997429e-01 0.000000000000000000e+00 2.224515736878071026e-01 6.930764174513956988e-01 1.580107214655563919e-01 4.376572447317741421e-01 9.460218486648701575e-01 9.298670691398132071e-01 3.159655513418406780e-01 5.786217507727871023e-01 9.429240468778946616e-01 6.741751021264131838e-01 5.520019194768129855e-01 7.809172363034888598e-02 3.245009245702330514e-01 6.864138974496679646e-01 2.334105935615021776e-01 9.701951073118930680e-01 1.790322166585444075e-01 4.058961164838854607e-01 8.372648960283994857e-01 7.539341339323595292e-01 3.766699912852013998e-01 2.907103796889740632e-01 7.257740394253223704e-01 6.426453124217724744e-01 1.250132114579514120e-01 9.819512412393575085e-01 8.287010666568002115e-01 2.692079392127973980e-01 2.388810901568139133e-01 9.829184846676229936e-01 7.568962736720077356e-01 3.201427400774331522e-01 1.981562667409025869e-01 2.590205395072322503e-01 5.643956178711205807e-01 5.590775064659658788e-01 8.417541088865955201e-01 2.337362754801118880e-01
7.462230584108469067e-01 2.511182434082970261e-01 9.817145171666645798e-01 5.598164680506488855e-01 4.748598343579598646e-01 9.057977133094281541e-01 8.832650333139949739e-01 3.216555634125610741e-01 3.782785543460120969e-02 8.243919484328769975e-01 5.951737712942090086e-01 2.224515736878071026e-01 0.000000000000000000e+00 2.235986906271272279e-01 7.502960064313946020e-02 8.841895305402047711e-02 7.278034937860975440e-01 2.432924407261236599e-01 3.530391316982370853e-01 5.128594202675107461e-02 8.683976976669542935e-01 6.800109327799584991e-01 7.050555268256470942e-01 9.772683056527128320e-01 1.821482148243838139e-01 5.454627807269397666e-01 9.475355018500941640e-02 6.995328872933803677e-01 5.238757100563870006e-01 8.351687055063492515e-01 9.600751010492580839e-01 9.211966830396935979e-01 1.705450025956535276e-01 9.794125168806411263e-01 3.953250441224348544e-01 6.533695397709964325e-01 5.537875149130211394e-02 9.329176575452401421e-01 4.740329695703102697e-01 3.253551167023626123e-01 9.022955428517549503e-01 9.814004551795253439e-01 4.388965435274656546e-01 9.715697445520158348e-01 3.756243492201860601e-02 3.066813970681974144e-01 1.599887309608784003e-01 8.618314410709682072e-01 5.586626708659598872e-01 1.620228711057626336e-01
1.747163271643226157e-02 8.388367187491017063e-01 5.598713723867537739e-01 6.965942886083835717e-01 4.202382945239054868e-01 9.058820482801405172e-01 5.148543960824418786e-01 6.301010303705070204e-01 1.717246903442245509e-01 3.358512435647936778e-01 4.618538664760943879e-01 6.930764174513956988e-01 2.235986906271272279e-01 0.000000000000000000e+00 4.641199984097978959e-01 8.266489794074227682e-02 3.549887316050334141e-01 3.979391776280369886e-01 9.703681768573023669e-01 8.814969081178599675e-01 6.065906151703751581e-01 6.359988921280792518e-01 8.699486921773714743e-01 2.815032770349565894e-01 5.277578924555390572e-01 4.111027876159970562e-01 7.546823978528680588e-01 7.298400269266558382e-01 8.664756052138290476e-01 8.723499425005398766e-01 1.474808900955787427e-01 3.499134257496190337e-01 9.175207765728040643e-01 6.227351709644169953e-01 3.798386371731868882e-01 1.870447667149462978e-01 6.362543932374017386e-01 7.250063411045499784e-01 6.165127178945417619e-02 2.448433044515825330e-01 5.202577197226815331e-01 6.355397629498854561e-01 5.684408332535350050e-01 4.029211744781996396e-01 7.924631494327859516e-01 4.538117118682859497e-01 1.880536663743379577e-01 1.020593416780162244e-01 7.268648988274147849e-01 3.656690850061056208e-01
9.827092597407700580e-01 4.610261466894776117e-01 1.975699577945912999e-01 3.508518230941994887e-01 6.120448598700100051e-01 3.383631771762847240e-01 6.526977084177905120e-01 3.194694306592672506e-01 2.035665339438996746e-01 7.417478580731232674e-01 8.680374763357870949e-01 1.580107214655563919e-01 7.502960064313946020e-02 4.641199984097978959e-01 0.000000000000000000e+00 6.537708605675009998e-01 2.235590376837869320e-01 3.647938683553174632e-01 1.487604360998224795e-01 2.182347294799084070e-01 1.499017696570633662e-01 9.215173014773176963e-01 6.017824323660747599e-01 6.246815973992392301e-01 8.428713717695539565e-01 5.649968093811003067e-01 8.488310592602673621e-01 4.013316122259069640e-02 3.743776849210511681e-02 8.294282529584597885e-01 8.942562834957311635e-01 1.392302393055556697e-01 9.599594780273299488e-01 9.723086008085651821e-01 1.429125854116291006e-01 4.320139107853860905e-01 4.416596052177637066e-01 2.516438484739730308e-01 2.192401606413847404e-01 6.598495077477671833e-01 7.492946484057751988e-01 3.172407342624266047e-01 1.214154501629096661e-01 3.497542103357835774e-01 3.532327083020424530e-01 3.351668872935277266e-01 6.806156292049310164e-01 6.592335765435988204e-01 4.138847789996432658e-01 4.961640714706034849e-01
7.883574483454469650e-02 3.877695599505077695e-01 9.999081688172678506e-01 5.110969977462820335e-01 6.423031895071658059e-01 2.470748347680965518e-01 6.595321442207979779e-03 3.674118690213508120e-01 1.812636019273655696e-01 3.108041480071250806e-01 5.949617865793054294e-01 4.376572447317741421e-01 8.841895305402047711e-02 8.266489794074227682e-02 6.537708605675009998e-01 0.000000000000000000e+00 5.722142689072837740e-01 1.707457512525631937e-01 6.120682741716378938e-01 6.684866243038580791e-01 4.305462280469292136e-01 7.871552629994821304e-01 1.750007057534866961e-01 2.323596488713093322e-01 4.507720159587924602e-02 8.303372886078114190e-01 3.988470523013981639e-01 9.228419914599246265e-01 6.219862409716062635e-01 2.709227438595929183e-01 2.002927455715813876e-01 2.293979754996149367e-01 5.726668924913372871e-01 4.685713036185273905e-01 8.880000467843205403e-01 8.412085396000779092e-02 3.678935838869108466e-01 5.006746005110042086e-01 4.076083553535236881e-01 4.749348068160408332e-04 9.795330096915721985e-02 6.934840553071319746e-02 7.796407320787446249e-01 3.756215664446511671e-01 6.746361665702120813e-01 7.434901015326141893e-01 3.154913378288037862e-02 6.420048378548204315e-02 5.409831961480654483e-01 8.990590198541592581e-01
8.866245527306361174e-01 8.225333109987844615e-01 6.952359444141270606e-01 8.648909990932989178e-01 7.450679739695096337e-01 5.195764061308143500e-01 8.560474742393296976e-01 6.849140801530020362e-01 9.603793540966847342e-01 3.423280744438904621e-01 5.073780230676159242e-01 9.460218486648701575e-01 7.278034937860975440e-01 3.549887316050334141e-01 2.235590376837869320e-01 5.722142689072837740e-01 0.000000000000000000e+00 6.461081867326914363e-01 4.917755432783996739e-01 9.345970461603949619e-01 4.887126724708273917e-01 1.533877629420018485e-01 6.088220016098654375e-01 2.751116122276832110e-01 2.045561769946980801e-01 8.645612793237986704e-01 7.601940476407952341e-01 4.707420338668982795e-01 8.183521964109442548e-01 5.514061595109988057e-01 7.534051133668506761e-02 1.295379142407363515e-01 9.757146950384634199e-01 5.661466847475242758e-01 3.905252801666094786e-01 6.057684663144649040e-01 8.571335127161425760e-01 3.410396540502269591e-02 4.120746464622804250e-01 7.673777469602192092e-01 6.631649488997808373e-01 3.608183776559757971e-01 4.611272720064427677e-01 1.584608180928828158e-01 2.263904329631781787e-01 1.844372243231447994e-01 2.000898021891783785e-01 2.824893013511595719e-01 6.914516316566599041e-02 3.541707835902797585e-01
2.144182345397698253e-01 9.819226264573908125e-01 6.063360630854178757e-01 4.420421385951167625e-02 1.008224117925932140e-01 7.413445228687245425e-01 6.483889081971369039e-01 8.835339081253350546e-01 9.523593649559124463e-01 3.325056929380243442e-02 4.933868026434660159e-01 9.298670691398132071e-01 2.432924407261236599e-01 3.979391776280369886e-01 3.647938683553174632e-01 1.707457512525631937e-01 6.461081867326914363e-01 0.000000000000000000e+00 9.565197203030426643e-01 8.574719608618067701e-01 5.037149303213440676e-01 3.586580572659909816e-01 7.237129254478913420e-01 4.285053799034332922e-02 4.705498406052979199e-01 8.777304043968058300e-01 8.291741965311490992e-01 5.177638632379339967e-01 3.520997376643444365e-01 7.454155117655022478e-01 3.278993108166206039e-02 5.443616090608625058e-01 2.960705653174883212e-01 2.336305449922690958e-01 9.406445391927833466e-01 4.675394621300463793e-01 2.785767847458078261e-01 4.720765103879875912e-02 9.900627203381152652e-01 7.457084004310643444e-02 1.047715184993158744e-02 4.578560362299090025e-01 5.143020475687224424e-01 7.446382852179839196e-01 1.579047789617361586e-01 5.420546903580925058e-02 7.793756851434152644e-02 6.738406027422306765e-01 3.538945784887435053e-01 4.390705711115722165e-01
1.175912887128145456e-01 7.199318028524650526e-01 3.900412555907091239e-01 6.923773885574439069e-01 1.281943846278695842e-01 1.658790470633105807e-01 1.121910889425603575e-01 9.514131112500096021e-01 1.314434783229543324e-01 7.842316594821155951e-01 8.433324647127768969e-01 3.159655513418406780e-01 3.530391316982370853e-01 9.703681768573023669e-01 1.487604360998224795e-01 6.120682741716378938e-01 4.917755432783996739e-01 9.565197203030426643e-01 0.000000000000000000e+00 3.688771356435929238e-01 2.718476291007688728e-01 3.363196839304387620e-01 7.804337910913443643e-01 5.973571174844221066e-01 1.697048722695360112e-02 2.656364658876276819e-01 5.870650248611947175e-01 1.202378440436794316e-01 6.479933708700835737e-01 4.519914425006207326e-01 6.605480921296728036e-01 7.293530442973156225e-01 3.825493824408833232e-01 7.305059354355645240e-01 8.675838794410553056e-01 2.977544528167386240e-02 8.103967992449510049e-01 8.138710747289457093e-01 6.473808663320609336e-01 4.142117472170518955e-01 1.257322677399164146e-02 9.848484931787586660e-01 7.189595215901933845e-02 1.193856502403233266e-01 6.157606310966173835e-01 9.908513154340078399e-01 1.829493469473721934e-01 3.728768931835403366e-01 4.667749260372638931e-01 7.807271032826383905e-01
8.883393906862694367e-01 7.839827406625377026e-01 1.151903389291696334e-01 3.415249119248559007e-01 9.675674373542993978e-01 7.697864295736199791e-01 6.656496043256261430e-01 5.592314162456525350e-01 3.424828107192109394e-01 4.877111777652307634e-01 1.039953431279327933e-02 5.786217507727871023e-01 5.128594202675107461e-02 8.814969081178599675e-01 2.182347294799084070e-01 6.684866243038580791e-01 9.345970461603949619e-01 8.574719608618067701e-01 3.688771356435929238e-01 0.000000000000000000e+00 5.300673621708895666e-02 8.511687099326087358e-01 2.166645837012900477e-01 8.321265285259283884e-01 5.480228692201244423e-01 4.620258322758360459e-01 3.000774116406692560e-01 8.229692069320931891e-01 7.174843370433592327e-02 8.248144029007409284e-01 5.484561730577194316e-01 6.345731445645336199e-01 7.150392060184355136e-01 6.186176057204940681e-01 2.118259705726773801e-01 4.290085149570922463e-01 5.780347453110432632e-01 4.515821845119400990e-01 4.570571195864030489e-01 1.124302367266726277e-01 6.541035333111819838e-01 2.818055296642770768e-01 5.365232854769084181e-01 7.461859649743970424e-01 5.517528134402209794e-01 4.556187135057337967e-01 4.081957095630883714e-02 6.185858347039896454e-02 8.920630307933585801e-01 4.394494884070747620e-01
8.396187273647073290e-01 2.115647043608676059e-01 9.839273448318786031e-02 7.642559603134223556e-01 8.787004682035300940e-01 5.667193632612487209e-01 2.230522061091777530e-01 9.882616545917938256e-01 7.273951884685492253e-02 6.671965915877925424e-01 8.967519170822946251e-01 9.429240468778946616e-01 8.683976976669542935e-01 6.065906151703751581e-01 1.499017696570633662e-01 4.305462280469292136e-01 4.887126724708273917e-01 5.037149303213440676e-01 2.718476291007688728e-01 5.300673621708895666e-02 0.000000000000000000e+00 9.172783535509291264e-01 4.632117042556728181e-01 9.528678861382788856e-02 9.716979999352579611e-01 9.103823841573930320e-01 1.090271626263805693e-02 9.332770850529290563e-01 7.915489147751181287e-01 1.589088662274370511e-01 3.180126673361545198e-01 2.691202004219398480e-01 7.776234743224919033e-01 6.957806322458303105e-01 9.300470116439548685e-01 6.863893154545026576e-01 3.891757103798481054e-01 7.658212697324207063e-01 4.300677618721659989e-01 7.018751911032716784e-02 6.602855005533311283e-01 3.406750838572232265e-01 5.621290423979918849e-01 9.646667105061114134e-01 2.264251791476789011e-01 5.609050388118734798e-01 2.624484671723447127e-01 4.733205479779860614e-01 2.320578691025192430e-01 3.963417673477886982e-01
6.764495878253012906e-01 3.896324613329196218e-01 2.458697843746859846e-02 6.610991428623699262e-01 4.479317953238310945e-01 4.734683797907615066e-01 3.560035772403292720e-01 7.570132272070598800e-01 8.136865214464750196e-01 5.617891163795727394e-01 8.069031542225696407e-01 6.741751021264131838e-01 6.800109327799584991e-01 6.359988921280792518e-01 9.215173014773176963e-01 7.871552629994821304e-01 1.533877629420018485e-01 3.586580572659909816e-01 3.363196839304387620e-01 8.511687099326087358e-01 9.172783535509291264e-01 0.000000000000000000e+00 4.842001150167301038e-01 5.048264680456215903e-02 8.226282768261280465e-01 1.125263162678545870e-01 6.865239473865780706e-01 2.511990267182717673e-02 2.949938551345647753e-01 3.758482521517031438e-01 9.427052095760474204e-01 4.989419327312972774e-01 6.186450896728560300e-01 1.450164444124372176e-01 5.318592871641236730e-01 1.104784351594623182e-01 2.046024388286145079e-01 6.449928423682452783e-01 7.430203976068427973e-01 6.779293707282684212e-01 5.365510240120540120e-01 1.474321965078633223e-01 4.191685268337759229e-01 9.250149686996599341e-01 3.256527680749639053e-01 8.141017908209636778e-01 5.815588219094613986e-02 8.430701529648266801e-01 9.110879437401445680e-01 9.660920500291800828e-01
2.444414053533305875e-01 5.597427978805493698e-01 1.023497249162499401e-01 3.154028351297664123e-01 3.433339930640545434e-01 3.194754486895214907e-01 4.010951565832741039e-01 2.336231097035113002e-02 3.138336988746387446e-01 8.099951629245651930e-01 3.356874912311109682e-01 5.520019194768129855e-01 7.050555268256470942e-01 8.699486921773714743e-01 6.017824323660747599e-01 1.750007057534866961e-01 6.088220016098654375e-01 7.237129254478913420e-01 7.804337910913443643e-01 2.166645837012900477e-01 4.632117042556728181e-01 4.842001150167301038e-01 0.000000000000000000e+00 1.623222380864122183e-01 9.322301000759737333e-01 6.792990366219257004e-01 3.901686568341321548e-01 1.488375467529698959e-01 2.999512318362610452e-01 7.451243983781086211e-01 8.199653158114088569e-01 6.030397731399257388e-01 2.131200387461030799e-01 6.105029846630444235e-01 9.652405845604844492e-01 3.233917024993554490e-01 8.695529070573873032e-01 3.462863698347685704e-01 9.369861586940736453e-01 1.999729718372117437e-01 5.378825940061332522e-01 1.685218100449988876e-01 7.648490808391945617e-01 5.901906072136233750e-01 2.428815347391055646e-01 7.357427313744945296e-01 4.868915639141914165e-01 6.124860544152326280e-01 3.417434678583646246e-01 4.665263795789000856e-01
5.434000602537991664e-02 2.189320363624289723e-01 3.048335967059840890e-01 9.594087910573627642e-01 3.424822419544999441e-01 9.832651198058238728e-01 3.125880867471875213e-02 7.952512460302765263e-01 5.546744953449925797e-01 4.398880849213937516e-01 2.250795819149074006e-01 7.809172363034888598e-02 9.772683056527128320e-01 2.815032770349565894e-01 6.246815973992392301e-01 2.323596488713093322e-01 2.751116122276832110e-01 4.285053799034332922e-02 5.973571174844221066e-01 8.321265285259283884e-01 9.528678861382788856e-02 5.048264680456215903e-02 1.623222380864122183e-01 0.000000000000000000e+00 2.919482203710259682e-01 4.802335296563677858e-01 3.457747691775499010e-01 9.831611028975226763e-01 1.807787367935068668e-01 9.600648619267435624e-01 1.805427600546702926e-01 3.194166415235352163e-01 2.265834870128169420e-01 8.769248924206531903e-01 7.112163981227614951e-01 9.922641447012414684e-02 9.905868058530887810e-01 2.627765110333503129e-01 3.714740183933884499e-02 4.026690090394994259e-01 8.509986320313479569e-01 1.281803094353076711e-01 2.378840264544975769e-01 9.815041192039222206e-01 9.841452161899096884e-01 8.996553587980272715e-01 2.046308302098961418e-01 5.047356356607818340e-01 9.823230678854339981e-01 4.432722072229040577e-01
3.541534755096753528e-01 8.064131660830849979e-01 4.926121669100025358e-02 9.726215405124816193e-01 8.659140064799053516e-02 4.947283346173633189e-01 5.938243195517082240e-01 3.831359167709147417e-01 8.227329170311485917e-01 9.091748658272535977e-02 2.998449142832161352e-01 3.245009245702330514e-01 1.821482148243838139e-01 5.277578924555390572e-01 8.428713717695539565e-01 4.507720159587924602e-02 2.045561769946980801e-01 4.705498406052979199e-01 1.697048722695360112e-02 5.480228692201244423e-01 9.716979999352579611e-01 8.226282768261280465e-01 9.322301000759737333e-01 2.919482203710259682e-01 0.000000000000000000e+00 5.955928597283194348e-01 6.404741600645179611e-01 6.365721951774160337e-01 8.104029359754594264e-01 8.541521657588534433e-01 2.925322994034307289e-01 1.829061273019670919e-01 1.562886820772716456e-01 8.641792426134571325e-01 4.059916089855154508e-01 3.581473753912437497e-01 5.513925297493139643e-01 6.674180981694928239e-01 2.118065844748451276e-02 8.144594941124515541e-01 4.689214605793801116e-02 3.665575772589324544e-02 8.926784391763950000e-01 2.195975545800999962e-01 7.883619209424387320e-01 3.927029103362166262e-01 9.698165362824443525e-01 4.645588172414947259e-01 7.327382926167163024e-01 9.022887822403204972e-01
8.923963384782210850e-01 8.426882506634048031e-02 4.396831683223956233e-01 9.157205729365921476e-01 9.580102228352793681e-01 4.981194950314704606e-01 3.523660847538936380e-01 1.322352911927257013e-01 2.592363318897339397e-02 9.840822368160828670e-01 8.335684471342386104e-02 6.864138974496679646e-01 5.454627807269397666e-01 4.111027876159970562e-01 5.649968093811003067e-01 8.303372886078114190e-01 8.645612793237986704e-01 8.777304043968058300e-01 2.656364658876276819e-01 4.620258322758360459e-01 9.103823841573930320e-01 1.125263162678545870e-01 6.792990366219257004e-01 4.802335296563677858e-01 5.955928597283194348e-01 0.000000000000000000e+00 3.093038525888602841e-02 4.636137531103895482e-01 7.039300159314665351e-01 9.309117862392851661e-01 3.421780352657286528e-01 4.328503918688030305e-01 1.650051264392456973e-01 4.346223749014964666e-01 5.560666328578081075e-01 6.246099676775407339e-02 2.282386582403694852e-02 3.640595930156526050e-01 3.278203326114597083e-01 9.732604632695274205e-02 7.958217373639888681e-01 4.333921401279031693e-01 4.273302852815787922e-01 4.094961106717959209e-01 8.647679657568618783e-01 2.713091750301077631e-02 2.592670068163180908e-01 8.981700179567615461e-01 7.836479136559879599e-01 9.894680184960444880e-01
6.601322394526482062e-01 8.104837388440705448e-01 7.611621220921714892e-01 4.154585773425855111e-01 1.100155586298104948e-01 7.529689922379145806e-02 3.589322397251353269e-01 1.284588448167401920e-01 3.452354443831162634e-01 6.518352098256428029e-01 9.073772369812368455e-01 2.334105935615021776e-01 9.475355018500941640e-02 7.546823978528680588e-01 8.488310592602673621e-01 3.988470523013981639e-01 7.601940476407952341e-01 8.291741965311490992e-01 5.870650248611947175e-01 3.000774116406692560e-01 1.090271626263805693e-02 6.865239473865780706e-01 3.901686568341321548e-01 3.457747691775499010e-01 6.404741600645179611e-01 3.093038525888602841e-02 0.000000000000000000e+00 7.069174849416315354e-01 4.058605462585077595e-01 9.385259426757138757e-01 5.740816280024171325e-01 2.956458815088222059e-01 9.285762509253845387e-01 1.429282595875868145e-01 9.726943021944866041e-01 2.025406092600479102e-01 9.881784431857991713e-01 3.325959082424401192e-01 2.930092467654150656e-01 9.194416294171796622e-01 6.723875325342939524e-01 4.179720341840814646e-01 7.295206247814449707e-01 3.915789638351665491e-01 2.840103313621167302e-01 8.979287126377544226e-02 5.382821456706623486e-01 5.301109911785256701e-01 9.878323915792690535e-01 7.665995517408128457e-01
7.750641630435314289e-01 9.792104899980279553e-01 2.598594314229014657e-01 7.283625175156085430e-01 8.808276252554141372e-01 5.763315252884670947e-02 7.077844373538599854e-02 8.178389778787200637e-01 1.252132704078037229e-01 2.156562483132777874e-01 8.834574817726917884e-01 9.701951073118930680e-01 6.995328872933803677e-01 7.298400269266558382e-01 4.013316122259069640e-02 9.228419914599246265e-01 4.707420338668982795e-01 5.177638632379339967e-01 1.202378440436794316e-01 8.229692069320931891e-01 9.332770850529290563e-01 2.511990267182717673e-02 1.488375467529698959e-01 9.831611028975226763e-01 6.365721951774160337e-01 4.636137531103895482e-01 7.069174849416315354e-01 0.000000000000000000e+00 1.692725755679233002e-01 3.047506185479681440e-01 1.744697311107215043e-01 9.274764358506981665e-01 4.681743490122628470e-01 9.500778835787593302e-02 4.212568534739736803e-01 9.613974129469885499e-01 1.453811722869008394e-01 2.997472349141635517e-01 3.251016530609048827e-01 6.445669042772804724e-01 9.822025719854432513e-02 6.915037103023902176e-02 4.402446099571167837e-01 7.289475436223559202e-01 3.077220364537553987e-01 9.541291662769262327e-01 8.724882500093024129e-01 7.512834253851711219e-01 9.894613513652027459e-01 7.535128348721911173e-01
3.079184439075277613e-02 5.185214074949932028e-01 9.721805783584499538e-01 4.493696596790391906e-01 5.248941068505270646e-01 7.558298482204359736e-01 7.768724320501381175e-01 4.257796859022874303e-01 8.568873111478007010e-01 1.756823872616599669e-01 7.349743354535851481e-01 1.790322166585444075e-01 5.238757100563870006e-01 8.664756052138290476e-01 3.743776849210511681e-02 6.219862409716062635e-01 8.183521964109442548e-01 3.520997376643444365e-01 6.479933708700835737e-01 7.174843370433592327e-02 7.915489147751181287e-01 2.949938551345647753e-01 2.999512318362610452e-01 1.807787367935068668e-01 8.104029359754594264e-01 7.039300159314665351e-01 4.058605462585077595e-01 1.692725755679233002e-01 0.000000000000000000e+00 4.281243297014779570e-01 5.401849254980849446e-01 3.488137700706209765e-01 7.417979342910037133e-01 7.260031711246326402e-01 5.242667537572220926e-01 3.699872390878321537e-01 6.511520209460097686e-01 1.512202635742277979e-01 8.482808813282314286e-01 3.297126675586723454e-01 5.101977521427449869e-01 8.144240632065937735e-01 8.832953992903800344e-01 2.539273332445621811e-01 4.820311136301546062e-01 2.905968701963548284e-01 4.885319777948625708e-01 7.689527953307997432e-01 1.352329653092302353e-01 1.201798086548265809e-01
6.579470600095524979e-01 3.348724268155528483e-01 3.579367837215265968e-01 9.298512103121830963e-01 6.738773255151255803e-01 2.385134122582421856e-01 3.165826992405873508e-01 7.017646281419830379e-01 9.913669192328634638e-01 5.882228413940193690e-02 4.927179843316346064e-01 4.058961164838854607e-01 8.351687055063492515e-01 8.723499425005398766e-01 8.294282529584597885e-01 2.709227438595929183e-01 5.514061595109988057e-01 7.454155117655022478e-01 4.519914425006207326e-01 8.248144029007409284e-01 1.589088662274370511e-01 3.758482521517031438e-01 7.451243983781086211e-01 9.600648619267435624e-01 8.541521657588534433e-01 9.309117862392851661e-01 9.385259426757138757e-01 3.047506185479681440e-01 4.281243297014779570e-01 0.000000000000000000e+00 8.677725759454424370e-02 9.909059579765651105e-01 5.802296513220253082e-01 3.019560381752833811e-01 4.145149725849592848e-01 1.506260573331952290e-02 9.605150818048869832e-01 7.038593009531840528e-01 8.508789806889147656e-01 9.430857365411682292e-01 5.364817857406691815e-01 4.544528205319119385e-01 8.549628396902538841e-01 5.289037961536728893e-01 1.758579686673388265e-01 5.757180478386333400e-01 4.306319444739076241e-01 5.861276036453056948e-01 6.437610393302869438e-01 2.192781144845770136e-01
2.939315972814793287e-02 4.850806290319529257e-01 6.478394144003274402e-01 9.648300996349390424e-01 9.103179711845459376e-01 2.546115923729639352e-01 2.905847518988271538e-01 4.948851319688924999e-01 1.041753851490911931e-01 6.162485339360076475e-01 5.092811508010751664e-01 8.372648960283994857e-01 9.600751010492580839e-01 1.474808900955787427e-01 8.942562834957311635e-01 2.002927455715813876e-01 7.534051133668506761e-02 3.278993108166206039e-02 6.605480921296728036e-01 5.484561730577194316e-01 3.180126673361545198e-01 9.427052095760474204e-01 8.199653158114088569e-01 1.805427600546702926e-01 2.925322994034307289e-01 3.421780352657286528e-01 5.740816280024171325e-01 1.744697311107215043e-01 5.401849254980849446e-01 8.677725759454424370e-02 0.000000000000000000e+00 4.309686820281620756e-01 1.521962711519972977e-01 4.656284227019548139e-01 5.972988259256295507e-02 1.112033961880758426e-01 3.454827459412351809e-01 5.662536481283850787e-01 7.790835227514925077e-01 2.442553786307576358e-01 3.752073226868655187e-01 9.600384500644298935e-02 8.844359816431224264e-02 3.629779887084217949e-01 7.826646205382089549e-01 8.709309977943747727e-01 8.510416765974000430e-01 2.242017551889656790e-01 1.406405931245293672e-01 7.469060056138295822e-01
