0.000000000000000000e+00 9.723382051099295209e-01 5.361220661152393818e-01 7.589543401429243996e-01 8.711367017020420489e-01 3.195603553146697529e-02 9.004851379861933403e-02 8.974104126422407512e-01 8.680891864470469121e-01 8.294897738528650422e-01 2.829943609164294882e-01 8.920321883095045923e-01 1.034368043689639638e-01 1.653580759313137971e-01 5.152186752826116711e-01 1.889266097815337497e-01 7.028044812077486325e-01 4.221354224026598878e-01 4.990572012496294896e-01 4.001325412207467069e-01 4.315175196661971135e-01 3.537414480173612930e-01 6.654871470999812466e-01 1.356270947008862970e-01 3.749835526366231964e-01 2.362830007515550612e-01 2.370378992602750756e-01 5.912629325152013449e-01 6.279930511545706029e-01 6.186739972863541936e-01 8.096127431932415019e-01 5.410573321942468983e-02 7.300590815544168999e-01 9.210195277211019604e-01 4.119605241970762943e-01 1.915599511867702720e-01 6.171608795421912319e-01 7.902363606645811389e-01 6.971723802335683118e-02 7.439256153495512613e-01 5.721946740343455406e-01 6.811105962793123636e-01 5.588088014577374807e-01 5.995132209138166468e-01 4.258981082632906645e-02 1.223185919793731147e-01 4.739007000742817555e-01 2.500549014082730226e-01 6.919923024896835750e-01 6.762274009198792069e-01
9.723382051099295209e-01 0.000000000000000000e+00 4.536639059595786172e-01 5.231031167928741343e-01 1.673284915018277141e-01 8.579977673362325641e-01 7.584510449935154552e-01 7.630194736307308601e-01 3.851532067013633265e-01 7.225525355811049932e-01 3.721600471519255215e-01 9.155088125629018414e-01 3.107528916995604407e-01 5.199915352000223923e-01 4.146264667574444118e-01 2.299270871152117035e-01 9.328870319964651658e-01 6.429182438614469142e-01 8.113693247736857295e-01 8.899682478144854691e-01 1.617554270407883799e-03 4.108072229756076776e-02 4.068047127345930658e-02 3.292271790736588377e-01 4.418925353327701755e-01 4.901409554348756803e-02 6.228783156430467427e-01 2.493599517345641559e-01 7.319769141692736847e-01 3.962463357122253393e-01 8.500438199092122948e-01 2.329934157764219638e-01 6.003066883214577265e-01 9.693681105022624589e-01 4.816882315996924291e-01 5.391875898539510992e-02 7.626969826644203199e-02 8.046718255179440282e-01 6.606577411038264680e-01 4.648446172903559770e-01 3.716304399779835066e-01 2.874806967749143904e-01 9.248880962723490251e-01 4.622684639018783681e-01 4.136505435228707839e-01 7.261534211776067282e-01 3.918862083137943930e-01 1.131804807695502291e-02 5.163127670472097419e-01 2.087373023498787505e-01
5.361220661152393818e-01 4.536639059595786172e-01 0.000000000000000000e+00 8.087610383559263871e-01 3.722914779196573321e-02 2.779048464205585711e-01 3.882829928733253499e-01 6.978177480140552724e-01 9.924256708288502482e-01 1.905479070175732925e-01 5.136486865710415683e-01 1.744856605770184199e-02 9.368606812194986144e-01 9.170841231130951732e-01 1.961830290981270153e-02 4.858247651361009556e-01 1.732311651628224425e-01 4.515830395889449678e-01 3.424212698820860989e-02 7.867304010268054704e-01 8.759384018328277843e-01 6.080712559097500858e-02 3.375452039060732323e-01 7.881593705659964977e-01 9.764195289759682872e-01 5.872412373901892968e-01 3.660611013104253519e-01 6.396104925458153678e-01 9.482815697171910196e-01 7.982988084368584092e-01 9.621977061196385073e-02 2.885240126614738720e-01 8.942441296850858201e-01 2.305296470071120929e-01 3.399172933130725216e-01 7.687282330596453273e-01 1.363548584403166952e-01 7.028766233043832745e-01 5.976330365932912558e-01 9.013763459093557806e-01 1.582669766686489732e-01 9.585839467545298476e-01 7.461980357853388313e-01 8.575055043884755035e-01 2.952721932333103316e-01 8.732876741536867993e-01 6.510623884533539574e-01 6.779841316760392145e-01 2.708362384705345072e-01 8.536594499967009586e-01
7.589543401429243996e-01 5.231031167928741343e-01 8.087610383559263871e-01 0.000000000000000000e+00 6.394524364163384211e-01 9.540617591763511651e-01 6.282085706865302432e-01 8.893817604215883410e-01 4.876733765193419501e-01 9.742363153345342530e-01 6.916665583740154721e-01 4.682375551082098575e-01 5.201469133560462366e-01 4.423399045160404386e-01 7.222327922559820257e-01 2.377814190812953532e-01 8.496178058848730119e-01 9.898519597540476056e-01 9.324350620534964662e-01 6.846207687025233080e-01 1.428310469008343686e-01 7.546930014547855725e-01 2.664743290212479021e-01 3.387639355115611428e-01 2.249253103762838268e-01 6.933109366726135647e-01 5.877743435786403348e-01 9.663027075932397736e-01 6.250772716551238339e-01 9.440073004273364932e-01 6.056670230577043679e-02 5.044733315566535259e-01 1.166906132894729442e-01 4.137671961758192518e-01 1.037219151726520572e-01 4.775441737111055795e-01 6.676440007424061518e-01 7.763733965037162843e-01 6.554266575149214624e-02 7.572078621075717386e-02 8.006979394111433113e-01 3.224796444573923004e-01 3.809533189418556898e-01 2.698771116318744445e-01 1.167963205672321036e-01 1.036905608587656014e-01 5.676729633172700185e-01 4.077324382199697395e-01 4.453691290257070223e-01 1.023394491495542846e-01
8.711367017020420489e-01 1.673284915018277141e-01 3.722914779196573321e-02 6.394524364163384211e-01 0.000000000000000000e+00 2.211446227025946065e-01 9.366577832220440714e-01 2.382112588581100088e-01 9.046916762384819011e-01 8.502864418935852653e-01 4.846006472786462682e-01 5.720028655307638488e-01 6.560039807395687816e-01 8.347227624056929862e-03 2.257463758639077778e-01 8.601145245628823988e-01 7.219363963447216204e-01 7.765940316048780545e-01 7.537110529199322340e-01 8.141605646621064007e-02 4.587123023923300735e-01 6.795950950830165205e-01 3.309403118268213762e-01 3.605422815499481626e-01 7.364809401065792738e-01 3.945371647995098430e-01 7.432668377638734780e-01 5.103630176736062563e-02 2.225526792575235335e-01 5.286683658513867679e-01 4.056096494924658069e-01 6.602951156681339251e-01 9.125173412852485288e-01 7.771522433187304513e-01 7.741648481737246623e-01 6.516533898877768793e-01 3.814301562465208795e-01 4.247626255127879835e-01 8.852616724379654967e-01 9.610627738030602663e-01 4.992069903271644238e-01 1.583748979491277353e-01 2.121754847039628578e-01 2.430302290023028666e-01 8.452426450462048324e-01 7.759813605014509452e-01 5.948886416589583837e-01 1.709966208319728675e-01 9.846668626777751454e-01 1.401824184566932141e-01
3.195603553146697529e-02 8.579977673362325641e-01 2.779048464205585711e-01 9.540617591763511651e-01 2.211446227025946065e-01 0.000000000000000000e+00 9.886851484291160341e-01 5.660990436313250163e-01 7.000840491909315899e-01 3.838450562207953443e-01 7.250740686588685868e-02 9.040949740698526194e-01 2.971365077686405343e-01 7.916942137044928884e-01 1.457653399896461366e-01 6.551399375368665012e-01 3.217172388414447637e-01 6.751552284422044359e-01 3.489154224321352471e-01 2.786352767058971613e-01 5.260094809830273554e-02 7.660168741891926203e-01 7.197061834964918470e-01 5.497816373850044069e-01 1.138154900144846549e-01 1.223241924100326727e-01 6.816126656769423420e-01 7.279028514161184349e-01 8.742534501882355258e-01 3.109935183828657079e-01 3.511836221016417792e-02 1.593218947391721318e-01 3.402031189278094114e-01 3.896718480103028570e-01 6.413099400312582965e-02 1.422170516742675694e-01 9.832217184110421115e-01 5.761397744975804702e-01 2.919690226103535124e-01 3.112278015758329630e-02 7.349572970961492091e-01 3.600761162880511401e-01 1.497458695364244363e-01 7.281825872486067386e-01 7.157424852875847732e-01 5.322052597929383122e-01 4.852072056921299392e-01 2.915924238107479027e-01 9.415823552506961125e-01 3.520698929999281912e-01
9.004851379861933403e-02 7.584510449935154552e-01 3.882829928733253499e-01 6.282085706865302432e-01 9.366577832220440714e-01 9.886851484291160341e-01 0.000000000000000000e+00 7.223535161579452968e-02 1.619316493119892231e-01 4.560302483391490691e-01 4.604156240471393158e-01 2.596798783118240417e-01 1.791009369419432895e-01 5.336376806746099266e-01 7.982913933170248111e-01 5.880528966988313178e-01 1.327013212418803878e-01 4.565794581491644522e-01 5.946983315997358410e-01 5.264508308888847798e-01 2.473778559106620811e-02 3.434203639255950513e-02 5.281769618950227230e-02 7.060457919969089779e-01 6.981192151695428949e-01 8.437676312263153733e-01 8.837427710747705056e-01 1.491634742800272972e-01 7.669278179909330140e-01 5.912884378253943085e-01 5.213589330439248881e-01 9.555135735046393908e-01 3.300657617994938731e-01 4.291078695320954539e-01 4.022093538039822613e-01 7.147199051130727065e-01 4.666982494433025153e-02 1.945471275534946809e-01 9.244340328640441307e-01 4.661784640990245254e-01 4.105952981630467402e-01 9.433300815466397760e-01 3.753938152127094252e-01 9.006990032670324497e-01 3.318160969725417742e-01 6.981131788729609822e-01 4.197599251738223236e-01 9.025475794432421539e-01 3.152438762509198744e-01 2.809057159352957855e-01
8.974104126422407512e-01 7.630194736307308601e-01 6.978177480140552724e-01 8.893817604215883410e-01 2.382112588581100088e-01 5.660990436313250163e-01 7.223535161579452968e-02 0.000000000000000000e+00 7.357393622325947291e-01 3.358513937006333272e-01 4.172440837835235117e-01 5.820525449000081286e-01 7.188004220630028751e-02 2.223188409949641287e-01 3.047843617570893393e-01 3.003987282461246799e-01 5.266659285779536903e-01 7.294281315153194889e-03 2.697217447826905090e-01 8.282359550336297893e-01 6.156961923202771692e-01 5.237195341738931642e-01 5.043334416738656234e-01 4.139974985338472635e-01 2.444569736471990939e-02 7.106249254689267492e-01 3.180347534164710277e-01 2.646359517866432309e-01 7.651343414799701703e-01 9.755565472203181487e-01 1.846728731008516755e-01 6.494916491583929696e-01 1.256520250443076137e-01 3.012843216811308400e-01 4.316757911655901836e-01 7.250836137623578592e-01 6.567715670531192318e-01 3.324585975199187970e-01 5.403708528810923228e-01 4.479342767831221428e-01 6.675513410181334040e-01 4.899980160537381613e-01 8.141720426545230316e-01 6.761125738646029948e-01 1.766494321640202925e-01 6.944629617988710146e-01 6.869071106214037492e-01 4.312666619623750641e-01 1.934237270078952298e-01 7.986525930098847814e-01
8.680891864470469121e-01 3.851532067013633265e-01 9.924256708288502482e-01 4.876733765193419501e-01 9.046916762384819011e-01 7.000840491909315899e-01 1.619316493119892231e-01 7.357393622325947291e-01 0.000000000000000000e+00 2.795915907184539639e-01 9.328638738004821906e-01 9.281724371209144619e-01 7.445169212687341442e-03 7.018421204910196831e-01 4.453375711620788380e-02 9.225251128946756474e-01 8.664327629866425129e-01 9.395029142278771284e-01 1.565476897549702429e-01 9.218047068963710622e-01 7.008001436212121238e-01 6.086269688387965227e-01 4.384205097885324198e-01 2.687642631683032635e-01 9.472623119199921060e-01 5.982193021185051585e-01 7.460439677173168471e-01 8.299726571371831563e-01 8.903668814673368903e-01 7.895009686358489542e-01 2.070234522814249356e-01 3.189645991588040408e-01 3.784989443323150127e-02 5.472855935404912220e-01 6.482574790259713060e-01 5.902625627729185531e-01 7.742939128024045603e-01 4.098129764807858511e-01 7.391999858349335151e-01 6.581074096364991632e-02 6.036924371494890584e-01 2.129882974039177812e-01 6.360139023141286874e-01 9.259406038835613639e-01 1.586342386122251424e-01 1.465690692645005289e-01 8.689395353028820379e-01 6.196603683956283248e-01 4.065881742324213288e-01 8.856608286316095535e-01
8.294897738528650422e-01 7.225525355811049932e-01 1.905479070175732925e-01 9.742363153345342530e-01 8.502864418935852653e-01 3.838450562207953443e-01 4.560302483391490691e-01 3.358513937006333272e-01 2.795915907184539639e-01 0.000000000000000000e+00 8.857165830956761354e-01 8.502266767100673528e-01 9.282863607448226251e-01 9.564717939530162916e-01 4.737438784898909683e-01 6.370747509252230323e-01 9.291976292799207782e-01 4.740734998651652266e-01 6.153505590098140576e-01 8.525062011994039013e-01 9.908097713709556054e-01 3.743464620135800169e-01 5.285983387974025893e-01 2.753021738073081481e-01 4.170097179991684166e-01 3.026745170120588302e-01 5.439226716075318269e-01 5.446968200549315853e-01 5.221062147249533325e-01 3.404230468356799211e-01 2.092599300581831079e-01 5.158306211308327782e-01 5.857910804323110954e-01 7.313712325807484316e-01 5.314621284213733032e-01 1.179019376009363684e-01 4.854552403299809971e-01 8.519589246335411703e-01 8.304568125696750736e-01 6.496270110294720679e-01 4.251974557466585702e-01 3.166202286714422387e-01 6.818183906643485725e-01 6.064156984859075950e-01 6.305142943230008790e-01 7.555387038192825644e-01 9.162583254418620315e-01 7.728432511643362757e-01 7.772630671955802484e-01 6.873522194337325919e-01
2.829943609164294882e-01 3.721600471519255215e-01 5.136486865710415683e-01 6.916665583740154721e-01 4.846006472786462682e-01 7.250740686588685868e-02 4.604156240471393158e-01 4.172440837835235117e-01 9.328638738004821906e-01 8.857165830956761354e-01 0.000000000000000000e+00 8.881354776065687462e-01 8.413910567708321464e-01 9.462853731905300769e-01 4.071555904285446559e-01 7.781726693992261357e-01 6.462065630916952186e-01 8.386666828425517473e-01 1.555167557710990245e-01 7.552228910253283578e-01 9.089564911000209690e-01 7.724043153149368068e-01 2.813152712254269883e-01 2.954839346168189884e-01 3.513120410657482040e-01 6.400946328298732224e-01 8.840462251914631420e-01 4.248403552980550835e-02 9.622906599419454032e-01 9.151060016690585330e-01 7.779770678355495406e-01 5.377183325641313738e-01 3.083262857096780163e-02 2.258693153342776760e-01 1.370537059887066977e-02 3.035881552324466437e-01 2.908713774169867650e-01 3.624553811190970309e-01 7.785041276927281428e-01 1.664911815748856272e-01 6.986493433517682039e-02 3.905426317249368617e-01 7.327020717708691011e-01 3.372415191876007023e-01 9.681830264917298257e-01 3.640301897924226315e-01 8.777647060005763224e-01 1.590207435738154595e-01 8.977042617906857425e-01 9.935111849508164727e-01
8.920321883095045923e-01 9.155088125629018414e-01 1.744856605770184199e-02 4.682375551082098575e-01 5.720028655307638488e-01 9.040949740698526194e-01 2.596798783118240417e-01 5.820525449000081286e-01 9.281724371209144619e-01 8.502266767100673528e-01 8.881354776065687462e-01 0.000000000000000000e+00 5.786382764644648624e-01 9.257350264492465453e-01 9.330704022793484542e-01 6.406814973931259649e-01 9.823438459947883006e-01 7.702977775915476055e-01 2.000991710884677532e-01 1.835208507909709130e-01 9.500087898761888638e-02 9.941152120844432005e-01 3.092285859074614951e-01 5.934836591498158231e-01 3.563463910315003425e-01 1.588445981577935040e-01 7.289546799408292976e-01 2.848204390838243727e-01 4.878251935651450877e-01 8.777878458558807662e-02 6.072860035157170433e-01 1.066357279931190449e-01 1.508075621017743728e-01 7.818596173575983466e-01 9.853103668696943096e-01 5.993814156647483404e-01 8.068727256739747222e-01 7.676636232862015241e-01 5.773085266371125179e-01 5.370390125633723866e-01 1.072628169493888839e-01 3.419279774113000991e-01 7.044702989456845810e-01 6.965822366267216958e-01 6.756795269905376822e-01 7.022516004771568454e-01 7.363939285024434511e-02 5.541139754020522057e-01 3.913275030946454791e-01 8.591461011617164134e-01
1.034368043689639638e-01 3.107528916995604407e-01 9.368606812194986144e-01 5.201469133560462366e-01 6.560039807395687816e-01 2.971365077686405343e-01 1.791009369419432895e-01 7.188004220630028751e-02 7.445169212687341442e-03 9.282863607448226251e-01 8.413910567708321464e-01 5.786382764644648624e-01 0.000000000000000000e+00 2.426454012054298781e-01 9.098492582916378746e-01 2.993290962343703177e-01 5.819647006276662538e-01 2.842042226903234159e-01 4.636659584098220543e-01 3.440035340571689915e-04 1.332916820657513712e-01 3.205047230536300917e-01 8.955894214379137575e-01 7.840648815424490214e-01 2.572001684251313813e-01 1.978878058616961866e-02 9.499841100510156844e-01 6.678614417322087382e-01 7.062905085744772826e-01 7.133143986199711462e-01 7.819866318202289834e-01 8.682597847805220148e-01 6.433223118793960360e-01 5.842059128007067725e-01 3.901664263908841690e-01 4.137012641524832057e-01 5.289014465923983499e-01 3.115990058529986007e-01 9.826168729010407166e-01 1.144123386240684104e-01 7.241507449473403302e-01 4.978445582327234442e-01 1.278788838025545216e-01 4.380116967246516779e-01 9.078273090443857996e-01 3.389006876081565034e-01 3.641740356123740474e-01 3.338750929568214953e-01 3.815613504491727204e-01 8.978262682646855897e-01
1.653580759313137971e-01 5.199915352000223923e-01 9.170841231130951732e-01 4.423399045160404386e-01 8.347227624056929862e-03 7.916942137044928884e-01 5.336376806746099266e-01 2.223188409949641287e-01 7.018421204910196831e-01 9.564717939530162916e-01 9.462853731905300769e-01 9.257350264492465453e-01 2.426454012054298781e-01 0.000000000000000000e+00 2.551869590929324305e-01 4.601575173156369214e-01 7.325763647833457570e-01 1.040002559954456007e-02 5.764596712381678811e-01 6.601242376591369698e-01 9.621390379195966513e-01 6.285271660677232974e-01 1.833891923827296599e-01 4.598245201860341469e-01 4.313438437753557286e-01 6.966889211442159890e-01 9.020420687326177189e-01 1.665710010497588600e-01 7.016642951437769282e-01 6.073055102412678874e-01 4.525034571003290207e-01 1.779335959264507494e-01 3.257535974485402663e-01 1.065682572537461903e-01 9.104874497032164893e-01 3.742187148632987181e-01 8.139369875324610204e-01 6.744065170638727791e-01 6.026403756619169716e-01 7.779652745434397776e-01 7.573430438478343518e-01 4.289269091968328507e-02 6.508632669724316866e-01 3.645909604047564700e-01 7.495519921941394825e-01 9.011169332122775932e-01 7.094744602757030449e-02 3.703314477309501696e-01 6.703818175948055291e-01 7.052144668238879976e-01
5.152186752826116711e-01 4.146264667574444118e-01 1.961830290981270153e-02 7.222327922559820257e-01 2.257463758639077778e-01 1.457653399896461366e-01 7.982913933170248111e-01 3.047843617570893393e-01 4.453375711620788380e-02 4.737438784898909683e-01 4.071555904285446559e-01 9.330704022793484542e-01 9.098492582916378746e-01 2.551869590929324305e-01 0.000000000000000000e+00 6.542695744811433123e-01 6.511245337802635813e-01 4.893354820369359981e-01 1.340049451246713152e-01 9.081987171321289631e-01 7.930535770197294498e-01 4.539714513050535638e-01 8.175241556560921552e-01 2.093588105711556846e-01 4.587911587660346013e-01 1.371472563019866531e-01 7.149331216721022120e-02 3.527763316561017826e-01 5.396660680220165540e-01 6.993203152262038591e-01 6.987300363178565732e-01 6.033685220822626594e-01 7.875169889531773437e-01 4.263176077894630378e-01 5.151533712251207264e-01 1.736029169173571862e-01 5.595358890350430325e-01 1.703478933802293760e-02 3.411190755385673512e-01 2.814860819130592384e-01 9.590261050046932079e-01 6.392368552898805012e-01 4.035884532769634658e-01 7.902836267751481847e-01 2.193388026543899860e-01 6.161726409554347805e-01 2.550911175625647509e-02 1.014162239709915925e-01 6.502148801695807334e-01 3.923124347414053137e-01
1.889266097815337497e-01 2.299270871152117035e-01 4.858247651361009556e-01 2.377814190812953532e-01 8.601145245628823988e-01 6.551399375368665012e-01 5.880528966988313178e-01 3.003987282461246799e-01 9.225251128946756474e-01 6.370747509252230323e-01 7.781726693992261357e-01 6.406814973931259649e-01 2.993290962343703177e-01 4.601575173156369214e-01 6.542695744811433123e-01 0.000000000000000000e+00 5.730534901625540245e-01 4.541163714907110460e-01 7.143949247832308558e-01 5.138638058920327323e-01 5.357580688470033881e-01 1.965958657799753428e-01 7.684618023717102453e-01 9.485987708483500924e-02 3.367005065243444673e-01 7.696633627613980178e-01 1.161421490429282999e-01 8.978382710187839955e-01 7.449437010884066845e-01 2.326207824566342008e-01 1.500257102668136611e-01 9.842739762454166819e-02 6.415622917446531792e-01 8.934985681608916819e-01 3.045290349362645976e-01 8.230685133521840058e-01 3.217797325190325797e-01 5.102880181260226466e-01 4.940756543915397758e-01 1.402965487858541804e-01 5.436422354493075648e-01 7.524039991005870842e-02 9.248413862966364807e-02 1.496295546527285358e-01 1.110499810763939665e-01 1.436488565113247518e-01 6.068280295066781349e-01 5.744324147799482194e-01 1.155815140423299692e-02 6.831744657613973981e-01
7.028044812077486325e-01 9.328870319964651658e-01 1.732311651628224425e-01 8.496178058848730119e-01 7.219363963447216204e-01 3.217172388414447637e-01 1.327013212418803878e-01 5.266659285779536903e-01 8.664327629866425129e-01 9.291976292799207782e-01 6.462065630916952186e-01 9.823438459947883006e-01 5.819647006276662538e-01 7.325763647833457570e-01 6.511245337802635813e-01 5.730534901625540245e-01 0.000000000000000000e+00 8.746360608961570859e-01 9.850727880565161021e-01 6.319981852566298741e-01 3.613423111691016487e-01 1.395899624183715160e-01 2.088538220761844144e-01 5.543770329961484888e-01 5.426920455992741976e-01 8.777165045042959468e-01 3.501772453129022855e-01 7.099141654008135349e-01 8.450658597655386073e-01 2.820902162869235452e-01 5.606910094599807381e-01 8.224407654581743499e-01 6.196083324943063575e-01 9.601725923819673936e-01 8.966684562081270737e-01 2.881763294823175281e-01 5.266984364507821814e-01 3.284265591173155530e-01 1.526151492718752500e-02 9.476338187906429011e-01 1.536578693772429061e-01 4.830911262630572800e-01 7.381958170693868615e-01 1.045847789061463695e-01 8.437735801692578530e-01 2.257188925151150105e-01 4.636156693809971863e-01 7.145526682151094322e-01 4.572942346354149645e-01 7.432300849404782639e-01
4.221354224026598878e-01 6.429182438614469142e-01 4.515830395889449678e-01 9.898519597540476056e-01 7.765940316048780545e-01 6.751552284422044359e-01 4.565794581491644522e-01 7.294281315153194889e-03 9.395029142278771284e-01 4.740734998651652266e-01 8.386666828425517473e-01 7.702977775915476055e-01 2.842042226903234159e-01 1.040002559954456007e-02 4.893354820369359981e-01 4.541163714907110460e-01 8.746360608961570859e-01 0.000000000000000000e+00 8.344745435036750036e-01 2.247458712714780482e-01 3.504073445712323487e-01 3.733138246856959608e-01 2.844062996250186215e-01 9.763590602630509707e-01 6.782632820765799320e-02 2.551494464598643708e-01 9.601027373895961725e-01 3.528379464721442815e-02 2.803082693202297859e-01 1.172257513523785599e-01 8.775467909588264837e-01 8.171606610479953403e-01 1.967073528143402639e-01 3.147697787837955286e-01 2.790836103264408008e-01 7.589068848963267389e-01 5.785063452841923137e-01 6.833762394119561323e-01 2.250737741316395368e-01 1.613238215161467703e-01 4.195524445381011436e-01 1.874854445171963979e-01 3.467898128104965894e-01 2.593129568222398706e-01 7.093947489691114772e-01 9.934239679524636824e-01 4.863841947811150535e-01 6.643237302117395160e-01 2.480497145222765321e-01 3.067823399062060696e-01
4.990572012496294896e-01 8.113693247736857295e-01 3.424212698820860989e-02 9.324350620534964662e-01 7.537110529199322340e-01 3.489154224321352471e-01 5.946983315997358410e-01 2.697217447826905090e-01 1.565476897549702429e-01 6.153505590098140576e-01 1.555167557710990245e-01 2.000991710884677532e-01 4.636659584098220543e-01 5.764596712381678811e-01 1.340049451246713152e-01 7.143949247832308558e-01 9.850727880565161021e-01 8.344745435036750036e-01 0.000000000000000000e+00 8.805894655761734580e-01 7.683145459435219982e-01 9.075053406780497767e-02 2.257264487280978837e-01 7.758714475523852405e-01 6.301577915618957748e-01 8.365243791643267590e-01 2.653457402831738143e-01 9.695933868166869418e-01 8.888921601936062844e-01 1.430513743070291888e-01 3.984332135353748638e-01 7.657878596038835139e-01 6.692059490163243529e-01 7.104064639357682287e-01 6.488646800392513514e-01 2.043894105399446381e-02 6.014250457953731477e-01 5.313344826729733406e-01 8.604546394490690808e-01 5.683865231853787447e-01 7.115445520442300609e-01 7.584899148404340430e-01 3.399544033949486455e-01 4.311165442354677468e-01 2.655627164164565679e-01 4.740250239976936397e-01 9.021318295284455058e-01 6.807562532562179136e-01 4.748083560618132637e-01 1.572183734526030330e-01
4.001325412207467069e-01 8.899682478144854691e-01 7.867304010268054704e-01 6.846207687025233080e-01 8.141605646621064007e-02 2.786352767058971613e-01 5.264508308888847798e-01 8.282359550336297893e-01 9.218047068963710622e-01 8.525062011994039013e-01 7.552228910253283578e-01 1.835208507909709130e-01 3.440035340571689915e-04 6.601242376591369698e-01 9.081987171321289631e-01 5.138638058920327323e-01 6.319981852566298741e-01 2.247458712714780482e-01 8.805894655761734580e-01 0.000000000000000000e+00 9.264164425363107247e-01 2.901847751991247781e-01 9.627606285571908007e-01 4.643411927220963964e-02 9.610396498014331934e-01 4.332513563093846054e-01 2.153726737312375850e-01 3.489473818755544077e-01 2.435231172657227328e-01 1.956714281370562913e-01 2.332283805117715270e-01 3.051738648992836644e-01 1.395106680935120913e-01 3.414100813917396726e-01 3.099474531386735565e-01 2.800729417151188727e-01 3.388774894484202216e-01 1.193373435582446573e-01 1.436938141602439600e-01 5.500133627651923041e-01 3.379422887868034353e-01 2.757855148676502388e-01 3.900122792887742440e-01 6.965744013738068841e-01 7.588614215617128789e-02 7.644220271447921267e-02 1.263213793641959626e-01 2.686901954437914686e-01 5.132722515906770200e-01 3.713129599463254049e-01
4.315175196661971135e-01 1.617554270407883799e-03 8.759384018328277843e-01 1.428310469008343686e-01 4.587123023923300735e-01 5.260094809830273554e-02 2.473778559106620811e-02 6.156961923202771692e-01 7.008001436212121238e-01 9.908097713709556054e-01 9.089564911000209690e-01 9.500087898761888638e-02 1.332916820657513712e-01 9.621390379195966513e-01 7.930535770197294498e-01 5.357580688470033881e-01 3.613423111691016487e-01 3.504073445712323487e-01 7.683145459435219982e-01 9.264164425363107247e-01 0.000000000000000000e+00 6.020624334202280270e-01 9.159553223289983448e-01 5.201327833465954065e-01 3.534237652824006037e-01 4.790661195372082348e-01 8.937052629130266546e-01 3.456972886890429253e-01 8.082179941994572792e-01 8.149924536116534002e-01 1.804653497475166013e-01 4.074386185082851108e-01 1.742881706297427780e-02 5.880552906923252054e-01 1.261433663290789653e-03 8.295372250509622791e-01 2.004962096629447910e-01 4.743190031148991626e-01 9.691823989537384776e-03 4.452902362313790885e-01 9.905811735154974595e-01 4.004053095962070152e-01 6.765147188388442867e-02 3.688369110123779215e-01 5.705804531716271999e-01 7.845176615233209194e-01 6.146770280770300632e-01 1.651337588825777525e-01 4.499320220874704068e-01 5.164315563889589900e-01
3.537414480173612930e-01 4.108072229756076776e-02 6.080712559097500858e-02 7.546930014547855725e-01 6.795950950830165205e-01 7.660168741891926203e-01 3.434203639255950513e-02 5.237195341738931642e-01 6.086269688387965227e-01 3.743464620135800169e-01 7.724043153149368068e-01 9.941152120844432005e-01 3.205047230536300917e-01 6.285271660677232974e-01 4.539714513050535638e-01 1.965958657799753428e-01 1.395899624183715160e-01 3.733138246856959608e-01 9.075053406780497767e-02 2.901847751991247781e-01 6.020624334202280270e-01 0.000000000000000000e+00 7.875424873548879656e-01 1.583002888097303495e-01 8.098023278886057330e-01 9.428854579257469615e-01 8.287675123920905662e-01 9.936905481584228372e-01 7.588307516606259684e-01 5.875296854232099353e-01 4.042225762570372805e-02 9.555164569072024383e-01 6.223563992632480391e-01 1.361740034501625063e-01 4.086830944014911982e-01 7.002486452256968530e-01 3.486803144662526943e-01 4.793547923559871027e-01 7.453673639083646663e-02 8.169098599358639579e-01 4.922884895774365388e-01 9.281596783761500991e-01 1.100481693974518782e-01 3.697536353150487898e-02 1.243876505892294038e-01 6.932699145706855415e-02 5.277114664435510472e-01 7.498122537620041106e-01 6.545702488342590719e-01 1.998011100006754637e-01
6.654871470999812466e-01 4.068047127345930658e-02 3.375452039060732323e-01 2.664743290212479021e-01 3.309403118268213762e-01 7.197061834964918470e-01 5.281769618950227230e-02 5.043334416738656234e-01 4.384205097885324198e-01 5.285983387974025893e-01 2.813152712254269883e-01 3.092285859074614951e-01 8.955894214379137575e-01 1.833891923827296599e-01 8.175241556560921552e-01 7.684618023717102453e-01 2.088538220761844144e-01 2.844062996250186215e-01 2.257264487280978837e-01 9.627606285571908007e-01 9.159553223289983448e-01 7.875424873548879656e-01 0.000000000000000000e+00 1.545527795416943295e-01 2.611961630780552657e-01 6.229749538055034952e-01 8.181963963901118797e-01 8.720471671205288766e-01 3.641200658844132576e-01 6.332250735399557184e-01 8.746307232281639310e-01 8.711814842598681885e-01 4.216232924044649444e-01 4.942797093399855513e-01 4.576581807257147361e-01 2.095164438049584854e-01 1.468609331674745055e-01 2.871366186759407579e-01 7.088214619913481007e-01 7.806768651085569388e-01 3.449773830059464919e-01 4.408625705908822967e-01 8.344628100807613968e-01 7.226569461036382869e-01 5.131842753384043831e-01 2.098413994513329550e-01 2.906846388218417010e-01 4.020686626184364343e-01 4.234853942890894896e-01 4.896056915884642313e-01
1.356270947008862970e-01 3.292271790736588377e-01 7.881593705659964977e-01 3.387639355115611428e-01 3.605422815499481626e-01 5.497816373850044069e-01 7.060457919969089779e-01 4.139974985338472635e-01 2.687642631683032635e-01 2.753021738073081481e-01 2.954839346168189884e-01 5.934836591498158231e-01 7.840648815424490214e-01 4.598245201860341469e-01 2.093588105711556846e-01 9.485987708483500924e-02 5.543770329961484888e-01 9.763590602630509707e-01 7.758714475523852405e-01 4.643411927220963964e-02 5.201327833465954065e-01 1.583002888097303495e-01 1.545527795416943295e-01 0.000000000000000000e+00 7.830401448778906426e-01 2.969082210578587455e-01 7.461782557160531182e-01 7.376049161217032024e-01 5.330136430345172593e-01 3.745984153966430696e-01 1.702705583559885882e-01 7.115344774605000255e-01 1.428252759713313225e-01 6.171674580307429103e-01 6.247606709543570558e-01 7.264488992721603866e-01 1.589912039529546295e-01 3.290054641654327483e-01 7.421553380338289374e-01 7.836065510576660786e-01 9.406175625825621278e-01 7.272048331061976567e-01 6.853358256924447778e-01 1.912376989770578906e-01 5.672422186391588017e-01 6.360553373382218378e-01 3.405307063243946386e-01 8.611647322167839125e-01 7.624114599141004200e-01 7.203017516106635654e-02
3.749835526366231964e-01 4.418925353327701755e-01 9.764195289759682872e-01 2.249253103762838268e-01 7.364809401065792738e-01 1.138154900144846549e-01 6.981192151695428949e-01 2.444569736471990939e-02 9.472623119199921060e-01 4.170097179991684166e-01 3.513120410657482040e-01 3.563463910315003425e-01 2.572001684251313813e-01 4.313438437753557286e-01 4.587911587660346013e-01 3.367005065243444673e-01 5.426920455992741976e-01 6.782632820765799320e-02 6.301577915618957748e-01 9.610396498014331934e-01 3.534237652824006037e-01 8.098023278886057330e-01 2.611961630780552657e-01 7.830401448778906426e-01 0.000000000000000000e+00 4.788403183492259130e-01 1.747365749936391488e-03 2.610397103639374716e-01 9.730099738930886311e-02 3.591905140768006932e-01 3.382089625574642433e-01 2.682293364072884101e-01 2.094404854466247468e-02 4.743103966425140650e-01 2.422722081287382867e-01 8.995570253911949754e-01 2.182732438128563990e-01 9.034627352869847305e-01 5.186807599204008579e-01 7.947364492045595474e-01 1.635329165675896146e-01 3.359079370219979488e-01 8.073311873514211756e-01 1.519551801563189253e-01 8.822043687263438905e-01 5.694774761244320027e-01 1.978671109732504929e-01 7.878075574959624294e-01 2.286144294895907647e-01 8.857598892751313846e-01
2.362830007515550612e-01 4.901409554348756803e-02 5.872412373901892968e-01 6.933109366726135647e-01 3.945371647995098430e-01 1.223241924100326727e-01 8.437676312263153733e-01 7.106249254689267492e-01 5.982193021185051585e-01 3.026745170120588302e-01 6.400946328298732224e-01 1.588445981577935040e-01 1.978878058616961866e-02 6.966889211442159890e-01 1.371472563019866531e-01 7.696633627613980178e-01 8.777165045042959468e-01 2.551494464598643708e-01 8.365243791643267590e-01 4.332513563093846054e-01 4.790661195372082348e-01 9.428854579257469615e-01 6.229749538055034952e-01 2.969082210578587455e-01 4.788403183492259130e-01 0.000000000000000000e+00 7.764626765287482302e-01 7.963053483857129855e-01 7.800174004610400669e-01 9.298688145271726269e-01 9.782840616005942236e-01 8.000294892604491448e-01 1.100000474499468472e-01 2.586373302985340850e-01 8.250317683906643884e-01 7.433137516117901411e-01 4.524874724274063897e-01 8.932713846261729485e-01 7.561097126207759755e-01 8.000016085260438503e-01 9.835504063970347266e-01 5.851356591379398564e-01 6.247513283189620736e-04 6.131347615408029306e-01 8.009771047728709847e-01 8.515929860780147020e-02 6.928639804769562982e-01 8.315822839303661507e-01 4.524628992582045983e-01 1.703777209956579552e-01
2.370378992602750756e-01 6.228783156430467427e-01 3.660611013104253519e-01 5.877743435786403348e-01 7.432668377638734780e-01 6.816126656769423420e-01 8.837427710747705056e-01 3.180347534164710277e-01 7.460439677173168471e-01 5.439226716075318269e-01 8.840462251914631420e-01 7.289546799408292976e-01 9.499841100510156844e-01 9.020420687326177189e-01 7.149331216721022120e-02 1.161421490429282999e-01 3.501772453129022855e-01 9.601027373895961725e-01 2.653457402831738143e-01 2.153726737312375850e-01 8.937052629130266546e-01 8.287675123920905662e-01 8.181963963901118797e-01 7.461782557160531182e-01 1.747365749936391488e-03 7.764626765287482302e-01 0.000000000000000000e+00 3.309506496313437962e-01 6.738031899721882434e-01 8.616168857845419859e-01 1.573634199702038661e-01 9.808863522494566389e-01 1.930160965981703169e-01 3.951628677595929728e-01 7.698580095501766918e-01 8.573287574890767759e-01 8.540287513801144703e-01 7.664611799855193253e-01 8.249176356204687144e-01 1.956089207376086048e-01 8.708161761409686230e-01 9.050568171130454198e-01 8.225793960945360084e-01 9.149652968145729481e-01 2.455412463042159210e-01 5.105810121795678613e-01 2.579960989769858326e-02 1.297875285026737213e-01 8.807492027563385006e-01 5.819742012147632870e-02
5.912629325152013449e-01 2.493599517345641559e-01 6.396104925458153678e-01 9.663027075932397736e-01 5.103630176736062563e-02 7.279028514161184349e-01 1.491634742800272972e-01 2.646359517866432309e-01 8.299726571371831563e-01 5.446968200549315853e-01 4.248403552980550835e-02 2.848204390838243727e-01 6.678614417322087382e-01 1.665710010497588600e-01 3.527763316561017826e-01 8.978382710187839955e-01 7.099141654008135349e-01 3.528379464721442815e-02 9.695933868166869418e-01 3.489473818755544077e-01 3.456972886890429253e-01 9.936905481584228372e-01 8.720471671205288766e-01 7.376049161217032024e-01 2.610397103639374716e-01 7.963053483857129855e-01 3.309506496313437962e-01 0.000000000000000000e+00 7.979450608197816708e-01 2.686070092030720113e-01 1.508001688236726423e-02 2.471284076397053386e-01 5.391077588010226851e-01 1.765540441873323374e-01 5.938786770996917763e-01 4.803086240051123168e-01 1.781697342254299210e-01 3.351388642073049873e-02 2.763002040050177577e-02 8.819432556914481580e-01 3.387308905894248490e-02 3.886673023071587352e-01 4.906380828174763398e-01 5.915827998062204163e-01 9.601687398800229367e-02 9.135591241182797750e-01 9.976801765650865628e-01 4.987551378423754622e-01 4.896109731427871203e-01 6.154233289754733605e-01
6.279930511545706029e-01 7.319769141692736847e-01 9.482815697171910196e-01 6.250772716551238339e-01 2.225526792575235335e-01 8.742534501882355258e-01 7.669278179909330140e-01 7.651343414799701703e-01 8.903668814673368903e-01 5.221062147249533325e-01 9.622906599419454032e-01 4.878251935651450877e-01 7.062905085744772826e-01 7.016642951437769282e-01 5.396660680220165540e-01 7.449437010884066845e-01 8.450658597655386073e-01 2.803082693202297859e-01 8.888921601936062844e-01 2.435231172657227328e-01 8.082179941994572792e-01 7.588307516606259684e-01 3.641200658844132576e-01 5.330136430345172593e-01 9.730099738930886311e-02 7.800174004610400669e-01 6.738031899721882434e-01 7.979450608197816708e-01 0.000000000000000000e+00 7.153777526316114077e-01 9.885575879141248468e-01 9.634518413868097264e-01 9.283464728522931031e-01 5.013421420396911854e-01 7.497147242654682575e-01 7.921695233338729158e-01 6.420045992452708683e-01 9.137372656136638627e-01 2.966407397917601996e-01 8.971253777846488475e-01 9.186076226570982772e-02 7.697404262700362487e-01 2.472469915207669011e-01 6.542544385534544427e-01 1.936924268374508040e-01 9.757860044315496140e-01 2.871396657568990873e-01 9.755149323080203327e-01 1.533248379492007096e-01 8.943672593921249137e-01
6.186739972863541936e-01 3.962463357122253393e-01 7.982988084368584092e-01 9.440073004273364932e-01 5.286683658513867679e-01 3.109935183828657079e-01 5.912884378253943085e-01 9.755565472203181487e-01 7.895009686358489542e-01 3.404230468356799211e-01 9.151060016690585330e-01 8.777878458558807662e-02 7.133143986199711462e-01 6.073055102412678874e-01 6.993203152262038591e-01 2.326207824566342008e-01 2.820902162869235452e-01 1.172257513523785599e-01 1.430513743070291888e-01 1.956714281370562913e-01 8.149924536116534002e-01 5.875296854232099353e-01 6.332250735399557184e-01 3.745984153966430696e-01 3.591905140768006932e-01 9.298688145271726269e-01 8.616168857845419859e-01 2.686070092030720113e-01 7.153777526316114077e-01 0.000000000000000000e+00 2.804435029897347498e-01 1.793919353317081633e-01 2.951810264001455408e-01 3.693963512479663258e-01 3.447776334292882439e-01 6.796916330192126487e-01 5.857059273771778596e-01 8.058101533671403471e-01 4.840200764212750917e-01 7.344015117661133463e-01 7.032253978850988574e-01 3.374628896966398450e-01 2.367246438942686160e-01 6.888577797757772236e-01 1.686171353850581811e-01 4.388488965329755409e-01 4.391396434696202000e-01 8.529551716900222180e-01 3.155232772636840100e-02 4.319652745701715313e-01
8.096127431932415019e-01 8.500438199092122948e-01 9.621977061196385073e-02 6.056670230577043679e-02 4.056096494924658069e-01 3.511836221016417792e-02 5.213589330439248881e-01 1.846728731008516755e-01 2.070234522814249356e-01 2.092599300581831079e-01 7.779770678355495406e-01 6.072860035157170433e-01 7.819866318202289834e-01 4.525034571003290207e-01 6.987300363178565732e-01 1.500257102668136611e-01 5.606910094599807381e-01 8.775467909588264837e-01 3.984332135353748638e-01 2.332283805117715270e-01 1.804653497475166013e-01 4.042225762570372805e-02 8.746307232281639310e-01 1.702705583559885882e-01 3.382089625574642433e-01 9.782840616005942236e-01 1.573634199702038661e-01 1.508001688236726423e-02 9.885575879141248468e-01 2.804435029897347498e-01 0.000000000000000000e+00 4.405057421574498644e-02 2.977583997143873340e-03 8.041706892501444548e-01 7.828874814468114174e-01 6.202175196853556560e-01 7.702273878340402113e-01 4.769634306116333766e-01 2.896000477408435803e-01 1.124689500132414199e-01 9.531218806410191036e-02 1.537095092308414790e-01 2.985579348862754667e-01 8.969833131855664554e-02 7.432164791965494288e-01 9.940872315795542535e-01 5.929781069598993870e-02 9.707547860434606601e-02 6.591209777876052556e-01 2.271912855854678615e-01
