0.000000000000000000e+00 4.435937818042072767e-01 3.154942685645407696e-01 4.170364478870880465e-01 7.122310244977256843e-01 7.177527840424702266e-02 3.662243669075311292e-01 9.950783712213280285e-01 9.870991486134017556e-01 7.117129817951289850e-01 4.304381055099398834e-01 8.117054470614394335e-01 6.129300849465071366e-01 5.500295677882319767e-01 4.042574006639215733e-01 7.056112625857271503e-01 2.947135984230376815e-01 3.694507247822628182e-01 8.653154164404873727e-01 4.152914592765513113e-01 1.406749839007559455e-02 6.508435084732164810e-01 9.711666244010284110e-01 6.539789334612030602e-01 5.027246113285774864e-01 6.732355263969813652e-01 8.388739732668286653e-01 1.068997066118824169e-01 3.637925151034449023e-01 2.109863817848839362e-01 9.030263311999833231e-01 1.692899600987396447e-03 6.512451296712264970e-01 9.727497891970503519e-01 2.718725894602107562e-01 3.521992755418290599e-02 8.251868683216022626e-01 5.540432656634619590e-01 6.596839081808252292e-01 3.159051397268035632e-01 2.577211700809606265e-01 9.659949103811367177e-01 9.473394584926748685e-01 2.701471863234590209e-01 6.974782190549279060e-01 6.750743015069892161e-01 1.096292872255388851e-02 1.887093202653647994e-01 7.042320395649543929e-01 4.443019389530860064e-01
4.435937818042072767e-01 0.000000000000000000e+00 1.644084972489548990e-01 7.537033552330548725e-01 9.826057860796370003e-01 8.322494489751659508e-01 4.762832097377103224e-01 3.010805922874626450e-02 1.322493855723710920e-01 8.039059484663679811e-01 3.302808227576886635e-01 2.195365609994578415e-01 9.302335712074912832e-01 1.183944816929947130e-01 1.695002945048279530e-01 4.900664779626796586e-01 1.017180139260620564e-01 9.132431986273881197e-02 3.706231073365718887e-01 7.301622060803096836e-01 4.639548741952024269e-01 2.665275456989129044e-01 2.290447602535566896e-01 1.908335920925088303e-01 1.551274283885947236e-01 1.375756477984410031e-01 9.116676302508029961e-01 9.735070698027414871e-01 7.744358268176203541e-01 7.628991374994812391e-01 6.530145606250096213e-01 8.799489254992856058e-01 5.269057024460486183e-01 3.186718338841205700e-01 9.264007637055823308e-01 2.116292180138922285e-01 7.515179390295575468e-01 4.516370950684864827e-01 8.663999198581372463e-01 7.382935433917042767e-01 5.488447781608252196e-01 3.489780533731647871e-01 9.989807557434116081e-01 9.793450749914768272e-01 3.560853282432443478e-01 3.602505622286461540e-01 8.438770883883186524e-01 5.478787744043867036e-02 4.367522182187749680e-01 6.511212502034341432e-01
3.154942685645407696e-01 1.644084972489548990e-01 0.000000000000000000e+00 6.586000136257667004e-01 9.543598906967257767e-01 4.898500298915633433e-01 7.323087000412773495e-01 5.759095696057142666e-01 9.890724872843992266e-02 1.938563414846371513e-01 2.356709935388175969e-01 7.980947071784807445e-01 4.766001147185857656e-01 7.214326622218287799e-01 2.374856393304914937e-01 6.014951947534612486e-01 3.153813505035388820e-01 8.002946047699178722e-01 6.527761388411240651e-01 6.850399467367098705e-01 2.682003720461341167e-01 3.487101055443559972e-01 6.674703680460282174e-01 7.415316931486715113e-01 8.709317484205059134e-01 3.674894076870107718e-01 2.902077046120055126e-01 1.945526333891354209e-01 6.152078257072316481e-01 2.500643186534922124e-01 6.495456553951354239e-01 8.172530153972221711e-01 5.022077622035252542e-01 2.383290688681291014e-01 6.909793812998448193e-01 1.250798093127036825e-01 5.224477442980913766e-01 7.300995509739610645e-01 9.016511558975301988e-01 5.750912654126699719e-01 6.586829876562972919e-01 6.669329766437271934e-01 5.439377036339470006e-01 9.963909287439116635e-01 6.309193254815286256e-01 8.281845427995419007e-01 6.474730135201944847e-01 9.032571236228887912e-01 4.271435877128543224e-01 1.764551055056730045e-01
4.170364478870880465e-01 7.537033552330548725e-01 6.586000136257667004e-01 0.000000000000000000e+00 2.310786305506583593e-01 5.576514291814572699e-01 8.985509079596963877e-01 5.181065902933439382e-01 4.216174486044177439e-01 7.365392369666546868e-01 7.004455542044646377e-01 6.777762323548690571e-01 1.161638869713317312e-01 3.645698256817585525e-01 7.954050496422127026e-01 1.609970239748383936e-01 4.560660878503479676e-01 6.901158403658393947e-01 8.757446081966976381e-01 6.897748565610551941e-01 1.574575972799234780e-01 2.270253484703325109e-01 6.451765477614068711e-02 1.374547631185132346e-01 6.155781360582119888e-01 3.930826592100493677e-01 7.136806016989198920e-01 6.888339631202148317e-01 8.929424275172499481e-01 1.201487052037579772e-01 4.634544233375452738e-01 3.129844538037829249e-02 3.253758687923629100e-01 2.254099713841093422e-01 4.133569445763429773e-01 4.166551494874154438e-01 6.210378467454071849e-01 3.860160928155833560e-01 4.417224009570291932e-01 3.883771887926344979e-01 6.434088936428833394e-01 1.457228200503144500e-01 5.838629375093722373e-01 2.739459835971271850e-01 3.112907380407110569e-01 5.525914404751874898e-02 8.501440918904439314e-01 2.815552724655457917e-01 9.679509452737979913e-01 6.024548978593188275e-01
7.122310244977256843e-01 9.826057860796370003e-01 9.543598906967257767e-01 2.310786305506583593e-01 0.000000000000000000e+00 5.886297891898423229e-01 6.438453530654463242e-01 1.848971536232683066e-01 3.730525531150579166e-01 8.963413574526742922e-01 2.627547618054929535e-01 6.423031758679244030e-01 7.949507462823457438e-02 4.536288983009556519e-01 4.549202399552619847e-01 4.159231828731130287e-01 2.019371330400200337e-01 8.416175660125709834e-01 3.092131250393211905e-01 7.443514383569510562e-01 9.110321307900007826e-01 1.046114007054690376e-01 8.672310037939379157e-02 2.216219904648515371e-01 8.120202267535290286e-01 6.139742710266671288e-01 1.242150647976236755e-02 9.733320535649113703e-01 3.725770981165549278e-01 7.531312734271954357e-01 9.738333533278091814e-01 4.520458320212411563e-01 2.137324026092880525e-01 3.447420260972369199e-01 3.586237779188482522e-01 1.757948239790765310e-01 5.072789846383463086e-01 1.571188728494643527e-02 1.529062763047317475e-01 6.014705568948072179e-01 8.060398361809163470e-01 8.909061193110404675e-01 6.676395598940274567e-01 3.272203880619743988e-01 2.240244120342411716e-01 2.184094337786173234e-01 5.481882653023890661e-01 9.198209759344579961e-01 9.767244225815071568e-01 8.100107693781952722e-01
7.177527840424702266e-02 8.322494489751659508e-01 4.898500298915633433e-01 5.576514291814572699e-01 5.886297891898423229e-01 0.000000000000000000e+00 1.669153033983845624e-01 8.668222283336639578e-01 3.497058760492736118e-01 9.739053919085907118e-01 3.265089516965299365e-01 1.410125423184546145e-01 6.334868488583443868e-01 4.957107988922558883e-01 3.026066618262660546e-01 5.654231503454302254e-01 7.001054678814766508e-01 9.091805110039035132e-01 4.761041779251924400e-01 9.633957666886265869e-01 7.050077912069080410e-01 7.974971902502625554e-01 1.138546866334133600e-01 3.082688874571939408e-01 9.818789045195507326e-01 2.005617449471831515e-01 5.542696668135789206e-01 2.328649631790450369e-01 5.050266829395574364e-01 7.073240293528522127e-01 9.653949522240433678e-01 4.537865551117323815e-01 4.186893352675569169e-01 6.302504044698284957e-01 8.611038398802211002e-01 6.236137775026417973e-02 4.703180201780079450e-01 2.726208766757686197e-01 3.591320489569245211e-01 1.728904032676518154e-01 6.879746361375528307e-01 9.028829880276113551e-01 4.829523163587012835e-02 4.129399197069352212e-01 2.742150213437926087e-01 7.038575405538444185e-01 1.606266994818028593e-01 7.530628894505803084e-01 8.997109916116410311e-01 5.860724568679456237e-01
3.662243669075311292e-01 4.762832097377103224e-01 7.323087000412773495e-01 8.985509079596963877e-01 6.438453530654463242e-01 1.669153033983845624e-01 0.000000000000000000e+00 9.701550414401712841e-01 9.648571389218858485e-01 8.364915834579872422e-01 1.972603379413678804e-01 3.094307072624727928e-01 7.623295606679991732e-01 9.282313763680153373e-01 9.200668127227956683e-01 9.084888505406111259e-01 4.347013970304025587e-01 1.076399561741488986e-01 1.691497044774477043e-01 7.430600778000997497e-01 3.680945942457303222e-02 5.362458237046074938e-02 5.243276918506651896e-01 4.920588122302440581e-01 3.227335627522454065e-01 8.449416151413858822e-01 2.903222851503128865e-01 4.188887839931495494e-01 7.173064000563512677e-01 3.538879033137112273e-01 6.004215718356517018e-01 3.284934207995913180e-01 7.904991028365648820e-01 1.154573943635600619e-01 7.453992310067089067e-01 5.185978697836600704e-01 3.569653955588345529e-01 8.678285902249873729e-01 5.208215139319110065e-01 2.630259938475056902e-01 7.904575181058562938e-01 7.738624354437153574e-01 3.757837026451653628e-01 2.206985507468692820e-01 5.873443169040796219e-01 5.953988401810240694e-01 2.719649227788745183e-01 6.957026398291001890e-01 6.761379357805442636e-01 3.367064592371750154e-01
9.950783712213280285e-01 3.010805922874626450e-02 5.759095696057142666e-01 5.181065902933439382e-01 1.848971536232683066e-01 8.668222283336639578e-01 9.701550414401712841e-01 0.000000000000000000e+00 8.999500336754906460e-02 3.936662621051648658e-01 8.335255406924694244e-01 9.086925318662332218e-01 2.501493203157744150e-01 4.237123213302402824e-01 2.925363745355969991e-01 1.142303128465977924e-01 7.660616633938865938e-02 1.202122163159214940e-01 8.828317428722061155e-01 4.295804793777255881e-01 8.289384655596755413e-01 8.490819254130774763e-01 8.689108999421587542e-01 4.330515278112284649e-01 5.058603429390652328e-01 3.726514623117574976e-01 6.773984542416071619e-01 1.096098121957266303e-01 5.667005510128675372e-02 4.443500739069140559e-01 6.656928679452454034e-01 8.941852228434631344e-01 1.081865501707787169e-01 4.764293204624789890e-01 2.645180578122379167e-01 6.375039267652448105e-01 4.449517911351237309e-01 3.504634131009978226e-01 3.389864007257594736e-01 3.468078701548439335e-01 5.144750056360837265e-01 7.107295301735200299e-01 3.546732058839605628e-01 6.504645170022286260e-01 2.143723865130600092e-01 3.225717757734253288e-01 3.137728257894799588e-01 5.856696445318664290e-01 4.490496339392474612e-01 1.331374992381955114e-01
9.870991486134017556e-01 1.322493855723710920e-01 9.890724872843992266e-02 4.216174486044177439e-01 3.730525531150579166e-01 3.497058760492736118e-01 9.648571389218858485e-01 8.999500336754906460e-02 0.000000000000000000e+00 4.029849706492975026e-01 3.480451103006834135e-01 1.359062945057776250e-02 3.580017904539153362e-01 9.242281602312487632e-01 4.708062406679566214e-01 8.682213818838651065e-01 2.064311753955403450e-01 9.063507805624889668e-01 5.161359549939411595e-01 2.627576576544149445e-01 2.789730766988076649e-01 7.384405528025306253e-01 7.204229156919502719e-01 6.042408652410544700e-01 2.320953185323703094e-01 8.911020123979284113e-01 2.818136429969788637e-01 6.189246033482141973e-01 2.883366120355383977e-01 9.116021739352839770e-01 9.976906474082736231e-02 1.447519250652778977e-01 4.606431922065343798e-01 2.044648613742059418e-01 7.273710681360932018e-01 6.035142606201571169e-02 6.169769012562906774e-01 6.873092243410839908e-01 1.488128360602760658e-01 1.910989260410060897e-01 6.778065765461679382e-01 5.044320235421801968e-01 9.673189878846853995e-01 5.622645594353008480e-01 9.439668346694605194e-01 9.897176701453568315e-01 2.468472176113167826e-02 8.608620845569442404e-01 3.048404114643726848e-01 4.978258680289036064e-01
7.117129817951289850e-01 8.039059484663679811e-01 1.938563414846371513e-01 7.365392369666546868e-01 8.963413574526742922e-01 9.739053919085907118e-01 8.364915834579872422e-01 3.936662621051648658e-01 4.029849706492975026e-01 0.000000000000000000e+00 9.003513275968566543e-02 7.014356514545414534e-01 7.905127281663881789e-02 5.658058481733407863e-01 6.993929838918876429e-01 8.791796901075408233e-01 2.301267359477829899e-01 5.632510865333149042e-01 2.693801503718153967e-01 7.035932141719308808e-01 8.197811576774156617e-01 4.570317189198499497e-01 5.689677863087979626e-01 1.573554582737434204e-01 6.251385848741278783e-01 6.328274407002469903e-01 7.644382452473251766e-01 9.439047744326914957e-01 8.020399981404204848e-01 7.881278110679023063e-01 5.308694136407987596e-02 6.147196398434551234e-01 8.716375706514984945e-01 1.657031329163070055e-01 7.970570078599332753e-01 8.468484068427980516e-01 3.722394330007074981e-01 3.688469820797551924e-01 2.668792032943737569e-01 2.201671952656140130e-01 3.858901878495704096e-01 1.516201077330516789e-01 3.061928194276088977e-01 7.829840435848093305e-01 2.656716758564378056e-01 2.491872302493485236e-01 5.676022400893481201e-01 2.728113714420579150e-01 6.578641796053696922e-01 1.189594352295657576e-01
4.304381055099398834e-01 3.302808227576886635e-01 2.356709935388175969e-01 7.004455542044646377e-01 2.627547618054929535e-01 3.265089516965299365e-01 1.972603379413678804e-01 8.335255406924694244e-01 3.480451103006834135e-01 9.003513275968566543e-02 0.000000000000000000e+00 6.531402560114033529e-01 4.833825111732208413e-01 3.527226625653513414e-01 6.072229759398302118e-01 2.236115036765324859e-01 6.818835513709492480e-01 3.128940747881845397e-01 3.373258041964022347e-01 8.780799114780333259e-01 1.082507764600556532e-01 5.317345501937376095e-02 6.511501846311817943e-01 9.717760297997453112e-01 9.632207800376701989e-02 4.594114795305598298e-01 9.730329776624124793e-02 8.064060265154738838e-01 6.039704350705766833e-01 2.552178022110118683e-02 1.555544481752098029e-01 8.583094011075238505e-01 9.302349312620066257e-01 6.631676799209571538e-01 1.335229652203614448e-01 9.358195179779041917e-01 8.428800336596575793e-01 8.639881930451676073e-02 1.446115591767493935e-02 6.289980896721975023e-01 9.364632444721188165e-02 2.024851877505120523e-01 5.462866598643334459e-01 5.837591923401035388e-01 1.409017573832475057e-01 8.339935944383429778e-01 9.194268675606700469e-01 1.775259369734558668e-01 5.246095566451942638e-01 5.418800265945193928e-01
8.117054470614394335e-01 2.195365609994578415e-01 7.980947071784807445e-01 6.777762323548690571e-01 6.423031758679244030e-01 1.410125423184546145e-01 3.094307072624727928e-01 9.086925318662332218e-01 1.359062945057776250e-02 7.014356514545414534e-01 6.531402560114033529e-01 0.000000000000000000e+00 3.002534123799802668e-01 2.623779657476619231e-01 6.464609998061161544e-01 1.536702966920455715e-01 3.159036686673093453e-01 5.755655773791932273e-01 4.746491645619954625e-02 7.929470435287870878e-01 7.999235233761091690e-01 9.607565501048432877e-01 8.643638486675714327e-01 5.011349274561132106e-01 7.721181437792155045e-01 4.705331009122822872e-01 3.310445821456868831e-01 3.712207029242940992e-01 8.437907330639871084e-03 5.281243020158010726e-01 7.321406482692758289e-01 7.257868166402901000e-01 9.835235218879693209e-01 2.435774151772146512e-01 3.344182631036196618e-03 9.388723738949676934e-01 4.200162278485878309e-01 9.307650922978299990e-01 8.038022121102570416e-01 2.317572699838077455e-01 1.486583017398992457e-01 8.089943343740437776e-01 9.045451193903453202e-02 3.944239403925037246e-01 5.099412526247096844e-01 2.200144669975623302e-01 1.277234173062639089e-01 3.747394916690102162e-01 2.769828961532853073e-01 5.718762730087284529e-01
6.129300849465071366e-01 9.302335712074912832e-01 4.766001147185857656e-01 1.161638869713317312e-01 7.949507462823457438e-02 6.334868488583443868e-01 7.623295606679991732e-01 2.501493203157744150e-01 3.580017904539153362e-01 7.905127281663881789e-02 4.833825111732208413e-01 3.002534123799802668e-01 0.000000000000000000e+00 8.154154136796388785e-01 6.102147026706850053e-02 1.349166022433277989e-01 3.294995674068097458e-01 9.670836767373268694e-01 5.197455182673451635e-01 2.053766403563752618e-01 6.755476710697017051e-02 4.996858975789906232e-01 3.981242150901421750e-01 8.259904565744252691e-01 1.538950440240779427e-01 6.953033125121754754e-01 2.936622231257502991e-01 6.728290589520942167e-01 9.574871481291324926e-01 7.579842154893973172e-01 8.178571261344013132e-01 3.035248961833525438e-02 3.603537213086753788e-01 1.346811316649202395e-01 3.182358822741674365e-01 9.873075106545754487e-01 2.745100929831388870e-01 3.762939792192229183e-01 5.024504001966071387e-01 9.485176782898949721e-01 2.149582128388334290e-01 6.463920080231768672e-01 1.864017295932524076e-01 5.728388384453175775e-01 2.818914563073458002e-01 5.401024710249382466e-01 3.382945568161638272e-01 8.728759199954898573e-01 1.243021919093090233e-01 1.811595409711053151e-01
5.500295677882319767e-01 1.183944816929947130e-01 7.214326622218287799e-01 3.645698256817585525e-01 4.536288983009556519e-01 4.957107988922558883e-01 9.282313763680153373e-01 4.237123213302402824e-01 9.242281602312487632e-01 5.658058481733407863e-01 3.527226625653513414e-01 2.623779657476619231e-01 8.154154136796388785e-01 0.000000000000000000e+00 8.823226606751762846e-01 3.276311376545896215e-01 4.049723797209027198e-01 4.786032170437458655e-01 3.250262969769543986e-01 4.446716203116435340e-01 5.375657631342691811e-01 7.582516397222340832e-01 7.241309528594941369e-02 1.390713254784933239e-01 7.013320343571394222e-02 1.845127828292558725e-02 1.312722310959910654e-01 8.566891196839326872e-01 1.092533372486934606e-01 7.478585921836994332e-01 3.917079998421276743e-01 8.467872692944043989e-01 1.266486769212021857e-01 6.304535566135360813e-01 1.420649744371086376e-01 5.364562312833665025e-01 2.108056097070805102e-01 4.263378024430329871e-01 1.414571435180859149e-01 1.686186901005218841e-01 8.716167418118214716e-02 8.817675592580755950e-01 5.601385552452186056e-01 7.498662885501401476e-01 8.744568587860743758e-01 6.508298524877210722e-01 2.876167383620168438e-01 4.111372229681008461e-01 3.086428334896229586e-01 7.615777339625618980e-01
4.042574006639215733e-01 1.695002945048279530e-01 2.374856393304914937e-01 7.954050496422127026e-01 4.549202399552619847e-01 3.026066618262660546e-01 9.200668127227956683e-01 2.925363745355969991e-01 4.708062406679566214e-01 6.993929838918876429e-01 6.072229759398302118e-01 6.464609998061161544e-01 6.102147026706850053e-02 8.823226606751762846e-01 0.000000000000000000e+00 2.111182101451726245e-01 7.206372496209032530e-01 8.223200412076137056e-02 9.255764544751621248e-01 6.183205186503862860e-01 1.756596551998748090e-01 2.196709467048226783e-01 2.178267698431239907e-01 2.631659826129895130e-03 8.362973809209010012e-01 4.051770615384727714e-01 4.123812851134944779e-01 6.786631333107268071e-01 9.050430636582578181e-01 1.817916516018820428e-01 8.045949974417254680e-02 5.645381638793559587e-01 9.265806388449442377e-01 2.938346928340163089e-02 1.759656858264831980e-01 6.625165667991245178e-01 1.623555859435309445e-01 8.864975805580532775e-01 1.863955748575522042e-01 9.962810963441703915e-02 6.385904534827697709e-01 3.792079486464239313e-02 4.444075299505082510e-01 7.052716381930191902e-01 7.157184535340772591e-01 2.235450524239728232e-01 6.995292139346613869e-01 9.299359595047171911e-01 5.624830262335178688e-04 2.448461832115665926e-01
7.056112625857271503e-01 4.900664779626796586e-01 6.014951947534612486e-01 1.609970239748383936e-01 4.159231828731130287e-01 5.654231503454302254e-01 9.084888505406111259e-01 1.142303128465977924e-01 8.682213818838651065e-01 8.791796901075408233e-01 2.236115036765324859e-01 1.536702966920455715e-01 1.349166022433277989e-01 3.276311376545896215e-01 2.111182101451726245e-01 0.000000000000000000e+00 8.778342317577093601e-01 8.266469169721515353e-01 2.002642060295213300e-01 8.247940769342410050e-01 3.257601356023764883e-02 5.305200350179084534e-02 2.736858469910172786e-01 5.256502100370575858e-01 6.862991379036964545e-02 2.269735454457908475e-01 9.133495421064903308e-01 3.344599772750633804e-01 2.608669449384564132e-01 5.347616851451227893e-01 2.084614898667840333e-01 7.099360830165001301e-01 6.228313169248678172e-01 2.942216223011961951e-02 5.606607162441494818e-01 2.305328271887183700e-01 1.280451284732502248e-01 2.984919006514102913e-01 5.450508794858676120e-01 8.968666133759037873e-01 7.491260412600760921e-01 2.088543976405166092e-02 3.263573543294684409e-01 7.148922050969546138e-01 6.893599964116932100e-01 9.269764696389526382e-01 9.400427875511897513e-01 6.112042359341584019e-01 2.408774831952239515e-01 7.908825359276320244e-01
2.947135984230376815e-01 1.017180139260620564e-01 3.153813505035388820e-01 4.560660878503479676e-01 2.019371330400200337e-01 7.001054678814766508e-01 4.347013970304025587e-01 7.660616633938865938e-02 2.064311753955403450e-01 2.301267359477829899e-01 6.818835513709492480e-01 3.159036686673093453e-01 3.294995674068097458e-01 4.049723797209027198e-01 7.206372496209032530e-01 8.778342317577093601e-01 0.000000000000000000e+00 2.221704347277454472e-01 8.330070821991778507e-01 5.556108889729508560e-01 8.884664614581916364e-01 9.931234902228307515e-01 5.627234016244774262e-01 1.554202804779849512e-01 1.837756912623194072e-01 3.727686049832856785e-02 6.774448880060368605e-02 3.468212982774021569e-02 7.843542059602655048e-01 8.689778872746863891e-01 2.380380589991144547e-01 5.564064549448944907e-01 2.574776560235559897e-01 8.698810894500149660e-01 1.092137588443543583e-01 6.016726173816503431e-01 9.835039691186919786e-02 3.527450876029737392e-01 4.837807205408740652e-01 1.794642117019532579e-01 6.683748276694992940e-01 7.054199252395763065e-01 3.177639470869176863e-01 4.821353464345843332e-01 3.151631743262092167e-01 1.806764533640921044e-01 8.088416679659418129e-01 4.108507596313935029e-01 2.791409444676572482e-01 3.012401791151149144e-01
3.694507247822628182e-01 9.132431986273881197e-02 8.002946047699178722e-01 6.901158403658393947e-01 8.416175660125709834e-01 9.091805110039035132e-01 1.076399561741488986e-01 1.202122163159214940e-01 9.063507805624889668e-01 5.632510865333149042e-01 3.128940747881845397e-01 5.755655773791932273e-01 9.670836767373268694e-01 4.786032170437458655e-01 8.223200412076137056e-02 8.266469169721515353e-01 2.221704347277454472e-01 0.000000000000000000e+00 8.817083069347125823e-01 1.788290444705114002e-01 9.752247186752868169e-01 3.676762225243601634e-02 6.409843066023852565e-01 3.349786979541623522e-01 7.113527894520783601e-01 3.892886061311509049e-01 9.680009004456111565e-01 2.632228674969535609e-01 4.292563819145197579e-01 9.219156866564849340e-01 4.444122091908508931e-01 2.900633677373400943e-01 9.360760238639714848e-01 6.277749182256869842e-01 9.623466509811910985e-01 3.347067965475243323e-01 3.163382696878103140e-01 1.395787358930826727e-01 5.609581331161767048e-01 9.824912628120936464e-01 2.005197644685692282e-01 4.135123470460918549e-01 5.469328529055887955e-01 5.720892101308607813e-01 6.457960991722444533e-02 8.242529634445860953e-01 4.665044740225043896e-01 9.875375730737713242e-01 1.668882526892556672e-01 4.516358712472705594e-01
8.653154164404873727e-01 3.706231073365718887e-01 6.527761388411240651e-01 8.757446081966976381e-01 3.092131250393211905e-01 4.761041779251924400e-01 1.691497044774477043e-01 8.828317428722061155e-01 5.161359549939411595e-01 2.693801503718153967e-01 3.373258041964022347e-01 4.746491645619954625e-02 5.197455182673451635e-01 3.250262969769543986e-01 9.255764544751621248e-01 2.002642060295213300e-01 8.330070821991778507e-01 8.817083069347125823e-01 0.000000000000000000e+00 4.094067285690805580e-02 1.871242100306181877e-01 8.528926060123850350e-01 1.819820924879820279e-01 6.138695690431674734e-01 6.600659114814269035e-01 1.650993799253724914e-01 1.363153542528421358e-01 6.567026187856646047e-01 9.341343597327463888e-01 8.096079150285450110e-01 7.291091048247602124e-01 6.954025518087665336e-01 6.063078581781026211e-01 6.801009879192116969e-01 6.292218158467155487e-02 1.961967347542710183e-01 8.404984563973624256e-01 1.730145720281548449e-01 2.722627294290732580e-01 2.137822008160749077e-01 3.394007061646698853e-01 1.058921912681731747e-01 5.826775304710916092e-01 6.034596735284681879e-01 2.066616596259174266e-01 7.063325244882587839e-01 4.378995088453992990e-01 8.559244821330103115e-02 2.399329043043100240e-01 4.879926401898997401e-01
4.152914592765513113e-01 7.301622060803096836e-01 6.850399467367098705e-01 6.897748565610551941e-01 7.443514383569510562e-01 9.633957666886265869e-01 7.430600778000997497e-01 4.295804793777255881e-01 2.627576576544149445e-01 7.035932141719308808e-01 8.780799114780333259e-01 7.929470435287870878e-01 2.053766403563752618e-01 4.446716203116435340e-01 6.183205186503862860e-01 8.247940769342410050e-01 5.556108889729508560e-01 1.788290444705114002e-01 4.094067285690805580e-02 0.000000000000000000e+00 4.574651793603284888e-01 6.718649369923660464e-01 7.084112793514127926e-01 9.345703155909229620e-01 6.025328000951898355e-01 1.652193633724653443e-01 6.440473794582280975e-01 2.440937378684433501e-01 3.575854368078248413e-01 2.856087799162798646e-01 2.546440104708008745e-01 9.698869544879875626e-01 2.084820816549606270e-01 9.214063254488769061e-02 4.668348830833105589e-01 4.389266072466622148e-01 7.366219310798628461e-01 2.434324591310426111e-01 2.399071874817496619e-01 1.450824717874360514e-01 4.433052384847240290e-01 2.030929719251937104e-01 5.843449539563395634e-01 6.109110153566372770e-01 3.586298107823113757e-01 9.050453574972172621e-01 3.308202660184331734e-01 7.097442250781900164e-01 2.408270460388655110e-01 8.080841632579287559e-01
1.406749839007559455e-02 4.639548741952024269e-01 2.682003720461341167e-01 1.574575972799234780e-01 9.110321307900007826e-01 7.050077912069080410e-01 3.680945942457303222e-02 8.289384655596755413e-01 2.789730766988076649e-01 8.197811576774156617e-01 1.082507764600556532e-01 7.999235233761091690e-01 6.755476710697017051e-02 5.375657631342691811e-01 1.756596551998748090e-01 3.257601356023764883e-02 8.884664614581916364e-01 9.752247186752868169e-01 1.871242100306181877e-01 4.574651793603284888e-01 0.000000000000000000e+00 4.272256676167965894e-01 6.642427682277139978e-01 4.141379479073806769e-01 1.832003393757899445e-01 1.507587899092012185e-01 1.256207862180366286e-01 4.723273977829337555e-01 2.096146244246821500e-02 8.680141554596534359e-01 7.388310503623827241e-01 9.841251524689357266e-01 6.358653616449045920e-01 2.067763573526714138e-01 2.968270005743128825e-01 6.127960060580168733e-01 2.237102974128024613e-02 2.478235497566333434e-01 1.707991612375522328e-01 3.875518636792019134e-01 5.351286719537537984e-01 7.201126554515711042e-01 3.330939127736386451e-01 2.991119084404169071e-01 9.690744036834525454e-01 3.740543471493943395e-01 2.727700335252053465e-01 4.081118744141400967e-01 1.288653017311338633e-01 3.241644869162429998e-01
6.508435084732164810e-01 2.665275456989129044e-01 3.487101055443559972e-01 2.270253484703325109e-01 1.046114007054690376e-01 7.974971902502625554e-01 5.362458237046074938e-02 8.490819254130774763e-01 7.384405528025306253e-01 4.570317189198499497e-01 5.317345501937376095e-02 9.607565501048432877e-01 4.996858975789906232e-01 7.582516397222340832e-01 2.196709467048226783e-01 5.305200350179084534e-02 9.931234902228307515e-01 3.676762225243601634e-02 8.528926060123850350e-01 6.718649369923660464e-01 4.272256676167965894e-01 0.000000000000000000e+00 4.962312189327359180e-01 5.162266834510307323e-01 2.403869522590612595e-01 8.656129656717120868e-01 4.162095604669379112e-01 9.068436519870315404e-02 7.137128942261127262e-01 2.356168396591897807e-01 6.718285843139522040e-01 4.177720353998202185e-01 1.959706941976746553e-02 2.038792865972115509e-01 7.915357277492623966e-01 9.207437965531075630e-01 8.859018960392039954e-01 1.769565714744431029e-01 4.243203612513612999e-02 7.736175439004606691e-01 9.270290987670316563e-01 9.868110985831497484e-01 5.741965977999194948e-01 2.294531164935347256e-01 3.171138381088434155e-02 4.259677435338031781e-01 2.385176315260562063e-02 7.469925926478017120e-01 6.063735675511077172e-01 6.150715378663618171e-02
9.711666244010284110e-01 2.290447602535566896e-01 6.674703680460282174e-01 6.451765477614068711e-02 8.672310037939379157e-02 1.138546866334133600e-01 5.243276918506651896e-01 8.689108999421587542e-01 7.204229156919502719e-01 5.689677863087979626e-01 6.511501846311817943e-01 8.643638486675714327e-01 3.981242150901421750e-01 7.241309528594941369e-02 2.178267698431239907e-01 2.736858469910172786e-01 5.627234016244774262e-01 6.409843066023852565e-01 1.819820924879820279e-01 7.084112793514127926e-01 6.642427682277139978e-01 4.962312189327359180e-01 0.000000000000000000e+00 3.736021977998160715e-02 5.503187545047341089e-01 7.204187754839139757e-01 5.375306613560466573e-01 6.543060885299323282e-01 8.578406361220969334e-02 3.762435453733550261e-01 4.599201413610793931e-01 5.982656414583323867e-01 5.182765059091629656e-01 9.167044136786878239e-01 8.491711003036922500e-01 4.327963905269665013e-01 4.216967106574831536e-01 1.719825594331494401e-01 9.849535637311876979e-01 9.259190464665808529e-01 9.102876065947300699e-01 3.233772372012750917e-01 6.692396577213512998e-01 1.232866491939998976e-02 9.480826756829908719e-01 6.330866161589374652e-01 6.527362768095528178e-01 3.449963541747892437e-01 9.031354298811137271e-01 3.369288765956588438e-01
6.539789334612030602e-01 1.908335920925088303e-01 7.415316931486715113e-01 1.374547631185132346e-01 2.216219904648515371e-01 3.082688874571939408e-01 4.920588122302440581e-01 4.330515278112284649e-01 6.042408652410544700e-01 1.573554582737434204e-01 9.717760297997453112e-01 5.011349274561132106e-01 8.259904565744252691e-01 1.390713254784933239e-01 2.631659826129895130e-03 5.256502100370575858e-01 1.554202804779849512e-01 3.349786979541623522e-01 6.138695690431674734e-01 9.345703155909229620e-01 4.141379479073806769e-01 5.162266834510307323e-01 3.736021977998160715e-02 0.000000000000000000e+00 2.024026039365798280e-01 5.518301188555957415e-01 4.584905784837680631e-01 6.308348012977282870e-01 5.130789426596424896e-01 3.136034509413617721e-01 6.615678919476649655e-01 6.108677902817940542e-01 1.995072526805444779e-01 2.099403315684004179e-01 8.163988030191066114e-01 5.016657926264651568e-01 7.034189801182202384e-01 8.697529676895517925e-01 4.539982230621422143e-01 7.972562038876332968e-01 7.059660075607963048e-01 1.803010403733454892e-01 1.214193191308462483e-01 4.257919167530599402e-01 2.822562483062325267e-01 7.940833745896745954e-01 4.640633299145228152e-01 7.715113302695321140e-01 3.631776087552135435e-01 6.362805002579982050e-01
5.027246113285774864e-01 1.551274283885947236e-01 8.709317484205059134e-01 6.155781360582119888e-01 8.120202267535290286e-01 9.818789045195507326e-01 3.227335627522454065e-01 5.058603429390652328e-01 2.320953185323703094e-01 6.251385848741278783e-01 9.632207800376701989e-02 7.721181437792155045e-01 1.538950440240779427e-01 7.013320343571394222e-02 8.362973809209010012e-01 6.862991379036964545e-02 1.837756912623194072e-01 7.113527894520783601e-01 6.600659114814269035e-01 6.025328000951898355e-01 1.832003393757899445e-01 2.403869522590612595e-01 5.503187545047341089e-01 2.024026039365798280e-01 0.000000000000000000e+00 2.770804146832720471e-01 3.430376220531355935e-01 5.545919678783974849e-01 1.508269663730080756e-01 8.679564656790453858e-01 1.763307088252007437e-01 1.667683530052688212e-02 7.343753355316751108e-01 6.737895106194848882e-01 9.585591062323401967e-01 3.526458335313915615e-01 8.918407472000007274e-01 2.117385987180113727e-01 2.100427479505246886e-01 3.611327512240488646e-01 9.507925893503424986e-01 6.057104358945009093e-02 4.632961541499184266e-01 7.763008184942622458e-01 2.520969887284396638e-02 9.911308722051325182e-01 2.712859314635893693e-01 1.934006486793550250e-01 5.338802186979411113e-01 9.808910436597362281e-02
6.732355263969813652e-01 1.375756477984410031e-01 3.674894076870107718e-01 3.930826592100493677e-01 6.139742710266671288e-01 2.005617449471831515e-01 8.449416151413858822e-01 3.726514623117574976e-01 8.911020123979284113e-01 6.328274407002469903e-01 4.594114795305598298e-01 4.705331009122822872e-01 6.953033125121754754e-01 1.845127828292558725e-02 4.051770615384727714e-01 2.269735454457908475e-01 3.727686049832856785e-02 3.892886061311509049e-01 1.650993799253724914e-01 1.652193633724653443e-01 1.507587899092012185e-01 8.656129656717120868e-01 7.204187754839139757e-01 5.518301188555957415e-01 2.770804146832720471e-01 0.000000000000000000e+00 9.941046142848363187e-01 2.232950076981121690e-02 7.520077189629623682e-01 7.770114767218689877e-01 3.646238941347237361e-01 9.353428230994486059e-01 4.038238542655531171e-01 8.921322293906085443e-01 5.285430598726055251e-01 5.438740782731499301e-01 6.022598302396320324e-01 3.314119881906939513e-01 5.158541688353546206e-01 3.989268817358282426e-01 4.470898736906483428e-01 9.708380297414636040e-01 6.558342051494681080e-01 8.864744340038772652e-01 3.664857941409226383e-01 1.700694027302018796e-01 8.883315969776610643e-01 8.153856053410082350e-01 1.391490425762018646e-01 4.281668361353244689e-01
8.388739732668286653e-01 9.116676302508029961e-01 2.902077046120055126e-01 7.136806016989198920e-01 1.242150647976236755e-02 5.542696668135789206e-01 2.903222851503128865e-01 6.773984542416071619e-01 2.818136429969788637e-01 7.644382452473251766e-01 9.730329776624124793e-02 3.310445821456868831e-01 2.936622231257502991e-01 1.312722310959910654e-01 4.123812851134944779e-01 9.133495421064903308e-01 6.774448880060368605e-02 9.680009004456111565e-01 1.363153542528421358e-01 6.440473794582280975e-01 1.256207862180366286e-01 4.162095604669379112e-01 5.375306613560466573e-01 4.584905784837680631e-01 3.430376220531355935e-01 9.941046142848363187e-01 0.000000000000000000e+00 6.532839173490967433e-01 5.009838786952894862e-01 4.788109437330756446e-01 1.878299345573120060e-02 2.514968873641765246e-01 1.725440435939600281e-01 9.602622089617740553e-01 5.249448077277386604e-01 7.457875032939207394e-01 8.677659063775676751e-01 8.853366263098056965e-01 6.467160323144777179e-01 1.404532595661721617e-01 2.157433718725945138e-01 7.971025762053369768e-01 5.303869921173041124e-01 5.068893882757273817e-01 1.620170508430004430e-01 4.589545040089481054e-01 7.365197930970662776e-01 5.245546149512306799e-01 2.842393726290544098e-01 1.478193501040488966e-01
1.068997066118824169e-01 9.735070698027414871e-01 1.945526333891354209e-01 6.888339631202148317e-01 9.733320535649113703e-01 2.328649631790450369e-01 4.188887839931495494e-01 1.096098121957266303e-01 6.189246033482141973e-01 9.439047744326914957e-01 8.064060265154738838e-01 3.712207029242940992e-01 6.728290589520942167e-01 8.566891196839326872e-01 6.786631333107268071e-01 3.344599772750633804e-01 3.468212982774021569e-02 2.632228674969535609e-01 6.567026187856646047e-01 2.440937378684433501e-01 4.723273977829337555e-01 9.068436519870315404e-02 6.543060885299323282e-01 6.308348012977282870e-01 5.545919678783974849e-01 2.232950076981121690e-02 6.532839173490967433e-01 0.000000000000000000e+00 4.954640428026692023e-01 1.625002874472001313e-01 9.720397154573670040e-01 6.049964839415723494e-01 6.983829752615808850e-01 4.571734895327467241e-01 5.083375967051630973e-01 4.688321158671640010e-01 3.396418185439137316e-01 3.855559837234066034e-01 7.177125540878519505e-01 5.516871090234565234e-01 4.358073937531936615e-02 8.906726397003824625e-01 5.330549032241113094e-01 7.274835740654297389e-01 5.619580146808886845e-01 7.396110701765901130e-01 9.659946517804461896e-01 8.425979716333182878e-01 9.704699120277173741e-01 9.600911590386843608e-01
3.637925151034449023e-01 7.744358268176203541e-01 6.152078257072316481e-01 8.929424275172499481e-01 3.725770981165549278e-01 5.050266829395574364e-01 7.173064000563512677e-01 5.667005510128675372e-02 2.883366120355383977e-01 8.020399981404204848e-01 6.039704350705766833e-01 8.437907330639871084e-03 9.574871481291324926e-01 1.092533372486934606e-01 9.050430636582578181e-01 2.608669449384564132e-01 7.843542059602655048e-01 4.292563819145197579e-01 9.341343597327463888e-01 3.575854368078248413e-01 2.096146244246821500e-02 7.137128942261127262e-01 8.578406361220969334e-02 5.130789426596424896e-01 1.508269663730080756e-01 7.520077189629623682e-01 5.009838786952894862e-01 4.954640428026692023e-01 0.000000000000000000e+00 4.734565730204222112e-01 7.393712571405752776e-02 8.982443427461610508e-01 9.171859593885733908e-02 7.770797610062153415e-01 7.815904932268853411e-01 2.705666495753513701e-01 4.835201760555193351e-01 8.671083293763464095e-01 5.454324047961162103e-01 1.335866058803425460e-03 2.091263625096939638e-01 5.329606715101811165e-01 1.058319756083287988e-01 6.224799548822399498e-01 9.606599435780186491e-01 8.329329889544796472e-01 6.552883080566878071e-01 6.760542932842994457e-02 7.090013586730026240e-02 9.301186332567229487e-01
2.109863817848839362e-01 7.628991374994812391e-01 2.500643186534922124e-01 1.201487052037579772e-01 7.531312734271954357e-01 7.073240293528522127e-01 3.538879033137112273e-01 4.443500739069140559e-01 9.116021739352839770e-01 7.881278110679023063e-01 2.552178022110118683e-02 5.281243020158010726e-01 7.579842154893973172e-01 7.478585921836994332e-01 1.817916516018820428e-01 5.347616851451227893e-01 8.689778872746863891e-01 9.219156866564849340e-01 8.096079150285450110e-01 2.856087799162798646e-01 8.680141554596534359e-01 2.356168396591897807e-01 3.762435453733550261e-01 3.136034509413617721e-01 8.679564656790453858e-01 7.770114767218689877e-01 4.788109437330756446e-01 1.625002874472001313e-01 4.734565730204222112e-01 0.000000000000000000e+00 5.454092433137374130e-01 4.503176035815226186e-02 9.129312268354646820e-01 2.100395938889493275e-01 4.348943746785517428e-01 2.603830090977490297e-01 4.613187209835272196e-01 3.741442160224874858e-01 2.835177209233954443e-01 4.108886713852145656e-01 3.559313500121167317e-01 6.913189190020985198e-01 7.871097666659856440e-01 7.458226903665546859e-01 9.741040192425498567e-01 6.243115201584008567e-01 7.482887663786207399e-01 1.358176986137796804e-01 1.934894124466058907e-01 1.334045329479942588e-01
9.030263311999833231e-01 6.530145606250096213e-01 6.495456553951354239e-01 4.634544233375452738e-01 9.738333533278091814e-01 9.653949522240433678e-01 6.004215718356517018e-01 6.656928679452454034e-01 9.976906474082736231e-02 5.308694136407987596e-02 1.555544481752098029e-01 7.321406482692758289e-01 8.178571261344013132e-01 3.917079998421276743e-01 8.045949974417254680e-02 2.084614898667840333e-01 2.380380589991144547e-01 4.444122091908508931e-01 7.291091048247602124e-01 2.546440104708008745e-01 7.388310503623827241e-01 6.718285843139522040e-01 4.599201413610793931e-01 6.615678919476649655e-01 1.763307088252007437e-01 3.646238941347237361e-01 1.878299345573120060e-02 9.720397154573670040e-01 7.393712571405752776e-02 5.454092433137374130e-01 0.000000000000000000e+00 2.096011903595031978e-01 1.182921624588314513e-01 5.648942515250662266e-01 8.689334088192248728e-01 7.075095339920123294e-03 5.122974662424505388e-01 4.970663648578034222e-01 3.191446562121250663e-01 7.350112302686062637e-02 1.084543461924458718e-02 2.366394346983002883e-02 1.315043348690970726e-01 1.211152192728786048e-01 8.412459141013857167e-01 2.761773032544468931e-01 7.186867696665559802e-01 9.331777055995216230e-01 8.047378444064048342e-01 1.207890545867446042e-01
