0.000000000000000000e+00 1.590170387709475275e-01 8.616115632928440515e-01 1.767053488039482811e-01 3.546703574282784599e-01 2.430041316780811034e-01 3.788194453312450083e-01 7.162952441397726355e-01 1.920323545631991147e-01 5.953033177702660161e-01 3.955016671372619808e-01 6.087886874305369345e-01 1.939414802400580840e-01 1.725675615559284504e-01 2.443887354578956339e-01 5.615675190036191200e-01 9.326551030734525627e-01 3.198503891531024879e-01 1.047957343996921420e-01 5.238632526584896532e-02 8.778350068827174280e-01 4.179900402369932655e-01 6.871782392284522256e-01 8.765491558911683301e-01 5.825032083579333442e-01 5.553316925644313784e-01 1.518319275474236951e-01 2.597335161363757416e-01 5.541928391778043750e-01 9.362686126426421618e-01 4.312112098853725373e-01 1.561308654683279951e-02 8.019169329793054413e-01 9.433743700377881236e-01 1.948122637912388377e-01 9.193517347489937874e-01 6.235376586090775053e-01 5.181021962731608976e-01 4.936299229603663408e-01 6.043244361017023891e-01 3.764490509186383393e-01 6.354846786171999273e-01 6.611320662375927970e-01 4.488164606278132185e-01 8.138370719602535663e-01 5.791912730888236771e-01 1.234197520795080605e-01 4.567429632068908951e-01 3.867949590146321226e-01 7.953309386786802104e-01
1.590170387709475275e-01 0.000000000000000000e+00 6.731522177612321300e-01 7.804972301297272708e-01 7.383367374653757587e-01 8.920379070524120380e-01 9.291381090505607121e-01 7.166664828132169873e-01 4.269999898308349806e-01 2.569318380952468894e-01 7.870633223944941692e-01 9.434579118879858894e-01 4.035967912516257305e-01 1.563414872159196722e-02 4.501341545208471517e-01 6.506949860842903277e-02 9.240847336720238170e-01 2.119954747023664599e-01 4.345128074767472537e-01 3.543071239694032259e-01 4.340558177079713031e-01 4.343943508971269685e-01 2.030226651826105844e-02 2.052138512510853774e-01 3.046816770057829693e-01 3.215676667654554510e-01 4.793238850239895932e-01 5.066553188497106008e-01 4.995872342391821652e-01 1.783018828197548977e-01 3.000722641194125684e-01 2.947332905048045681e-01 8.500650857426994556e-02 5.851892267148733895e-01 2.179925059854528335e-01 3.376582878967263612e-01 6.664965991465048312e-01 8.505766449060797596e-01 8.108822516710980643e-01 1.490228148214578496e-01 9.721496197958685581e-01 5.857558889436337290e-01 2.817301225745660886e-02 2.323421813418056203e-01 6.790107423620517224e-02 2.670195569839678429e-01 9.999951748420565778e-02 4.963926794433700662e-01 9.935372790092655837e-02 6.585993714960128864e-01
8.616115632928440515e-01 6.731522177612321300e-01 0.000000000000000000e+00 9.888351929679517482e-02 6.843120369184807483e-02 6.009737472049179186e-01 7.205267569913709202e-01 6.432750056466859379e-01 2.896681980026482028e-01 1.486978497994057014e-01 7.551783202070823098e-01 9.584186755604339192e-01 4.844735930683481406e-01 9.199236490278445144e-01 4.693595934889657206e-01 7.247175369120429922e-01 2.038563244118293261e-01 2.326360276153530693e-01 8.127072873963204769e-01 4.769928519055673943e-01 3.275304173634636662e-01 3.817079268335952236e-01 6.023778945936318907e-01 8.089488544210072796e-01 5.027717086311188632e-01 7.424988434043863217e-01 9.622991129849356451e-02 6.811662683155794706e-02 6.723255275593926772e-01 4.191226299174451997e-01 1.330538142915349553e-02 2.221820327037575815e-01 5.112003465680665659e-01 4.715297547642739451e-01 6.311927557546621603e-01 2.767509896454132257e-01 7.869293939922770154e-01 5.618198618343588358e-01 7.554111147204971566e-01 3.771017868388268912e-01 5.066762100104538202e-01 6.899306803499415386e-01 9.965060995366629149e-01 3.886472289587554751e-01 9.971672509661487771e-01 5.152197282259554090e-01 4.331555155039823468e-02 4.447488260767039625e-01 4.979067264219653177e-01 6.772232578312502582e-01
1.767053488039482811e-01 7.804972301297272708e-01 9.888351929679517482e-02 0.000000000000000000e+00 9.599440230104221428e-01 2.424246367997657803e-01 2.782038619019481240e-01 3.783234595603606198e-01 8.336330499309930753e-01 9.277332351720243286e-01 2.711097346616557768e-01 9.795650361055311395e-01 3.944902831826410106e-01 4.914228175366840423e-01 9.284175891413166681e-01 8.540378846617490138e-01 3.357251094710537176e-01 8.772260118242786175e-01 7.148061190793152386e-01 7.750311018672770835e-01 1.220777598564365407e-01 2.833186556791515986e-01 2.821492418335436181e-01 9.727396275347579557e-01 1.845728169466155366e-01 1.812505615566604167e-01 1.938155244433785729e-01 1.791223686088253553e-01 4.527531995041744750e-03 6.783088164798418696e-01 7.147168568773699660e-01 8.094516372463630427e-01 1.480834041813072766e-01 2.134159128253387827e-02 1.340369972200425863e-01 7.775967436251469689e-01 7.950413675469848451e-01 1.623122036156812165e-01 3.746012078925781141e-01 9.323739854179822206e-01 7.694625503661741694e-01 9.311288648567394022e-01 4.525486142851650184e-01 3.833890656340294134e-01 4.873125154605815190e-01 9.305212678364502832e-01 8.285423984734368030e-01 7.967753295529057533e-01 1.237461768352764446e-01 8.242420844300755167e-01
3.546703574282784599e-01 7.383367374653757587e-01 6.843120369184807483e-02 9.599440230104221428e-01 0.000000000000000000e+00 6.430776685486071509e-01 9.244932995133445797e-01 4.432724498997311358e-01 8.405758531742932860e-01 8.859346539323631475e-03 6.988054612417698985e-01 5.977540807121000110e-01 7.786279427949224230e-01 6.637724196554634082e-01 7.969623629504236639e-01 7.120381906613607592e-01 8.859988631236037637e-02 2.536921503399189870e-01 6.464659440035953608e-01 5.284004856694081154e-01 8.822691506675597317e-01 6.605619776847736491e-01 1.444000814861988724e-01 8.704751664506906739e-01 4.727417993061807655e-01 3.430167010080792389e-01 2.497666013390449358e-01 2.510852090751158894e-02 3.596207876211419130e-01 8.689298745617461961e-01 4.065032841407544284e-01 9.600283285169090020e-01 5.662268806843658853e-01 5.824554692517454058e-01 1.495579099697977865e-01 7.941703231170900157e-01 3.958706370598915614e-01 4.052666939610838348e-02 4.181017198777693400e-01 9.021273484045052582e-01 1.324606013872210442e-01 3.981066671277843083e-01 2.504088300050671956e-01 4.266303295094774350e-01 8.246462482356236023e-01 1.699892313704356450e-01 2.522040875433338991e-01 7.355867711829092714e-01 7.005119673063686658e-02 8.858634693510440972e-01
2.430041316780811034e-01 8.920379070524120380e-01 6.009737472049179186e-01 2.424246367997657803e-01 6.430776685486071509e-01 0.000000000000000000e+00 5.568899905344043555e-01 9.616673511063953406e-01 2.386737528113461737e-01 7.827198669273671694e-02 3.229749701376862792e-01 2.078340749168503532e-01 9.490855939168797439e-01 3.453625844571678316e-01 1.213323449936554166e-02 4.636903899797686357e-01 7.046842166679788688e-01 9.928790214907318168e-01 7.928936687976563258e-01 2.235482518278578690e-01 9.892478029137014017e-01 7.517870595518425514e-01 3.341434259835444065e-01 3.412436807873272526e-01 7.230930111866952226e-01 7.448148520792499117e-01 3.047350418687488904e-02 7.945069972047548168e-01 8.483045091020605666e-01 2.438347241361823459e-01 3.705694094286144935e-01 4.080171564653606309e-01 1.834099989396291708e-01 2.260603253837002447e-01 9.069733887103974546e-01 6.516119838087899296e-01 4.575736105725330960e-01 5.110819479242406649e-01 3.959105272591513236e-01 2.374225197409429722e-01 5.935036701730322939e-02 6.736998049228289931e-01 4.439146143530755539e-01 6.755683804581728014e-01 5.441970526645930617e-01 6.476180067346886116e-01 3.834976915881518345e-01 6.828231292903051974e-01 1.003410641605771980e-01 3.468049251915754638e-01
3.788194453312450083e-01 9.291381090505607121e-01 7.205267569913709202e-01 2.782038619019481240e-01 9.244932995133445797e-01 5.568899905344043555e-01 0.000000000000000000e+00 9.739887058489690164e-01 8.413543059134629409e-01 6.302457439437975095e-01 5.662452033333195134e-01 4.685154337418526715e-01 4.320449239666057650e-01 6.096300990133075581e-01 9.176565540343787353e-01 8.120765133458196505e-01 9.319992649175943278e-01 8.161519545830940858e-01 1.314154324209448887e-01 4.343629952379776116e-01 2.925564852688341544e-01 4.970660481873292458e-01 2.269681986432304788e-01 2.309737205197470722e-01 3.719532639515642503e-01 1.251844991205539603e-01 4.106523128306995840e-01 1.296624863899065172e-02 4.963865621748961843e-01 1.148547064305527332e-01 8.447930738384521465e-01 1.369394406546529108e-01 8.020006928418788039e-01 9.742360046481138847e-01 6.251305557919353273e-01 1.488907861010746458e-03 5.479318083142457052e-01 1.795720214512728230e-01 2.992856842715071464e-01 3.866259141126575649e-01 7.756544691638467270e-01 7.210549251008431249e-01 5.951200083683584330e-01 1.745653173262127211e-01 8.346245669300629277e-01 4.511327803467146680e-02 7.290666161019410119e-02 2.983389983294353343e-01 3.360770213857695587e-01 3.134337164604881210e-01
7.162952441397726355e-01 7.166664828132169873e-01 6.432750056466859379e-01 3.783234595603606198e-01 4.432724498997311358e-01 9.616673511063953406e-01 9.739887058489690164e-01 0.000000000000000000e+00 5.647079104761767443e-01 2.298565530782912258e-01 8.676890281327097609e-01 5.711806407188506629e-01 9.767646526082952585e-01 5.548557129303378632e-01 5.361080937872448882e-01 5.076353696027555706e-01 8.118114685329385072e-01 3.149894340755721167e-01 6.573295567456578503e-01 1.995671156361215060e-01 3.871849891707945801e-02 4.825702227419529367e-01 5.076800442305806627e-02 5.214498237144964410e-01 2.120429807657778776e-01 8.329516203463694923e-01 8.423400027489524877e-02 4.782067293032671307e-01 2.366311507099605471e-01 6.649602420134496095e-01 8.449998415545270092e-01 3.696329063066123854e-01 2.045687648657915636e-01 8.217667042832101920e-01 1.095019853583344416e-01 7.556457961236801024e-01 3.237891579321862112e-01 3.869889713262336661e-01 4.969147751774182220e-01 4.264703976002762742e-01 7.353541845292386192e-01 2.081118288013168449e-01 8.244426535651649957e-01 8.788271199037698267e-01 6.303067068669030437e-01 7.493091455082243613e-01 6.901233506136569273e-01 8.782589260562492228e-01 6.020755579354751807e-01 3.040347119033265377e-01
1.920323545631991147e-01 4.269999898308349806e-01 2.896681980026482028e-01 8.336330499309930753e-01 8.405758531742932860e-01 2.386737528113461737e-01 8.413543059134629409e-01 5.647079104761767443e-01 0.000000000000000000e+00 1.075659146415738343e-01 5.963427194801473874e-03 3.857359450077515461e-01 8.106083877870563503e-01 8.449673679231396450e-01 6.012907666589683009e-01 1.744792693333642175e-01 6.527359975010517124e-01 6.362307889664314819e-01 5.675532119069903736e-02 6.422836271387633023e-02 1.273501850407874336e-01 9.462800861793663199e-01 4.552906879494016401e-01 4.223948384378019005e-01 1.134541439744273239e-01 5.637013267086460333e-01 3.180396714039419592e-01 1.591531951004854228e-02 5.281731250309507075e-03 4.637942972143974663e-01 3.330948371046532630e-01 4.823324638264927522e-01 7.619087418388950095e-01 5.500395540222995372e-01 6.484322898898134957e-01 2.337714477633286991e-01 7.071238454960039332e-01 5.347153381681593043e-01 3.047794618270763811e-01 7.728575620992308437e-01 3.683593425637046170e-01 7.176141113463940790e-01 1.887594372335522630e-01 2.831491801690966259e-01 9.297831250658286084e-01 5.043395280039799644e-01 1.082361160090824503e-01 7.347562328829505551e-01 8.135774027496210925e-01 1.757847853129200777e-01
5.953033177702660161e-01 2.569318380952468894e-01 1.486978497994057014e-01 9.277332351720243286e-01 8.859346539323631475e-03 7.827198669273671694e-02 6.302457439437975095e-01 2.298565530782912258e-01 1.075659146415738343e-01 0.000000000000000000e+00 3.867038873814337974e-01 9.508603869611054193e-01 4.070705900261190058e-01 9.122056857571622102e-01 2.785070166913069523e-01 9.163267227846505492e-02 9.139113713961712904e-01 4.030364346535922904e-01 6.639635634910081574e-01 6.643384019749818403e-01 2.867608320099055419e-01 3.108497671371334148e-01 6.654032004969751002e-01 9.014198693251672667e-01 9.427241699047321788e-01 1.095600368992880602e-01 3.000980408770714813e-02 2.362967858940987487e-01 8.999971708416328875e-01 3.510434890125124774e-01 4.896030161053332996e-02 3.598706886268476790e-01 8.744497997752747054e-01 8.498792196736438820e-01 2.843352862788369739e-01 4.130413658130507315e-01 1.663561350625707425e-01 4.986583501103034610e-01 4.498324862829337079e-01 5.097045823412590382e-01 2.277508171015902860e-01 8.768687827406098645e-01 4.100285398209045917e-01 3.907475554629306069e-01 4.714733605491141510e-01 3.189750455639578375e-01 9.154049524403230498e-01 4.140649576773584029e-01 8.148143626679579254e-01 3.846584931785472783e-01
3.955016671372619808e-01 7.870633223944941692e-01 7.551783202070823098e-01 2.711097346616557768e-01 6.988054612417698985e-01 3.229749701376862792e-01 5.662452033333195134e-01 8.676890281327097609e-01 5.963427194801473874e-03 3.867038873814337974e-01 0.000000000000000000e+00 8.435948617936589455e-01 7.431526778464964123e-01 1.333739136862417407e-01 2.208207106888898652e-01 2.053526799127688429e-01 4.024428346908128784e-01 7.662286706860317320e-01 4.349582663297804075e-01 2.055252141728558524e-02 1.152048665652789516e-01 6.582360439066405888e-01 2.117425248919851954e-01 7.054521161072025981e-01 1.659270332170688089e-01 5.553469148386191989e-02 5.476519236861937534e-01 8.717953366769665147e-01 2.589359362450053270e-01 5.841410546373489998e-01 7.837091027630866957e-01 3.725528661119714702e-02 3.778789177672722266e-01 4.858216846664128452e-01 6.006944243371983294e-01 1.794572786658199526e-01 3.665063176649620003e-01 6.190876807944036830e-01 5.746036332065758145e-01 6.905171711552948732e-01 6.755121653355311562e-01 4.472658688620034795e-02 8.450736353577188442e-01 4.269173128243194393e-01 5.027334337618749593e-02 7.635844700308253019e-01 9.822785718953982448e-01 1.532206417080752558e-01 9.979721569602103548e-01 5.636009061458536751e-01
6.087886874305369345e-01 9.434579118879858894e-01 9.584186755604339192e-01 9.795650361055311395e-01 5.977540807121000110e-01 2.078340749168503532e-01 4.685154337418526715e-01 5.711806407188506629e-01 3.857359450077515461e-01 9.508603869611054193e-01 8.435948617936589455e-01 0.000000000000000000e+00 2.863189830283837667e-01 5.986812588773926525e-01 5.147019982689730044e-01 3.067869835459675620e-01 9.591248492991553132e-01 5.183338065015147267e-01 9.039459691267245356e-01 5.742462572238041796e-01 9.397489814473743985e-01 9.294576467698579814e-01 3.626193837479336768e-01 9.940939860052323551e-01 1.225672578522285505e-01 8.014354432136164830e-01 9.940111663533162112e-01 2.583598518961615076e-01 1.758711444313736383e-01 5.916967536194370769e-01 4.905547334563573614e-01 3.568949950750185396e-01 6.441263226915981965e-01 7.716396026703274957e-01 4.272977291525531518e-01 4.980030981092007369e-01 1.942023794911372780e-01 3.354054969071986747e-01 8.789256786103727404e-01 1.605539449431133692e-01 5.594474539082051612e-01 9.513170548663926196e-01 7.201474813604265002e-01 4.698986410240814093e-01 3.158349813190386435e-01 1.827707706280647937e-01 4.667872926027715197e-01 3.216442223502250508e-01 1.097590075965843015e-01 4.846501220521033382e-01
1.939414802400580840e-01 4.035967912516257305e-01 4.844735930683481406e-01 3.944902831826410106e-01 7.786279427949224230e-01 9.490855939168797439e-01 4.320449239666057650e-01 9.767646526082952585e-01 8.106083877870563503e-01 4.070705900261190058e-01 7.431526778464964123e-01 2.863189830283837667e-01 0.000000000000000000e+00 7.490459531505445634e-01 4.516803932542158284e-01 2.558414745217818531e-01 6.607855909557226459e-01 4.703457110632990323e-01 2.144888798801347640e-02 9.279509915576389378e-02 3.742796423651159055e-01 8.663504730968243361e-01 4.950915104709241454e-02 1.210020649733205556e-01 3.571619874724503152e-01 2.412240909205376482e-01 5.360486083482794983e-01 4.299742518322242635e-01 8.568952836154687391e-01 5.025354731450761836e-01 8.789793764638896834e-01 7.601965543732609465e-01 6.273544099860932644e-01 3.730780183799271565e-01 4.160876065970887661e-01 3.784567426565201842e-01 5.178316322397552574e-01 9.905802981845041044e-01 6.573668363429195916e-01 1.597511957671416960e-01 5.848847720429468655e-01 5.880980533329529525e-01 3.712320139288839416e-01 1.134622801518736512e-01 2.807114067628068144e-01 2.042891038120042690e-01 7.943150669354832605e-01 7.835726434226805148e-01 9.092865782052842460e-01 6.181094938321742838e-01
1.725675615559284504e-01 1.563414872159196722e-02 9.199236490278445144e-01 4.914228175366840423e-01 6.637724196554634082e-01 3.453625844571678316e-01 6.096300990133075581e-01 5.548557129303378632e-01 8.449673679231396450e-01 9.122056857571622102e-01 1.333739136862417407e-01 5.986812588773926525e-01 7.490459531505445634e-01 0.000000000000000000e+00 4.998117341374985756e-02 8.284107058691693171e-01 6.411593306555224414e-01 5.535088533227658925e-01 3.433809304703969723e-01 1.695153810835472452e-01 4.104153128322785005e-01 9.563824608001514349e-01 1.452230877440341406e-02 1.728530026091019689e-01 2.467814443851475970e-01 1.008165462016363811e-02 4.763168191735933643e-02 4.705134406137739811e-01 8.280448081267279825e-01 4.417872984530832881e-01 1.930942923355427610e-02 6.540649905148619991e-01 7.952396637295678916e-01 6.166892684808876757e-01 6.278727511051869214e-01 4.551399263323333555e-01 3.792726020980461410e-01 3.630790448115082114e-01 9.519367104100896482e-01 9.720050645004859602e-01 2.530023055855882275e-01 8.424627895709922987e-01 9.573185381153997975e-01 3.973158990627759790e-01 6.621692295855247101e-01 1.190379620099240032e-01 1.537407811186287665e-01 6.493137304598411985e-01 7.378707912691302440e-01 5.846804844421534808e-01
2.443887354578956339e-01 4.501341545208471517e-01 4.693595934889657206e-01 9.284175891413166681e-01 7.969623629504236639e-01 1.213323449936554166e-02 9.176565540343787353e-01 5.361080937872448882e-01 6.012907666589683009e-01 2.785070166913069523e-01 2.208207106888898652e-01 5.147019982689730044e-01 4.516803932542158284e-01 4.998117341374985756e-02 0.000000000000000000e+00 1.016376297253341887e-01 5.144349980223579255e-01 7.012854277585202079e-01 3.917719726487098875e-01 2.209709209484828074e-01 4.967648268081045204e-01 6.583339785450021964e-01 7.444764585982155403e-01 9.680655022201178905e-01 3.260749846804046337e-01 5.071867117111806822e-01 7.386537963987047650e-01 2.554762548448460402e-01 5.912197336703293171e-01 3.901446200708952317e-01 8.826222231067955004e-01 1.730476040849980857e-01 6.558630045944193743e-01 9.093031076200290830e-01 3.678278848372922294e-01 2.109847583198959375e-01 7.739360953241166685e-01 2.984938542195372246e-01 5.261194335694280300e-01 1.833682350402701111e-01 8.632013620271465903e-01 2.181046318658406147e-01 9.413706895113105322e-02 1.458229440833501700e-01 8.638727328456814458e-01 7.382406497177995686e-01 4.772763791486669405e-01 7.944284678527635535e-01 6.639800380261344781e-01 6.076731899321510255e-01
5.615675190036191200e-01 6.506949860842903277e-02 7.247175369120429922e-01 8.540378846617490138e-01 7.120381906613607592e-01 4.636903899797686357e-01 8.120765133458196505e-01 5.076353696027555706e-01 1.744792693333642175e-01 9.163267227846505492e-02 2.053526799127688429e-01 3.067869835459675620e-01 2.558414745217818531e-01 8.284107058691693171e-01 1.016376297253341887e-01 0.000000000000000000e+00 6.168110635647359175e-01 2.603831013192843269e-01 4.427750136495549604e-01 1.853870901205738608e-01 4.161453273794319951e-01 2.317241889814556366e-01 3.796903312980037803e-02 1.702190216673127310e-02 1.507917647105279091e-01 9.030111887134303350e-01 8.340784570611593507e-01 6.669903264048794300e-01 2.557842884056267252e-01 4.546753079430629896e-01 3.708417214290644637e-01 4.545648405518992741e-01 6.408326123808015806e-01 3.544363306507370970e-01 3.424553481204156702e-01 2.949523307465189426e-01 9.651601889290484237e-02 4.262075749518212664e-02 4.721764625043126662e-01 6.152130222972702622e-01 6.263663471162512764e-01 1.150794022797249072e-01 2.718363776121339725e-01 3.084208264980670133e-02 4.986350031807325056e-01 6.026620972559981748e-02 6.717119602473125006e-01 3.501740570478149017e-01 3.192048098640781761e-01 5.322012249153026398e-01
9.326551030734525627e-01 9.240847336720238170e-01 2.038563244118293261e-01 3.357251094710537176e-01 8.859988631236037637e-02 7.046842166679788688e-01 9.319992649175943278e-01 8.118114685329385072e-01 6.527359975010517124e-01 9.139113713961712904e-01 4.024428346908128784e-01 9.591248492991553132e-01 6.607855909557226459e-01 6.411593306555224414e-01 5.144349980223579255e-01 6.168110635647359175e-01 0.000000000000000000e+00 1.155559343704436470e-01 8.424928974050529540e-01 8.098510169915210666e-01 8.568620820486120282e-01 1.895896873294976581e-01 3.476942620224603431e-01 3.509729140812345438e-01 9.625361146166008242e-01 5.241643254797894169e-01 4.992929631117923872e-01 5.608570831677415214e-01 3.493682433063948212e-01 8.218704367423369517e-01 7.058415052573222548e-01 4.255565288680794866e-01 1.114169009700022306e-01 1.564308744191323930e-01 8.371594366722491243e-01 1.607573694854551594e-01 1.675949618189682688e-01 6.937645790068335261e-01 6.595821883502517302e-02 7.050262824357157454e-01 7.081826723558162229e-01 9.096124195315191674e-01 5.204156525442539261e-01 7.685571952875669410e-02 5.759573789949373746e-01 8.351741908079961529e-01 4.053332229007932108e-01 4.037253233449741296e-01 1.578813077942217147e-01 3.210905581787810714e-01
3.198503891531024879e-01 2.119954747023664599e-01 2.326360276153530693e-01 8.772260118242786175e-01 2.536921503399189870e-01 9.928790214907318168e-01 8.161519545830940858e-01 3.149894340755721167e-01 6.362307889664314819e-01 4.030364346535922904e-01 7.662286706860317320e-01 5.183338065015147267e-01 4.703457110632990323e-01 5.535088533227658925e-01 7.012854277585202079e-01 2.603831013192843269e-01 1.155559343704436470e-01 0.000000000000000000e+00 7.923917596148648546e-01 7.528348000909496074e-01 4.762838527921332554e-01 4.397643482904339818e-01 7.215508784191956293e-01 5.997525547590552009e-01 1.304083122306032294e-02 7.392682132079084756e-01 8.064541040120606352e-01 5.139888212846766002e-02 8.463954462095041320e-01 2.848013583477957411e-01 3.582257708759951642e-01 6.608918542006578800e-01 8.673765846428826976e-01 8.642771681490964975e-01 9.331550333632852023e-01 8.510266981951436494e-01 9.741904455681836827e-01 3.356384894307695710e-02 4.386990689274131716e-01 3.741885600447237836e-01 1.826114449849063348e-01 4.381057022000635071e-01 8.736558630205247811e-01 9.827081579339831396e-01 6.225596800598454106e-01 5.714016931609029459e-01 3.890616796808485933e-01 6.738133914485537890e-01 8.430403236387442600e-01 8.813595928968437354e-01
1.047957343996921420e-01 4.345128074767472537e-01 8.127072873963204769e-01 7.148061190793152386e-01 6.464659440035953608e-01 7.928936687976563258e-01 1.314154324209448887e-01 6.573295567456578503e-01 5.675532119069903736e-02 6.639635634910081574e-01 4.349582663297804075e-01 9.039459691267245356e-01 2.144888798801347640e-02 3.433809304703969723e-01 3.917719726487098875e-01 4.427750136495549604e-01 8.424928974050529540e-01 7.923917596148648546e-01 0.000000000000000000e+00 1.973808312690628064e-01 8.088260384893488641e-01 9.506270509601030261e-01 9.820237843768406805e-01 6.500449618632888615e-01 7.485077983278350944e-01 5.228807678128255532e-01 5.669835102835223406e-01 8.596786710634030104e-01 3.493113795644182673e-01 8.827331403299073509e-01 4.079639921866550223e-01 8.186686992310097111e-01 8.626856946888064037e-01 7.020187300500171368e-01 5.219909602727949016e-01 6.594615516933084454e-01 5.411463838135354143e-01 4.541456342117253797e-01 1.323158400322488326e-01 7.338196899359961112e-02 6.418419131085899565e-01 1.467598350658027018e-01 3.178954412526446838e-02 4.040185493072238065e-01 7.678836867708014324e-01 2.332791259479600754e-01 5.070504108235098784e-01 2.651348451647445037e-01 3.220085045534598622e-01 1.657352456548096820e-01
5.238632526584896532e-02 3.543071239694032259e-01 4.769928519055673943e-01 7.750311018672770835e-01 5.284004856694081154e-01 2.235482518278578690e-01 4.343629952379776116e-01 1.995671156361215060e-01 6.422836271387633023e-02 6.643384019749818403e-01 2.055252141728558524e-02 5.742462572238041796e-01 9.279509915576389378e-02 1.695153810835472452e-01 2.209709209484828074e-01 1.853870901205738608e-01 8.098510169915210666e-01 7.528348000909496074e-01 1.973808312690628064e-01 0.000000000000000000e+00 7.976023207824166628e-01 7.964569563707226685e-01 3.989103081787882532e-01 2.374463878416221974e-01 6.184641776150342496e-01 9.871584822706164219e-01 2.344735450036766755e-01 4.637986833810409104e-01 3.837327647085994053e-01 8.252007308656134077e-01 7.786137678099396275e-01 8.373985842045672534e-01 7.566125534207059911e-01 6.590508084738434524e-01 8.098859604309399662e-01 2.287393892207629786e-01 9.261204172901108533e-01 7.453845442537108124e-01 6.629048485798204604e-01 3.658609597280825243e-01 4.068784194379104768e-02 1.819397243493534599e-01 9.916917445808017817e-01 9.616060240891193267e-01 1.652328838590677584e-03 3.748760384969499482e-01 7.790619393730466857e-01 5.703149476304132381e-01 9.912080925236342877e-01 4.055074194774580532e-01
8.778350068827174280e-01 4.340558177079713031e-01 3.275304173634636662e-01 1.220777598564365407e-01 8.822691506675597317e-01 9.892478029137014017e-01 2.925564852688341544e-01 3.871849891707945801e-02 1.273501850407874336e-01 2.867608320099055419e-01 1.152048665652789516e-01 9.397489814473743985e-01 3.742796423651159055e-01 4.104153128322785005e-01 4.967648268081045204e-01 4.161453273794319951e-01 8.568620820486120282e-01 4.762838527921332554e-01 8.088260384893488641e-01 7.976023207824166628e-01 0.000000000000000000e+00 1.606200670811701592e-01 9.470725551742117387e-01 3.940920532101266360e-01 4.170140825630358483e-01 4.311352509147950984e-01 7.353492302297426342e-02 5.042802809568200928e-01 4.594073614203102451e-01 8.794719149173542139e-01 7.358986615710765289e-01 8.764543904684954923e-01 4.298354874101963929e-01 6.618880941211848778e-01 3.201301731211413371e-01 9.861470036926693883e-01 8.404312102710465027e-02 3.160450096738185444e-01 3.768962370966412179e-01 8.078183597429139384e-01 1.817659704807718102e-01 3.264273343782500003e-01 5.986533924224328729e-01 5.484150672426291173e-02 4.747928913524798178e-01 3.228820528670960366e-01 7.876598055169958812e-01 3.383599309537934641e-01 3.554407930995913123e-01 7.918872532193107494e-01
4.179900402369932655e-01 4.343943508971269685e-01 3.817079268335952236e-01 2.833186556791515986e-01 6.605619776847736491e-01 7.517870595518425514e-01 4.970660481873292458e-01 4.825702227419529367e-01 9.462800861793663199e-01 3.108497671371334148e-01 6.582360439066405888e-01 9.294576467698579814e-01 8.663504730968243361e-01 9.563824608001514349e-01 6.583339785450021964e-01 2.317241889814556366e-01 1.895896873294976581e-01 4.397643482904339818e-01 9.506270509601030261e-01 7.964569563707226685e-01 1.606200670811701592e-01 0.000000000000000000e+00 3.225171156200731248e-01 2.594069216803818190e-02 5.985689689596082053e-01 7.994549483473886164e-01 9.920696239074746625e-01 6.736801792803268629e-01 3.013772493716496692e-01 8.283494625593441629e-01 6.330201080605043495e-01 5.066695173461536195e-01 8.354526371436351573e-01 4.150394494576645776e-01 9.187422501405162478e-01 2.921562650732120181e-01 3.449339187159169429e-01 3.039375788366426301e-01 2.986723989435323690e-01 9.277666081596295244e-01 1.336359059679705918e-01 7.835637999718620961e-01 9.730512096089937168e-01 9.983814850916170602e-01 2.115751806314195571e-01 2.672945246972685540e-01 8.439128298083750090e-01 9.620052347947403160e-01 1.685311793717393369e-01 2.231643455685361488e-01
6.871782392284522256e-01 2.030226651826105844e-02 6.023778945936318907e-01 2.821492418335436181e-01 1.444000814861988724e-01 3.341434259835444065e-01 2.269681986432304788e-01 5.076800442305806627e-02 4.552906879494016401e-01 6.654032004969751002e-01 2.117425248919851954e-01 3.626193837479336768e-01 4.950915104709241454e-02 1.452230877440341406e-02 7.444764585982155403e-01 3.796903312980037803e-02 3.476942620224603431e-01 7.215508784191956293e-01 9.820237843768406805e-01 3.989103081787882532e-01 9.470725551742117387e-01 3.225171156200731248e-01 0.000000000000000000e+00 7.768103749965052929e-01 3.431963332745751050e-01 3.925737980837056273e-01 7.542134816455463575e-01 6.304672581600548886e-01 5.522110896787607581e-01 4.690701777068104761e-01 8.225045880901210582e-01 7.332436945654792204e-01 9.389008515701323665e-01 4.334344610906333273e-01 3.886839989779307114e-01 9.484379575823775887e-01 1.363227640410724639e-02 4.374444231044195552e-01 7.025029180429677167e-01 3.191222010423950817e-01 6.175645465496266695e-01 8.739157443869182140e-01 5.065925919503664332e-01 9.789933454316527284e-01 4.546422906735807512e-01 5.375893250651353483e-02 5.874914075936911173e-01 5.333553270556996573e-01 3.244443169374220393e-01 1.243817940666877009e-01
8.765491558911683301e-01 2.052138512510853774e-01 8.089488544210072796e-01 9.727396275347579557e-01 8.704751664506906739e-01 3.412436807873272526e-01 2.309737205197470722e-01 5.214498237144964410e-01 4.223948384378019005e-01 9.014198693251672667e-01 7.054521161072025981e-01 9.940939860052323551e-01 1.210020649733205556e-01 1.728530026091019689e-01 9.680655022201178905e-01 1.702190216673127310e-02 3.509729140812345438e-01 5.997525547590552009e-01 6.500449618632888615e-01 2.374463878416221974e-01 3.940920532101266360e-01 2.594069216803818190e-02 7.768103749965052929e-01 0.000000000000000000e+00 2.024535213507315801e-01 9.556654217965625531e-01 8.383941728696852058e-01 8.625245781676356138e-01 4.772662616296052818e-02 4.530673759993660843e-01 6.102077736829221166e-01 5.850141032607018010e-01 6.480939799859595229e-01 7.999815364074354118e-01 5.757393725035980792e-01 3.472892846798311117e-01 8.063556298679448453e-01 7.747946726719544541e-01 7.351752118856076379e-01 2.619388381285793210e-01 1.336806915610359026e-01 8.181440679371945190e-01 7.808411855976155058e-01 9.828404983919946103e-01 5.144847859541736845e-01 2.920206653415978737e-01 3.991425104484609410e-01 4.598312477538502030e-02 1.041917456286711730e-01 3.852661423681300601e-01
5.825032083579333442e-01 3.046816770057829693e-01 5.027717086311188632e-01 1.845728169466155366e-01 4.727417993061807655e-01 7.230930111866952226e-01 3.719532639515642503e-01 2.120429807657778776e-01 1.134541439744273239e-01 9.427241699047321788e-01 1.659270332170688089e-01 1.225672578522285505e-01 3.571619874724503152e-01 2.467814443851475970e-01 3.260749846804046337e-01 1.507917647105279091e-01 9.625361146166008242e-01 1.304083122306032294e-02 7.485077983278350944e-01 6.184641776150342496e-01 4.170140825630358483e-01 5.985689689596082053e-01 3.431963332745751050e-01 2.024535213507315801e-01 0.000000000000000000e+00 2.965005632989222706e-01 7.724830670769267105e-02 8.027564154195298007e-01 3.191013286222043055e-01 9.081600523594004493e-01 7.144142132343700435e-02 9.958944336896111693e-01 4.236650707004107064e-01 4.233542120605341408e-01 5.492756801234256470e-01 5.690188198384951157e-01 8.430718242343023805e-01 6.205724409200610303e-01 5.125556766001876374e-01 7.331104977177427262e-01 7.337562383383418041e-01 4.603926144031067480e-02 3.311335948937113027e-01 5.537178765283625737e-01 9.948161745874173345e-02 2.206845557044661010e-01 8.030913715868073233e-01 7.345156652468477487e-01 5.347395484418543399e-01 8.316918388936992423e-01
5.553316925644313784e-01 3.215676667654554510e-01 7.424988434043863217e-01 1.812505615566604167e-01 3.430167010080792389e-01 7.448148520792499117e-01 1.251844991205539603e-01 8.329516203463694923e-01 5.637013267086460333e-01 1.095600368992880602e-01 5.553469148386191989e-02 8.014354432136164830e-01 2.412240909205376482e-01 1.008165462016363811e-02 5.071867117111806822e-01 9.030111887134303350e-01 5.241643254797894169e-01 7.392682132079084756e-01 5.228807678128255532e-01 9.871584822706164219e-01 4.311352509147950984e-01 7.994549483473886164e-01 3.925737980837056273e-01 9.556654217965625531e-01 2.965005632989222706e-01 0.000000000000000000e+00 4.815809958388759249e-01 5.238678283414152093e-01 8.739065115538791062e-02 8.900873063353450521e-01 7.734503858148875644e-01 5.125793130207476622e-01 5.841387289638729774e-01 1.588987044015826022e-01 9.539731804129276682e-01 6.901235137073324921e-01 4.413776770668190741e-01 2.612535299163980529e-01 1.581227978498607190e-01 3.838584626522976162e-01 4.161917297105854896e-02 7.228676292693959615e-01 2.895800981272667052e-01 7.697554694038352130e-01 4.272661999220724871e-01 2.160310211927422008e-01 1.231513914650294028e-01 6.619612174697643292e-01 2.596686998584689654e-01 6.646204612434659653e-01
1.518319275474236951e-01 4.793238850239895932e-01 9.622991129849356451e-02 1.938155244433785729e-01 2.497666013390449358e-01 3.047350418687488904e-02 4.106523128306995840e-01 8.423400027489524877e-02 3.180396714039419592e-01 3.000980408770714813e-02 5.476519236861937534e-01 9.940111663533162112e-01 5.360486083482794983e-01 4.763168191735933643e-02 7.386537963987047650e-01 8.340784570611593507e-01 4.992929631117923872e-01 8.064541040120606352e-01 5.669835102835223406e-01 2.344735450036766755e-01 7.353492302297426342e-02 9.920696239074746625e-01 7.542134816455463575e-01 8.383941728696852058e-01 7.724830670769267105e-02 4.815809958388759249e-01 0.000000000000000000e+00 8.186660677277691756e-01 7.265012209996649650e-01 5.044604907811598427e-01 8.021963916980966447e-01 4.202635346265511940e-01 6.725979443626576293e-01 6.670508967085849727e-01 5.178113503417863805e-01 9.225452313540581928e-01 6.340287363517732588e-01 7.174413465483561181e-01 1.167322693940989753e-01 8.540980549570944547e-01 2.263669658730949052e-02 6.987580451155130934e-01 9.930631657706837645e-01 2.065736807205230674e-01 3.806997746713390862e-01 9.580744458146310816e-01 6.903710297408962582e-01 9.758016282215332682e-01 9.951439979235598976e-02 5.039313216964907971e-01
2.597335161363757416e-01 5.066553188497106008e-01 6.811662683155794706e-02 1.791223686088253553e-01 2.510852090751158894e-02 7.945069972047548168e-01 1.296624863899065172e-02 4.782067293032671307e-01 1.591531951004854228e-02 2.362967858940987487e-01 8.717953366769665147e-01 2.583598518961615076e-01 4.299742518322242635e-01 4.705134406137739811e-01 2.554762548448460402e-01 6.669903264048794300e-01 5.608570831677415214e-01 5.139888212846766002e-02 8.596786710634030104e-01 4.637986833810409104e-01 5.042802809568200928e-01 6.736801792803268629e-01 6.304672581600548886e-01 8.625245781676356138e-01 8.027564154195298007e-01 5.238678283414152093e-01 8.186660677277691756e-01 0.000000000000000000e+00 2.118079732533935111e-01 1.921901770935429132e-01 5.219840179778689748e-02 1.351112915502016287e-01 4.184681939042015353e-01 8.804925379942458719e-01 8.640964539385443954e-01 7.935911185453248251e-02 2.153842151937794824e-01 3.554442480019917028e-01 5.507496683731701870e-01 7.657283163122363678e-01 4.738520333079964120e-01 2.455654297629015215e-01 1.400095639732003017e-01 1.351452892687151630e-01 8.667636372770548547e-02 4.396488142911409991e-01 1.262250606510463280e-01 1.298994460037510290e-01 8.376019207686312695e-01 9.473996492702899674e-01
5.541928391778043750e-01 4.995872342391821652e-01 6.723255275593926772e-01 4.527531995041744750e-03 3.596207876211419130e-01 8.483045091020605666e-01 4.963865621748961843e-01 2.366311507099605471e-01 5.281731250309507075e-03 8.999971708416328875e-01 2.589359362450053270e-01 1.758711444313736383e-01 8.568952836154687391e-01 8.280448081267279825e-01 5.912197336703293171e-01 2.557842884056267252e-01 3.493682433063948212e-01 8.463954462095041320e-01 3.493113795644182673e-01 3.837327647085994053e-01 4.594073614203102451e-01 3.013772493716496692e-01 5.522110896787607581e-01 4.772662616296052818e-02 3.191013286222043055e-01 8.739065115538791062e-02 7.265012209996649650e-01 2.118079732533935111e-01 0.000000000000000000e+00 4.463786556200689537e-01 4.969894018833401761e-01 6.397082555179672836e-01 4.115428967401009164e-01 6.812225320260413275e-01 5.309853567765042692e-01 3.131070780514855212e-01 8.134595588020574475e-01 9.333025068486329179e-01 9.940938044977726262e-01 9.064307076240595284e-01 9.798021082029929607e-01 8.358015162847558521e-01 6.442528849292529225e-01 6.288048258636128596e-01 8.429395635392744612e-02 6.733329100394900291e-01 1.490104167564305637e-01 4.801342321349041375e-01 4.002344158692946463e-01 9.632344599341186031e-01
9.362686126426421618e-01 1.783018828197548977e-01 4.191226299174451997e-01 6.783088164798418696e-01 8.689298745617461961e-01 2.438347241361823459e-01 1.148547064305527332e-01 6.649602420134496095e-01 4.637942972143974663e-01 3.510434890125124774e-01 5.841410546373489998e-01 5.916967536194370769e-01 5.025354731450761836e-01 4.417872984530832881e-01 3.901446200708952317e-01 4.546753079430629896e-01 8.218704367423369517e-01 2.848013583477957411e-01 8.827331403299073509e-01 8.252007308656134077e-01 8.794719149173542139e-01 8.283494625593441629e-01 4.690701777068104761e-01 4.530673759993660843e-01 9.081600523594004493e-01 8.900873063353450521e-01 5.044604907811598427e-01 1.921901770935429132e-01 4.463786556200689537e-01 0.000000000000000000e+00 4.532944884064169511e-01 1.638913123264134075e-01 4.536746893994774155e-01 8.796288508144874951e-01 3.217136822109923910e-01 7.770435247508081789e-01 6.656893706671380695e-01 3.816255863517907798e-01 8.868893822422494466e-01 9.131889052760320258e-01 9.931983213965408508e-01 6.662859002522628638e-01 6.328486757676856644e-01 2.025815280077194469e-01 6.985766572984093425e-01 3.311395083926642613e-01 6.011692665177359451e-01 7.373656646817845495e-01 3.735716673855199454e-01 3.078271905173131096e-01
4.312112098853725373e-01 3.000722641194125684e-01 1.330538142915349553e-02 7.147168568773699660e-01 4.065032841407544284e-01 3.705694094286144935e-01 8.447930738384521465e-01 8.449998415545270092e-01 3.330948371046532630e-01 4.896030161053332996e-02 7.837091027630866957e-01 4.905547334563573614e-01 8.789793764638896834e-01 1.930942923355427610e-02 8.826222231067955004e-01 3.708417214290644637e-01 7.058415052573222548e-01 3.582257708759951642e-01 4.079639921866550223e-01 7.786137678099396275e-01 7.358986615710765289e-01 6.330201080605043495e-01 8.225045880901210582e-01 6.102077736829221166e-01 7.144142132343700435e-02 7.734503858148875644e-01 8.021963916980966447e-01 5.219840179778689748e-02 4.969894018833401761e-01 4.532944884064169511e-01 0.000000000000000000e+00 5.337090052973373355e-01 5.704969051283080850e-01 2.017885797125239522e-01 2.370174778855005382e-02 2.484310323774688856e-01 9.355879635237116521e-01 4.941429812133757427e-02 2.295566031009365071e-01 1.925067758291865161e-01 5.684376398717143619e-01 1.175684564601131576e-01 6.247331612246417309e-01 7.342416928044845914e-01 5.268564744041595027e-01 9.682751686207492492e-01 7.507592107554601490e-01 9.439451038433369634e-01 3.525913749311876400e-01 6.865740325832743185e-01
