0.000000000000000000e+00 1.292563881611723531e-01 4.358123920783261163e-01 3.648495817768145910e-01 7.016602768228124010e-01 1.913655396143100207e-01
1.292563881611723531e-01 0.000000000000000000e+00 5.633772885295919020e-01 5.609345792630222594e-01 5.965996490892241377e-01 7.231901832745551983e-01
4.358123920783261163e-01 5.633772885295919020e-01 0.000000000000000000e+00 8.861596619724327883e-01 6.685949243209921011e-02 7.377094629133286174e-01
3.648495817768145910e-01 5.609345792630222594e-01 8.861596619724327883e-01 0.000000000000000000e+00 1.927427794547038609e-01 5.480925753295415870e-01
7.016602768228124010e-01 5.965996490892241377e-01 6.685949243209921011e-02 1.927427794547038609e-01 0.000000000000000000e+00 5.623417405510270362e-01
1.913655396143100207e-01 7.231901832745551983e-01 7.377094629133286174e-01 5.480925753295415870e-01 5.623417405510270362e-01 0.000000000000000000e+00
