0.000000000000000000e+00 3.693273237931360420e-02 9.631655161741581317e-03 9.156944448244619394e-01 3.181982118539729010e-01 5.525528445654207532e-01
3.693273237931360420e-02 0.000000000000000000e+00 5.762308019638757717e-01 9.998538507998114833e-01 8.668839655400351063e-01 5.772683845117323465e-01
9.631655161741581317e-03 5.762308019638757717e-01 0.000000000000000000e+00 5.251829955574183195e-02 4.403140039808953743e-01 1.423244965877424884e-01
9.156944448244619394e-01 9.998538507998114833e-01 5.251829955574183195e-02 0.000000000000000000e+00 3.847912702340307023e-01 1.582653209699663721e-01
3.181982118539729010e-01 8.668839655400351063e-01 4.403140039808953743e-01 3.847912702340307023e-01 0.000000000000000000e+00 1.270246960185166252e-01
5.525528445654207532e-01 5.772683845117323465e-01 1.423244965877424884e-01 1.582653209699663721e-01 1.270246960185166252e-01 0.000000000000000000e+00
