0.000000000000000000e+00 9.426686796202667917e-01 5.367199813623818594e-01 3.429763441777966548e-02 9.521963602007028626e-01 8.911647923583230213e-01
9.426686796202667917e-01 0.000000000000000000e+00 3.495173986589026338e-01 8.524197322184161596e-01 2.471432551264480804e-01 5.445505558342063068e-01
5.367199813623818594e-01 3.495173986589026338e-01 0.000000000000000000e+00 2.147886124524742701e-01 2.677353464026109853e-01 3.370958318454575497e-02
3.429763441777966548e-02 8.524197322184161596e-01 2.147886124524742701e-01 0.000000000000000000e+00 1.140354909092075042e-01 2.593785280253434467e-01
9.521963602007028626e-01 2.471432551264480804e-01 2.677353464026109853e-01 1.140354909092075042e-01 0.000000000000000000e+00 3.978430459233198713e-01
8.911647923583230213e-01 5.445505558342063068e-01 3.370958318454575497e-02 2.593785280253434467e-01 3.978430459233198713e-01 0.000000000000000000e+00
