0.000000000000000000e+00 1.032720819624626252e-01 6.915217117466674335e-01 9.864502548137642490e-01 6.893770255544723335e-01 2.222028066181258588e-01
1.032720819624626252e-01 0.000000000000000000e+00 3.456315620367362840e-01 1.419003031824299654e-01 4.957215512569066451e-01 9.310124397259964546e-01
6.915217117466674335e-01 3.456315620367362840e-01 0.000000000000000000e+00 8.407566434809000677e-01 1.255491705038537242e-01 3.232441378913362140e-01
9.864502548137642490e-01 1.419003031824299654e-01 8.407566434809000677e-01 0.000000000000000000e+00 9.662252232362178450e-01 7.688631293122151211e-01
6.893770255544723335e-01 4.957215512569066451e-01 1.255491705038537242e-01 9.662252232362178450e-01 0.000000000000000000e+00 6.778470000332103007e-01
2.222028066181258588e-01 9.310124397259964546e-01 3.232441378913362140e-01 7.688631293122151211e-01 6.778470000332103007e-01 0.000000000000000000e+00
