0.000000000000000000e+00 4.708673859393108785e-01 5.142962890214410887e-01 9.971496456068964509e-01 3.575995453991084316e-01 7.821837473331952895e-01
4.708673859393108785e-01 0.000000000000000000e+00 8.039050644416861902e-01 9.177951244786897167e-02 7.512199848392728807e-01 4.938388949283427642e-01
5.142962890214410887e-01 8.039050644416861902e-01 0.000000000000000000e+00 1.036037731310979204e-02 4.338840487551741676e-01 9.690335357860838661e-01
9.971496456068964509e-01 9.177951244786897167e-02 1.036037731310979204e-02 0.000000000000000000e+00 4.926094498099349295e-01 9.116907453612199674e-02
3.575995453991084316e-01 7.512199848392728807e-01 4.338840487551741676e-01 4.926094498099349295e-01 0.000000000000000000e+00 1.297924850359004623e-01
7.821837473331952895e-01 4.938388949283427642e-01 9.690335357860838661e-01 9.116907453612199674e-02 1.297924850359004623e-01 0.000000000000000000e+00
