0.000000000000000000e+00 1.569807804260976436e-01 5.792754705154844475e-01 6.978604620655902702e-01 1.934136239974915128e-02 1.211438508478316356e-01
1.569807804260976436e-01 0.000000000000000000e+00 6.363698302110500915e-01 1.020739961151916342e-01 6.857883916357390142e-01 3.214643762952965611e-01
5.792754705154844475e-01 6.363698302110500915e-01 0.000000000000000000e+00 4.407637732294389377e-01 2.180987500216339248e-01 5.180347898749432245e-01
6.978604620655902702e-01 1.020739961151916342e-01 4.407637732294389377e-01 0.000000000000000000e+00 9.797982831016668337e-01 2.428449433771262544e-01
1.934136239974915128e-02 6.857883916357390142e-01 2.180987500216339248e-01 9.797982831016668337e-01 0.000000000000000000e+00 7.496101642748831395e-04
1.211438508478316356e-01 3.214643762952965611e-01 5.180347898749432245e-01 2.428449433771262544e-01 7.496101642748831395e-04 0.000000000000000000e+00
