0.000000000000000000e+00 7.138517287686907409e-02 2.330989193357324574e-02 8.967727042561068895e-02 6.718423703642172340e-01 9.039143785122494279e-03 9.009546280726233869e-01
7.138517287686907409e-02 0.000000000000000000e+00 6.854740935236590671e-01 9.168674461179977531e-01 8.531101306070731916e-02 4.923023258991010565e-02 9.812110359671722959e-01
2.330989193357324574e-02 6.854740935236590671e-01 0.000000000000000000e+00 5.475814148648764368e-01 8.912129252486329367e-01 9.004312933565232768e-01 9.624941425596224009e-01
8.967727042561068895e-02 9.168674461179977531e-01 5.475814148648764368e-01 0.000000000000000000e+00 5.609960926455285213e-01 1.700392100075928115e-01 1.377340178162990147e-01
6.718423703642172340e-01 8.531101306070731916e-02 8.912129252486329367e-01 5.609960926455285213e-01 0.000000000000000000e+00 7.864680637490076842e-01 6.372540156289224766e-01
9.039143785122494279e-03 4.923023258991010565e-02 9.004312933565232768e-01 1.700392100075928115e-01 7.864680637490076842e-01 0.000000000000000000e+00 3.090341046876302622e-01
9.009546280726233869e-01 9.812110359671722959e-01 9.624941425596224009e-01 1.377340178162990147e-01 6.372540156289224766e-01 3.090341046876302622e-01 0.000000000000000000e+00
