0.000000000000000000e+00 9.270050702292031986e-03 9.153888249369096508e-01 2.620890300571565579e-02 4.783590221812916710e-01 8.043072414799303793e-01 2.096260429622512911e-01
9.270050702292031986e-03 0.000000000000000000e+00 1.429074423743834643e-01 5.929841107232913799e-01 4.301513944855895888e-01 6.428842356596670138e-01 2.607612406033021912e-01
9.153888249369096508e-01 1.429074423743834643e-01 0.000000000000000000e+00 4.783643870368723405e-01 8.804644442315606723e-01 4.022752317867582805e-01 9.278868853676004447e-01
2.620890300571565579e-02 5.929841107232913799e-01 4.783643870368723405e-01 0.000000000000000000e+00 6.201390308005538810e-01 5.717733279017825909e-01 7.980014166514360907e-01
4.783590221812916710e-01 4.301513944855895888e-01 8.804644442315606723e-01 6.201390308005538810e-01 0.000000000000000000e+00 2.807004157317719573e-01 2.494358515997618930e-01
8.043072414799303793e-01 6.428842356596670138e-01 4.022752317867582805e-01 5.717733279017825909e-01 2.807004157317719573e-01 0.000000000000000000e+00 7.691376665577562832e-01
2.096260429622512911e-01 2.607612406033021912e-01 9.278868853676004447e-01 7.980014166514360907e-01 2.494358515997618930e-01 7.691376665577562832e-01 0.000000000000000000e+00
