0.000000000000000000e+00 3.201213955108076492e-01 6.339883478939545292e-03 7.888552280700141806e-01 7.692603640333408599e-01 2.452016424050872390e-01 7.574834638652959695e-01
3.201213955108076492e-01 0.000000000000000000e+00 1.581668350025473568e-01 8.167472070080784574e-01 2.079261613535651199e-01 7.951234023698687814e-01 8.980286194815111367e-01
6.339883478939545292e-03 1.581668350025473568e-01 0.000000000000000000e+00 5.161152150627474899e-01 5.412089242528475008e-01 4.855108434413677454e-01 8.832822039773100542e-01
7.888552280700141806e-01 8.167472070080784574e-01 5.161152150627474899e-01 0.000000000000000000e+00 4.856094833000940136e-01 7.168598603050175821e-01 5.119715331600187547e-01
7.692603640333408599e-01 2.079261613535651199e-01 5.412089242528475008e-01 4.856094833000940136e-01 0.000000000000000000e+00 4.700148923450702121e-01 2.533234907076878928e-01
2.452016424050872390e-01 7.951234023698687814e-01 4.855108434413677454e-01 7.168598603050175821e-01 4.700148923450702121e-01 0.000000000000000000e+00 2.182477568451733907e-01
7.574834638652959695e-01 8.980286194815111367e-01 8.832822039773100542e-01 5.119715331600187547e-01 2.533234907076878928e-01 2.182477568451733907e-01 0.000000000000000000e+00
