0.000000000000000000e+00 1.198664471147768973e-01 6.920313058315075150e-02 5.129480944629457584e-01 1.526908776517391653e-01 1.005118246284860684e-01 5.293630981931396473e-02
1.198664471147768973e-01 0.000000000000000000e+00 9.139154923238428374e-01 4.425188244484720146e-01 2.376418651287519612e-01 3.148636898899527248e-01 3.104643579657331287e-01
6.920313058315075150e-02 9.139154923238428374e-01 0.000000000000000000e+00 7.467998590776814272e-02 1.357516487637837610e-01 3.326888081259742336e-01 4.706121240464867794e-01
5.129480944629457584e-01 4.425188244484720146e-01 7.467998590776814272e-02 0.000000000000000000e+00 4.136048992942179536e-01 3.905461654263747695e-01 5.068299249464313094e-01
1.526908776517391653e-01 2.376418651287519612e-01 1.357516487637837610e-01 4.136048992942179536e-01 0.000000000000000000e+00 2.895084741685874929e-01 7.976478761147881569e-01
1.005118246284860684e-01 3.148636898899527248e-01 3.326888081259742336e-01 3.905461654263747695e-01 2.895084741685874929e-01 0.000000000000000000e+00 5.805689652469154804e-01
5.293630981931396473e-02 3.104643579657331287e-01 4.706121240464867794e-01 5.068299249464313094e-01 7.976478761147881569e-01 5.805689652469154804e-01 0.000000000000000000e+00
