0.000000000000000000e+00 3.875121059539221591e-02 6.790969070804624419e-01 1.798473388441462761e-01 5.801201899671990514e-01 5.736674437095838908e-01 8.687263143100054652e-02
3.875121059539221591e-02 0.000000000000000000e+00 1.145568192135615337e-01 2.279692996293054552e-01 1.779241110204248244e-01 6.354542592240536303e-01 5.383928267645810006e-02
6.790969070804624419e-01 1.145568192135615337e-01 0.000000000000000000e+00 3.821123755754748386e-01 2.900620806842294508e-01 1.622595106935709186e-02 1.027402995239258265e-01
1.798473388441462761e-01 2.279692996293054552e-01 3.821123755754748386e-01 0.000000000000000000e+00 2.305649951552448673e-01 5.451548997179780365e-01 6.528169793912900198e-01
5.801201899671990514e-01 1.779241110204248244e-01 2.900620806842294508e-01 2.305649951552448673e-01 0.000000000000000000e+00 3.586255032122102060e-01 4.115503551774297719e-01
5.736674437095838908e-01 6.354542592240536303e-01 1.622595106935709186e-02 5.451548997179780365e-01 3.586255032122102060e-01 0.000000000000000000e+00 5.877862770360128275e-01
8.687263143100054652e-02 5.383928267645810006e-02 1.027402995239258265e-01 6.528169793912900198e-01 4.115503551774297719e-01 5.877862770360128275e-01 0.000000000000000000e+00
