0.000000000000000000e+00 1.132174115311007645e-01 8.688805665520811239e-01 2.639452677031761674e-01 1.610586891126424280e-01 9.292654349186411089e-01 1.030833024350594762e-01
1.132174115311007645e-01 0.000000000000000000e+00 3.016305931284194441e-01 7.245054341577018553e-01 7.293354207349922458e-02 1.538932000810644407e-01 5.892996019698432120e-01
8.688805665520811239e-01 3.016305931284194441e-01 0.000000000000000000e+00 1.213174271112065217e-01 1.295178117982482835e-01 7.819012695374860655e-01 3.980577455612049897e-01
2.639452677031761674e-01 7.245054341577018553e-01 1.213174271112065217e-01 0.000000000000000000e+00 5.573509639322429265e-01 8.696207397215106605e-01 7.943819881199324362e-01
1.610586891126424280e-01 7.293354207349922458e-02 1.295178117982482835e-01 5.573509639322429265e-01 0.000000000000000000e+00 7.509669214941545601e-01 4.373173568195420913e-01
9.292654349186411089e-01 1.538932000810644407e-01 7.819012695374860655e-01 8.696207397215106605e-01 7.509669214941545601e-01 0.000000000000000000e+00 4.118708652196503284e-01
1.030833024350594762e-01 5.892996019698432120e-01 3.980577455612049897e-01 7.943819881199324362e-01 4.373173568195420913e-01 4.118708652196503284e-01 0.000000000000000000e+00
