0.000000000000000000e+00 4.319933376563435123e-01 7.369806085687221620e-01 2.165900567868084270e-01 2.812618707646116212e-01 7.788743910613821209e-01 2.153082681272769916e-01
4.319933376563435123e-01 0.000000000000000000e+00 8.496837703230540884e-01 1.571103302187731865e-01 1.191207335133084300e-01 3.468887699168365923e-01 9.625532351099260753e-01
7.369806085687221620e-01 8.496837703230540884e-01 0.000000000000000000e+00 6.894821682165874766e-01 5.864466403159934726e-01 1.831546986699484902e-01 9.336275359408042762e-01
2.165900567868084270e-01 1.571103302187731865e-01 6.894821682165874766e-01 0.000000000000000000e+00 8.391686500153555661e-01 3.111819231379131523e-01 8.750059601412550903e-01
2.812618707646116212e-01 1.191207335133084300e-01 5.864466403159934726e-01 8.391686500153555661e-01 0.000000000000000000e+00 9.184513672154821506e-01 9.708043851898306986e-02
7.788743910613821209e-01 3.468887699168365923e-01 1.831546986699484902e-01 3.111819231379131523e-01 9.184513672154821506e-01 0.000000000000000000e+00 3.804481937701864602e-02
2.153082681272769916e-01 9.625532351099260753e-01 9.336275359408042762e-01 8.750059601412550903e-01 9.708043851898306986e-02 3.804481937701864602e-02 0.000000000000000000e+00
