0.000000000000000000e+00 7.734642130846612895e-01 5.688869374457072858e-02 5.465333840552862865e-01 4.930984121503325657e-01 5.629628116453424536e-01 2.032597493095169572e-01
7.734642130846612895e-01 0.000000000000000000e+00 5.793729417165368600e-01 9.525738605587021901e-01 6.013219643157725613e-01 2.806406896049807864e-01 1.282570589524346660e-01
5.688869374457072858e-02 5.793729417165368600e-01 0.000000000000000000e+00 2.106836279817558832e-03 7.375326782019477889e-01 6.437554069442854576e-01 7.484971404111672166e-01
5.465333840552862865e-01 9.525738605587021901e-01 2.106836279817558832e-03 0.000000000000000000e+00 4.997313718865825649e-01 2.915062242239973012e-01 1.102349283761916432e-01
4.930984121503325657e-01 6.013219643157725613e-01 7.375326782019477889e-01 4.997313718865825649e-01 0.000000000000000000e+00 2.417952040003981118e-01 3.601358137847813223e-01
5.629628116453424536e-01 2.806406896049807864e-01 6.437554069442854576e-01 2.915062242239973012e-01 2.417952040003981118e-01 0.000000000000000000e+00 7.082974162009728625e-01
2.032597493095169572e-01 1.282570589524346660e-01 7.484971404111672166e-01 1.102349283761916432e-01 3.601358137847813223e-01 7.082974162009728625e-01 0.000000000000000000e+00
