0.000000000000000000e+00 4.354097896091755349e-01 8.469132676041987162e-01 2.566660404246279281e-02 9.016607404152811034e-01 7.795783557788749096e-01 8.239667073018860366e-01
4.354097896091755349e-01 0.000000000000000000e+00 5.955367480782576273e-01 9.429455360480694104e-01 6.927114671135981006e-01 7.985220131685240030e-01 4.496937551353419327e-02
8.469132676041987162e-01 5.955367480782576273e-01 0.000000000000000000e+00 8.616089956874116718e-01 4.136407743924199742e-01 1.709985080080239639e-01 1.746776599168048394e-01
2.566660404246279281e-02 9.429455360480694104e-01 8.616089956874116718e-01 0.000000000000000000e+00 7.960412366321809596e-01 1.724393627961762210e-02 1.880774129092669389e-01
9.016607404152811034e-01 6.927114671135981006e-01 4.136407743924199742e-01 7.960412366321809596e-01 0.000000000000000000e+00 9.615564726128287276e-01 2.027297830848251436e-02
7.795783557788749096e-01 7.985220131685240030e-01 1.709985080080239639e-01 1.724393627961762210e-02 9.615564726128287276e-01 0.000000000000000000e+00 9.322473877898151962e-02
8.239667073018860366e-01 4.496937551353419327e-02 1.746776599168048394e-01 1.880774129092669389e-01 2.027297830848251436e-02 9.322473877898151962e-02 0.000000000000000000e+00
