0.000000000000000000e+00 3.037695811053561235e-01 6.454028643349738470e-01 6.446220560869353466e-02 2.885921384718481697e-02 4.041238373821172125e-01 7.799844242729543353e-01 1.371062688270712204e-01
3.037695811053561235e-01 0.000000000000000000e+00 8.528874025836390427e-01 8.415155272198333591e-01 8.384204917264570511e-01 1.439343475667921313e-01 8.619353111679598500e-01 2.567157143979066358e-01
6.454028643349738470e-01 8.528874025836390427e-01 0.000000000000000000e+00 1.022595781740143206e-02 1.450650841180849415e-01 3.033077026175889923e-02 4.831508046911039411e-01 9.294683079127825653e-01
6.446220560869353466e-02 8.415155272198333591e-01 1.022595781740143206e-02 0.000000000000000000e+00 8.815795563824749825e-01 7.959402526549748114e-01 8.944976544724037026e-02 4.707547587230288544e-01
2.885921384718481697e-02 8.384204917264570511e-01 1.450650841180849415e-01 8.815795563824749825e-01 0.000000000000000000e+00 5.011129615944022175e-01 5.360420061001188730e-01 2.211296733902867739e-02
4.041238373821172125e-01 1.439343475667921313e-01 3.033077026175889923e-02 7.959402526549748114e-01 5.011129615944022175e-01 0.000000000000000000e+00 8.572567429914573767e-01 7.998313013846400921e-01
7.799844242729543353e-01 8.619353111679598500e-01 4.831508046911039411e-01 8.944976544724037026e-02 5.360420061001188730e-01 8.572567429914573767e-01 0.000000000000000000e+00 7.897371304559247518e-01
1.371062688270712204e-01 2.567157143979066358e-01 9.294683079127825653e-01 4.707547587230288544e-01 2.211296733902867739e-02 7.998313013846400921e-01 7.897371304559247518e-01 0.000000000000000000e+00
