0.000000000000000000e+00 6.198005479484349767e-01 7.909691636026536798e-01 2.753920640572482537e-01 3.475510287345241478e-01 4.937099532247635203e-02 8.253155397643537894e-01 5.267145531414199056e-01
6.198005479484349767e-01 0.000000000000000000e+00 6.566183243126864078e-01 2.344243414107677337e-01 2.539738272521944173e-01 5.109543320046173731e-01 9.910457772721360525e-01 5.742082458909478770e-01
7.909691636026536798e-01 6.566183243126864078e-01 0.000000000000000000e+00 3.340688361290086172e-01 4.454039950211735599e-01 3.904663868436631935e-01 1.556608832928529917e-01 6.133532948673278140e-01
2.753920640572482537e-01 2.344243414107677337e-01 3.340688361290086172e-01 0.000000000000000000e+00 3.589594173856952564e-01 6.512706852054110929e-01 2.113920641122655208e-01 5.864867724901268176e-02
3.475510287345241478e-01 2.539738272521944173e-01 4.454039950211735599e-01 3.589594173856952564e-01 0.000000000000000000e+00 7.021936446095038420e-01 2.654844436836347743e-01 5.557847249358317532e-01
4.937099532247635203e-02 5.109543320046173731e-01 3.904663868436631935e-01 6.512706852054110929e-01 7.021936446095038420e-01 0.000000000000000000e+00 6.098606311227892096e-01 1.188175377462065141e-01
8.253155397643537894e-01 9.910457772721360525e-01 1.556608832928529917e-01 2.113920641122655208e-01 2.654844436836347743e-01 6.098606311227892096e-01 0.000000000000000000e+00 3.404745119197677417e-01
5.267145531414199056e-01 5.742082458909478770e-01 6.133532948673278140e-01 5.864867724901268176e-02 5.557847249358317532e-01 1.188175377462065141e-01 3.404745119197677417e-01 0.000000000000000000e+00
