0.000000000000000000e+00 1.012598685446653990e-01 3.924469864324273694e-01 7.227616044109622662e-01 7.646318431461909260e-01 2.870414337164676200e-01 7.045234366345677346e-01 5.727274152895197590e-01
1.012598685446653990e-01 0.000000000000000000e+00 8.717647260668376363e-01 2.315288299974002095e-01 5.227366690739152499e-01 9.173093166073846838e-01 2.048545778764268022e-01 1.209054329995717936e-01
3.924469864324273694e-01 8.717647260668376363e-01 0.000000000000000000e+00 4.415888494953487120e-01 6.849188220083256562e-01 5.351555385619635175e-01 5.895525577992318800e-01 4.485792065699586439e-01
7.227616044109622662e-01 2.315288299974002095e-01 4.415888494953487120e-01 0.000000000000000000e+00 4.102621807142026178e-02 9.787210858610351227e-01 2.573593340882176506e-01 5.944892073503209584e-01
7.646318431461909260e-01 5.227366690739152499e-01 6.849188220083256562e-01 4.102621807142026178e-02 0.000000000000000000e+00 7.495541103018470430e-01 2.710984504799919259e-01 4.703138331130218841e-01
2.870414337164676200e-01 9.173093166073846838e-01 5.351555385619635175e-01 9.787210858610351227e-01 7.495541103018470430e-01 0.000000000000000000e+00 1.047838234957778614e-01 2.396178585384967086e-02
7.045234366345677346e-01 2.048545778764268022e-01 5.895525577992318800e-01 2.573593340882176506e-01 2.710984504799919259e-01 1.047838234957778614e-01 0.000000000000000000e+00 6.141272941636910510e-01
5.727274152895197590e-01 1.209054329995717936e-01 4.485792065699586439e-01 5.944892073503209584e-01 4.703138331130218841e-01 2.396178585384967086e-02 6.141272941636910510e-01 0.000000000000000000e+00
