0.000000000000000000e+00 5.842012614283679239e-01 9.141681814276710893e-01 8.581335203955158253e-01 3.213103408643835923e-01 7.590138568912317973e-01 1.899692334380638226e-01 3.340783650571110819e-03
5.842012614283679239e-01 0.000000000000000000e+00 5.197686769328216938e-01 3.645489319645524029e-01 9.898486608173574508e-01 3.658265137567335845e-01 9.096782082169910799e-01 6.490105801665918550e-01
9.141681814276710893e-01 5.197686769328216938e-01 0.000000000000000000e+00 7.902036352170647149e-01 3.288689307967301856e-01 4.161332410841479534e-01 4.106730770016360221e-01 7.714420895782903020e-02
8.581335203955158253e-01 3.645489319645524029e-01 7.902036352170647149e-01 0.000000000000000000e+00 4.830063993180944149e-02 9.338908825842756611e-01 9.498617266264677284e-01 3.883167243401253188e-01
3.213103408643835923e-01 9.898486608173574508e-01 3.288689307967301856e-01 4.830063993180944149e-02 0.000000000000000000e+00 2.107607655246603873e-01 4.850554093670850220e-01 9.835049531647835908e-01
7.590138568912317973e-01 3.658265137567335845e-01 4.161332410841479534e-01 9.338908825842756611e-01 2.107607655246603873e-01 0.000000000000000000e+00 7.901379681916148590e-01 5.240277387652821917e-01
1.899692334380638226e-01 9.096782082169910799e-01 4.106730770016360221e-01 9.498617266264677284e-01 4.850554093670850220e-01 7.901379681916148590e-01 0.000000000000000000e+00 4.340683546603820719e-01
3.340783650571110819e-03 6.490105801665918550e-01 7.714420895782903020e-02 3.883167243401253188e-01 9.835049531647835908e-01 5.240277387652821917e-01 4.340683546603820719e-01 0.000000000000000000e+00
