0.000000000000000000e+00 3.014388342496718831e-01 2.187308578143206672e-01 8.436592059269466537e-01 3.264199079444424223e-01 7.162970518631592842e-01 3.972143197539961257e-01 7.591972863396521110e-01
3.014388342496718831e-01 0.000000000000000000e+00 1.885465869752399604e-01 2.159642247401651893e-01 3.014745484553112975e-01 3.356678206703956890e-01 1.338701112547882044e-01 8.024276066952078512e-01
2.187308578143206672e-01 1.885465869752399604e-01 0.000000000000000000e+00 1.046640275006813781e-01 6.110969759621356356e-01 3.591683949045937352e-01 8.169517434258886102e-01 1.777601376653826781e-01
8.436592059269466537e-01 2.159642247401651893e-01 1.046640275006813781e-01 0.000000000000000000e+00 4.727505741976091302e-01 9.008564104009331164e-02 7.788135427237138364e-01 3.943139601105791758e-01
3.264199079444424223e-01 3.014745484553112975e-01 6.110969759621356356e-01 4.727505741976091302e-01 0.000000000000000000e+00 2.013107386435701862e-01 6.138143952188968022e-02 9.612962803659467204e-01
7.162970518631592842e-01 3.356678206703956890e-01 3.591683949045937352e-01 9.008564104009331164e-02 2.013107386435701862e-01 0.000000000000000000e+00 5.771100334076277871e-01 7.120909843224634272e-01
3.972143197539961257e-01 1.338701112547882044e-01 8.169517434258886102e-01 7.788135427237138364e-01 6.138143952188968022e-02 5.771100334076277871e-01 0.000000000000000000e+00 1.726355741372399555e-01
7.591972863396521110e-01 8.024276066952078512e-01 1.777601376653826781e-01 3.943139601105791758e-01 9.612962803659467204e-01 7.120909843224634272e-01 1.726355741372399555e-01 0.000000000000000000e+00
