0.000000000000000000e+00 6.103412615911496530e-02 7.666331327658298944e-01 8.555701037518426144e-01 6.617161912102260679e-01 1.905288493300608677e-01 4.850537528706425627e-01 8.714644800400130897e-01
6.103412615911496530e-02 0.000000000000000000e+00 4.596810494862990648e-02 4.895141198343120337e-01 6.353062220697692775e-01 4.894510721607900905e-01 7.600566923783690365e-01 2.111519692441441443e-01
7.666331327658298944e-01 4.596810494862990648e-02 0.000000000000000000e+00 6.459539121899352532e-01 3.322507305107124109e-01 2.063302086817598857e-01 9.254996793669708621e-01 8.523005693146555872e-01
8.555701037518426144e-01 4.895141198343120337e-01 6.459539121899352532e-01 0.000000000000000000e+00 9.458984004127068967e-02 7.193121565042885912e-01 5.628386287266767818e-01 5.062183558278442463e-01
6.617161912102260679e-01 6.353062220697692775e-01 3.322507305107124109e-01 9.458984004127068967e-02 0.000000000000000000e+00 9.129203908147864865e-03 9.749091993160987624e-01 2.108028669101483787e-01
1.905288493300608677e-01 4.894510721607900905e-01 2.063302086817598857e-01 7.193121565042885912e-01 9.129203908147864865e-03 0.000000000000000000e+00 2.620306329384544108e-01 6.916365135894847471e-01
4.850537528706425627e-01 7.600566923783690365e-01 9.254996793669708621e-01 5.628386287266767818e-01 9.749091993160987624e-01 2.620306329384544108e-01 0.000000000000000000e+00 7.354542862714994467e-01
8.714644800400130897e-01 2.111519692441441443e-01 8.523005693146555872e-01 5.062183558278442463e-01 2.108028669101483787e-01 6.916365135894847471e-01 7.354542862714994467e-01 0.000000000000000000e+00
