0.000000000000000000e+00 6.665453481711600681e-01 1.048398874840107409e-01 4.728915027518012515e-01 6.525417697065460931e-01 1.913630933517215249e-01 7.063413039461975407e-01 3.009983238829690988e-01
6.665453481711600681e-01 0.000000000000000000e+00 8.038738670217251414e-01 6.944175107759786858e-01 6.021620319249336717e-01 3.712667439292166582e-01 6.631955485998342059e-01 1.032831321800191660e-01
1.048398874840107409e-01 8.038738670217251414e-01 0.000000000000000000e+00 9.155492763322560235e-01 6.517457389634372378e-01 3.052160665461874922e-01 3.019096420290323657e-02 2.723561526647005904e-01
4.728915027518012515e-01 6.944175107759786858e-01 9.155492763322560235e-01 0.000000000000000000e+00 9.377639579030815353e-01 9.407158041911514168e-01 8.724876492704631836e-01 3.917440129299598617e-01
6.525417697065460931e-01 6.021620319249336717e-01 6.517457389634372378e-01 9.377639579030815353e-01 0.000000000000000000e+00 3.776582150970561047e-01 7.573651021219099944e-01 5.947007839595926937e-01
1.913630933517215249e-01 3.712667439292166582e-01 3.052160665461874922e-01 9.407158041911514168e-01 3.776582150970561047e-01 0.000000000000000000e+00 5.723862078214456695e-01 6.701442025783563849e-01
7.063413039461975407e-01 6.631955485998342059e-01 3.019096420290323657e-02 8.724876492704631836e-01 7.573651021219099944e-01 5.723862078214456695e-01 0.000000000000000000e+00 9.737586773920169358e-01
3.009983238829690988e-01 1.032831321800191660e-01 2.723561526647005904e-01 3.917440129299598617e-01 5.947007839595926937e-01 6.701442025783563849e-01 9.737586773920169358e-01 0.000000000000000000e+00
