0.000000000000000000e+00 5.648007079847532363e-01 9.242327356515859238e-01 9.173010207126176541e-01 6.218399279969710758e-02 4.444024781966149362e-03 3.361915285516884344e-01 7.659111085300462918e-02 6.741877080776755848e-01
5.648007079847532363e-01 0.000000000000000000e+00 1.503379971304062979e-01 8.438433895783750138e-01 3.943209342423799058e-01 7.355219751538911721e-01 8.442756479937268965e-01 1.261210774587250283e-01 7.038235824147467401e-01
9.242327356515859238e-01 1.503379971304062979e-01 0.000000000000000000e+00 7.644376213822021704e-01 7.567257801916511539e-01 4.568572617025500326e-01 8.409756850371939985e-01 3.594032791001143812e-01 9.094558306281808058e-03
9.173010207126176541e-01 8.438433895783750138e-01 7.644376213822021704e-01 0.000000000000000000e+00 3.107670519624702310e-01 9.824616126164780194e-01 3.477455211392148637e-01 4.540667270165134051e-01 5.130217382453869934e-01
6.218399279969710758e-02 3.943209342423799058e-01 7.567257801916511539e-01 3.107670519624702310e-01 0.000000000000000000e+00 3.024545561046997344e-01 7.212474451465602510e-01 4.196967089914660498e-01 5.997628501480284369e-01
4.444024781966149362e-03 7.355219751538911721e-01 4.568572617025500326e-01 9.824616126164780194e-01 3.024545561046997344e-01 0.000000000000000000e+00 5.796845311360984132e-01 5.930264706330384827e-01 1.611386787672889342e-01
3.361915285516884344e-01 8.442756479937268965e-01 8.409756850371939985e-01 3.477455211392148637e-01 7.212474451465602510e-01 5.796845311360984132e-01 0.000000000000000000e+00 4.399174797449422192e-01 1.392902503341710840e-01
7.659111085300462918e-02 1.261210774587250283e-01 3.594032791001143812e-01 4.540667270165134051e-01 4.196967089914660498e-01 5.930264706330384827e-01 4.399174797449422192e-01 0.000000000000000000e+00 9.435957380933128746e-01
6.741877080776755848e-01 7.038235824147467401e-01 9.094558306281808058e-03 5.130217382453869934e-01 5.997628501480284369e-01 1.611386787672889342e-01 1.392902503341710840e-01 9.435957380933128746e-01 0.000000000000000000e+00
