0.000000000000000000e+00 7.358359374262708474e-01 5.935846561779397623e-01 7.292760169732607212e-01 9.877079856014964188e-01 2.638437273711530251e-01 7.424980649233647867e-02 6.330401376518141054e-01 6.085434552417929854e-01
7.358359374262708474e-01 0.000000000000000000e+00 5.206637844141205340e-01 7.098220904349602511e-01 7.993392305341046056e-01 9.303193412947405871e-01 9.065446886717243302e-02 5.952771736658614143e-01 8.166157117127494924e-01
5.935846561779397623e-01 5.206637844141205340e-01 0.000000000000000000e+00 5.118106452756765457e-01 6.341782259382098275e-01 3.390750052794975211e-01 2.171953752158756190e-01 2.084889156810525446e-01 3.486386917031986110e-01
7.292760169732607212e-01 7.098220904349602511e-01 5.118106452756765457e-01 0.000000000000000000e+00 9.290244689937788847e-01 1.128170407594955016e-01 3.162927772171056917e-01 1.441723788447879517e-01 6.461498968621270933e-01
9.877079856014964188e-01 7.993392305341046056e-01 6.341782259382098275e-01 9.290244689937788847e-01 0.000000000000000000e+00 9.084521391269967383e-01 1.328525334832556526e-01 8.820419225207941638e-01 2.621333900340735434e-01
2.638437273711530251e-01 9.303193412947405871e-01 3.390750052794975211e-01 1.128170407594955016e-01 9.084521391269967383e-01 0.000000000000000000e+00 3.962520730416960735e-01 4.093415618482552087e-01 4.118931866663186891e-01
7.424980649233647867e-02 9.065446886717243302e-02 2.171953752158756190e-01 3.162927772171056917e-01 1.328525334832556526e-01 3.962520730416960735e-01 0.000000000000000000e+00 4.580794691977990718e-01 3.056706539626691255e-01
6.330401376518141054e-01 5.952771736658614143e-01 2.084889156810525446e-01 1.441723788447879517e-01 8.820419225207941638e-01 4.093415618482552087e-01 4.580794691977990718e-01 0.000000000000000000e+00 8.279173347693775664e-01
6.085434552417929854e-01 8.166157117127494924e-01 3.486386917031986110e-01 6.461498968621270933e-01 2.621333900340735434e-01 4.118931866663186891e-01 3.056706539626691255e-01 8.279173347693775664e-01 0.000000000000000000e+00
