0.000000000000000000e+00 6.696412402457990742e-01 8.780908033990220130e-01 7.237341704062808523e-01 7.274333488969852990e-01 9.402417534101398244e-01 2.847542390792902056e-01 6.150264537051489677e-01 4.464624849928119366e-01
6.696412402457990742e-01 0.000000000000000000e+00 1.938375322667239553e-01 8.282131905843511666e-01 2.838356974004966338e-01 9.091547995788095138e-01 6.981348309455392975e-02 4.197823697638950469e-01 8.624712223614851014e-01
8.780908033990220130e-01 1.938375322667239553e-01 0.000000000000000000e+00 6.442744161649253121e-01 6.827702012810217269e-01 5.980634738571928288e-01 7.263037686238226209e-01 2.840762892830106523e-02 7.188110943229474303e-01
7.237341704062808523e-01 8.282131905843511666e-01 6.442744161649253121e-01 0.000000000000000000e+00 9.000940285140082153e-01 2.561957112043432572e-01 1.632788539096970970e-01 9.899894739004487798e-01 9.345329129949634384e-01
7.274333488969852990e-01 2.838356974004966338e-01 6.827702012810217269e-01 9.000940285140082153e-01 0.000000000000000000e+00 3.282534862950031718e-01 8.961248775856345272e-01 5.721971745386457142e-01 7.130464153070656952e-01
9.402417534101398244e-01 9.091547995788095138e-01 5.980634738571928288e-01 2.561957112043432572e-01 3.282534862950031718e-01 0.000000000000000000e+00 2.112915659794917245e-01 2.369549952675481519e-01 9.209194457134577405e-01
2.847542390792902056e-01 6.981348309455392975e-02 7.263037686238226209e-01 1.632788539096970970e-01 8.961248775856345272e-01 2.112915659794917245e-01 0.000000000000000000e+00 2.604702698849192810e-02 5.193671545749700691e-01
6.150264537051489677e-01 4.197823697638950469e-01 2.840762892830106523e-02 9.899894739004487798e-01 5.721971745386457142e-01 2.369549952675481519e-01 2.604702698849192810e-02 0.000000000000000000e+00 7.431955614871312843e-01
4.464624849928119366e-01 8.624712223614851014e-01 7.188110943229474303e-01 9.345329129949634384e-01 7.130464153070656952e-01 9.209194457134577405e-01 5.193671545749700691e-01 7.431955614871312843e-01 0.000000000000000000e+00
