0.000000000000000000e+00 4.790227937029688521e-01 7.359247257460211911e-01 7.043672791477839645e-01 8.602668604114351858e-01 4.051049772342506516e-01 6.804872799214207735e-01 9.525581549000931014e-01 5.462805879800254338e-01
4.790227937029688521e-01 0.000000000000000000e+00 9.038678544600893261e-01 1.146190989520923242e-02 7.966419099410561033e-01 7.154745541489261340e-01 4.432969266446445955e-01 8.007389072059104551e-01 7.503062852460912202e-01
7.359247257460211911e-01 9.038678544600893261e-01 0.000000000000000000e+00 3.597975854907027315e-01 3.118906700243699870e-01 9.763621418654999662e-02 1.079701292209866992e-01 4.760548526873111808e-01 1.719435433489790999e-02
7.043672791477839645e-01 1.146190989520923242e-02 3.597975854907027315e-01 0.000000000000000000e+00 2.389937747978043703e-02 4.319296395847420644e-01 4.418870245779752404e-01 4.724883050358874570e-01 9.934125599164013165e-01
8.602668604114351858e-01 7.966419099410561033e-01 3.118906700243699870e-01 2.389937747978043703e-02 0.000000000000000000e+00 3.572697318174361536e-01 9.123727695370115187e-01 5.432379690678579287e-02 2.667415316935890512e-01
4.051049772342506516e-01 7.154745541489261340e-01 9.763621418654999662e-02 4.319296395847420644e-01 3.572697318174361536e-01 0.000000000000000000e+00 2.656488420478808621e-01 9.891549814158587806e-01 7.339114490361853260e-01
6.804872799214207735e-01 4.432969266446445955e-01 1.079701292209866992e-01 4.418870245779752404e-01 9.123727695370115187e-01 2.656488420478808621e-01 0.000000000000000000e+00 1.088096206506641295e-01 8.320708483586470861e-01
9.525581549000931014e-01 8.007389072059104551e-01 4.760548526873111808e-01 4.724883050358874570e-01 5.432379690678579287e-02 9.891549814158587806e-01 1.088096206506641295e-01 0.000000000000000000e+00 2.326177478468238746e-01
5.462805879800254338e-01 7.503062852460912202e-01 1.719435433489790999e-02 9.934125599164013165e-01 2.667415316935890512e-01 7.339114490361853260e-01 8.320708483586470861e-01 2.326177478468238746e-01 0.000000000000000000e+00
