0.000000000000000000e+00 8.195739177865249969e-01 3.232233271068342129e-01 3.778588480483681122e-01 8.313073176538254838e-01 9.752441428066366269e-01 5.984910753393035687e-01 7.701632705380834221e-02 3.873470246643258008e-01
8.195739177865249969e-01 0.000000000000000000e+00 1.826771772683671857e-01 5.716557877656690545e-01 1.053407461554319857e-01 2.354727278158121884e-01 6.346767935365924540e-01 6.751289157915031369e-01 3.752699786664803749e-01
3.232233271068342129e-01 1.826771772683671857e-01 0.000000000000000000e+00 9.667112795404951830e-01 6.565618279014127090e-01 4.639105303127207813e-01 1.696840153979907173e-01 3.924506246931029896e-01 2.391555659752884200e-01
3.778588480483681122e-01 5.716557877656690545e-01 9.667112795404951830e-01 0.000000000000000000e+00 5.257678628585883418e-01 4.213138777042136907e-01 5.491359783650078263e-01 6.208542958563445513e-02 5.908541340578544743e-01
8.313073176538254838e-01 1.053407461554319857e-01 6.565618279014127090e-01 5.257678628585883418e-01 0.000000000000000000e+00 7.090535422736242710e-01 4.882025415425261805e-02 9.087181137843938217e-01 8.622319646478179278e-01
9.752441428066366269e-01 2.354727278158121884e-01 4.639105303127207813e-01 4.213138777042136907e-01 7.090535422736242710e-01 0.000000000000000000e+00 3.733091356586465404e-01 6.831398450209946738e-02 6.179461613759718031e-01
5.984910753393035687e-01 6.346767935365924540e-01 1.696840153979907173e-01 5.491359783650078263e-01 4.882025415425261805e-02 3.733091356586465404e-01 0.000000000000000000e+00 9.768838393507633944e-01 1.712972494808909785e-01
7.701632705380834221e-02 6.751289157915031369e-01 3.924506246931029896e-01 6.208542958563445513e-02 9.087181137843938217e-01 6.831398450209946738e-02 9.768838393507633944e-01 0.000000000000000000e+00 5.751855423961921288e-01
3.873470246643258008e-01 3.752699786664803749e-01 2.391555659752884200e-01 5.908541340578544743e-01 8.622319646478179278e-01 6.179461613759718031e-01 1.712972494808909785e-01 5.751855423961921288e-01 0.000000000000000000e+00
