0.000000000000000000e+00 5.491408913015438653e-02 2.663938554859685004e-01 1.810053972613104856e-01 5.987117159548989154e-01 1.704403565470329340e-01 4.314350649274585336e-01 5.066073978484652018e-01 8.611209943629378749e-01
5.491408913015438653e-02 0.000000000000000000e+00 4.825827567903506754e-01 2.962649913997544848e-01 9.989571674555283165e-01 3.398999604911348005e-01 1.625512853147718095e-01 8.843384514381361639e-01 3.132871619097584714e-01
2.663938554859685004e-01 4.825827567903506754e-01 0.000000000000000000e+00 4.577326732395663456e-01 3.427513762922654861e-01 2.299922907137060824e-01 8.297563239240053345e-01 9.722766288974672433e-01 7.053455446547385321e-01
1.810053972613104856e-01 2.962649913997544848e-01 4.577326732395663456e-01 0.000000000000000000e+00 2.833508340013667359e-01 8.823316601257469305e-02 5.676330617448277494e-02 6.223853174830484836e-01 5.645757405830564846e-01
5.987117159548989154e-01 9.989571674555283165e-01 3.427513762922654861e-01 2.833508340013667359e-01 0.000000000000000000e+00 3.710283750069969244e-01 5.742651022954776696e-01 4.793451802850513532e-01 5.907232950525891368e-01
1.704403565470329340e-01 3.398999604911348005e-01 2.299922907137060824e-01 8.823316601257469305e-02 3.710283750069969244e-01 0.000000000000000000e+00 3.660544773755355363e-01 4.558374383027280485e-01 3.898336936202972947e-02
4.314350649274585336e-01 1.625512853147718095e-01 8.297563239240053345e-01 5.676330617448277494e-02 5.742651022954776696e-01 3.660544773755355363e-01 0.000000000000000000e+00 8.088915124076662133e-01 9.790681294109654376e-01
5.066073978484652018e-01 8.843384514381361639e-01 9.722766288974672433e-01 6.223853174830484836e-01 4.793451802850513532e-01 4.558374383027280485e-01 8.088915124076662133e-01 0.000000000000000000e+00 6.058656673439696272e-01
8.611209943629378749e-01 3.132871619097584714e-01 7.053455446547385321e-01 5.645757405830564846e-01 5.907232950525891368e-01 3.898336936202972947e-02 9.790681294109654376e-01 6.058656673439696272e-01 0.000000000000000000e+00
