0.000000000000000000e+00 3.196854141534154481e-01 1.190647845915059344e-01 5.590225001837931806e-01 5.971253732816994564e-02 1.734294931485769187e-02 5.001857192308967193e-01 7.202051982880138814e-01 3.836889078681665621e-01
3.196854141534154481e-01 0.000000000000000000e+00 9.770665397150676279e-01 6.495808257561824783e-01 9.648599783510319883e-01 9.600672749803604855e-01 5.713674285699666955e-01 8.116964707079125096e-01 3.695293122836174060e-01
1.190647845915059344e-01 9.770665397150676279e-01 0.000000000000000000e+00 3.400106756828703558e-01 1.503687270866170822e-01 4.761176372504475340e-01 2.877597628121103535e-01 6.499507035897467144e-01 7.681611281543112568e-01
5.590225001837931806e-01 6.495808257561824783e-01 3.400106756828703558e-01 0.000000000000000000e+00 2.012219386554199296e-01 9.569210842927533545e-01 3.434030197587546462e-01 6.183489143968348145e-01 7.375217761386866355e-01
5.971253732816994564e-02 9.648599783510319883e-01 1.503687270866170822e-01 2.012219386554199296e-01 0.000000000000000000e+00 7.569221821489957591e-02 7.897887059931041343e-02 9.514395379296858302e-01 7.895923354615448364e-01
1.734294931485769187e-02 9.600672749803604855e-01 4.761176372504475340e-01 9.569210842927533545e-01 7.569221821489957591e-02 0.000000000000000000e+00 5.391203976646173901e-01 9.269105781600101013e-01 1.276321701515468199e-01
5.001857192308967193e-01 5.713674285699666955e-01 2.877597628121103535e-01 3.434030197587546462e-01 7.897887059931041343e-02 5.391203976646173901e-01 0.000000000000000000e+00 5.008888644774852628e-01 5.147365880983502118e-01
7.202051982880138814e-01 8.116964707079125096e-01 6.499507035897467144e-01 6.183489143968348145e-01 9.514395379296858302e-01 9.269105781600101013e-01 5.008888644774852628e-01 0.000000000000000000e+00 9.821489306204175262e-01
3.836889078681665621e-01 3.695293122836174060e-01 7.681611281543112568e-01 7.375217761386866355e-01 7.895923354615448364e-01 1.276321701515468199e-01 5.147365880983502118e-01 9.821489306204175262e-01 0.000000000000000000e+00
