0.000000000000000000e+00 4.252702044560354722e-01 7.999475386012644407e-03 8.122950500586970657e-01 4.650592559699467943e-01 3.575799437977603690e-01 3.540229266447976197e-01 8.236238067383050421e-01 9.598406545195906636e-01
4.252702044560354722e-01 0.000000000000000000e+00 8.427892066384768954e-01 9.227500064063824947e-01 2.520750494590916491e-01 6.719691104472789167e-01 6.580852996984343228e-01 4.859861956103629366e-01 8.987674641793946817e-01
7.999475386012644407e-03 8.427892066384768954e-01 0.000000000000000000e+00 1.489241065108425355e-01 9.235565924756485856e-01 2.709899344345400030e-01 8.041477284531373115e-01 7.797890573521099045e-01 3.552655640118833613e-01
8.122950500586970657e-01 9.227500064063824947e-01 1.489241065108425355e-01 0.000000000000000000e+00 5.423411934694736258e-01 5.875011476051453796e-01 6.496792103043627087e-01 2.966646801248628007e-01 4.124652254244861593e-01
4.650592559699467943e-01 2.520750494590916491e-01 9.235565924756485856e-01 5.423411934694736258e-01 0.000000000000000000e+00 8.727539608952996630e-01 5.263106317133005030e-01 8.649006760793439552e-01 9.198638422945843995e-01
3.575799437977603690e-01 6.719691104472789167e-01 2.709899344345400030e-01 5.875011476051453796e-01 8.727539608952996630e-01 0.000000000000000000e+00 4.068551638453644648e-01 5.019631561925246288e-01 2.244172222862811372e-01
3.540229266447976197e-01 6.580852996984343228e-01 8.041477284531373115e-01 6.496792103043627087e-01 5.263106317133005030e-01 4.068551638453644648e-01 0.000000000000000000e+00 5.721104203137366007e-01 9.161562630740223145e-01
8.236238067383050421e-01 4.859861956103629366e-01 7.797890573521099045e-01 2.966646801248628007e-01 8.649006760793439552e-01 5.019631561925246288e-01 5.721104203137366007e-01 0.000000000000000000e+00 8.738216243718840426e-01
9.598406545195906636e-01 8.987674641793946817e-01 3.552655640118833613e-01 4.124652254244861593e-01 9.198638422945843995e-01 2.244172222862811372e-01 9.161562630740223145e-01 8.738216243718840426e-01 0.000000000000000000e+00
